# Body pose sequence format version 1.0 defined by cnoid-Robotics

type: PoseSeq
name: "heel-toe-contact"
targetBody: "JAXON_JVRC"
refs: 
  - 
    time: 0
    refer: 
      type: Pose
      name: ""
      joints: [ 
        0, 1, 2, 3, 4, 5, 6, 7, 8, 9, 
        10, 11, 12, 13, 14, 15, 16, 17, 18, 19, 
        20, 21, 22, 23, 24, 25, 26, 27, 28, 29, 
        30, 31, 32, 33, 34, 35, 36 ]
      q: [ 
        0, 0, -0.34906585, 0.698131701, -0.34906585, 0, 0, 0, -0.34906585, 0.698131701, 
        -0.34906585, 0, 0, 0, 0, 0, 0, 0, 0.698131701, -0.34906585, 
        -0.0872664626, -1.3962634, 0, 0, -0.34906585, 0, 0.698131701, 0.34906585, 0.0872664626, -1.3962634, 
        0, 0, -0.34906585, 0, 0, 0, 0 ]
      ikLinks: 
        - 
          name: WAIST
          index: 0
          isBaseLink: true
          translation: [ 0, 0, 0.9762 ]
          rotation: [ 
            1, 1.01516018e-14, 6.72795153e-14, 
            -1.01516018e-14, 1, 7.91033905e-14, 
            -6.72795153e-14, -7.91033905e-14, 1 ]
        - 
          name: LARM_JOINT7
          index: 14
          translation: [ 0.0198425732, 0.371456088, 0.975714795 ]
          rotation: [ 
            0.459003031, 0.152244556, -0.875292987, 
            -0.351045806, 0.936116807, -0.0212641954, 
            0.816139118, 0.317028262, 0.483125264 ]
        - 
          name: RARM_JOINT7
          index: 24
          translation: [ 0.0198425732, -0.371456088, 0.975714795 ]
          rotation: [ 
            0.459003031, -0.152244556, -0.875292987, 
            0.351045806, 0.936116807, 0.0212641954, 
            0.816139118, -0.317028262, 0.483125264 ]
        - 
          name: LLEG_JOINT5
          index: 32
          translation: [ -3.9714115e-10, 0.1, 0.0995336082 ]
          rotation: [ 
            1, 1.01516018e-14, 1.00006731e-09, 
            -1.01516019e-14, 1, 7.91033905e-14, 
            -1.00006731e-09, -7.91033905e-14, 1 ]
          isTouching: true
          partingDirection: [ 0, 0, 1 ]
          contactPoints: 
            - [ -0.0995, -0.0474211, -0.0995336 ]
            - [ -0.0995, -0.055, -0.0995336 ]
            - [ -0.02725, -0.055, -0.0995336 ]
            - [ -0.0995, 0.075, -0.0995336 ]
            - [ -0.0995, -0.0474211, -0.0995336 ]
            - [ -0.0860912, 0.075, -0.0995336 ]
            - [ -0.0995, 0.075, -0.0995336 ]
            - [ 0.1305, 0.0489606, -0.0995336 ]
            - [ 0.1305, 0.075, -0.0995336 ]
            - [ -0.0860912, 0.075, -0.0995336 ]
            - [ 0.1305, 0.0674211, -0.0995336 ]
            - [ 0.1305, 0.075, -0.0995336 ]
            - [ 0.0810456, -0.055, -0.0995336 ]
            - [ 0.117091, -0.055, -0.0995336 ]
            - [ 0.1305, -0.055, -0.0995336 ]
            - [ 0.1305, -0.0122499, -0.0995336 ]
        - 
          name: RLEG_JOINT5
          index: 38
          translation: [ -3.97143204e-10, -0.1, 0.0995336082 ]
          rotation: [ 
            1, 1.01516018e-14, 1.00006731e-09, 
            -1.01516019e-14, 1, 7.91033905e-14, 
            -1.00006731e-09, -7.91033905e-14, 1 ]
          isTouching: true
          partingDirection: [ 0, 0, 1 ]
          contactPoints: 
            - [ -0.0995, 0.0277499, -0.0995336 ]
            - [ -0.0860912, 0.055, -0.0995336 ]
            - [ -0.0995, 0.055, -0.0995336 ]
            - [ -0.0655456, 0.055, -0.0995336 ]
            - [ -0.0995, -0.0674211, -0.0995336 ]
            - [ -0.0995, -0.075, -0.0995336 ]
            - [ -0.0995, -0.075, -0.0995336 ]
            - [ 0.117091, -0.075, -0.0995336 ]
            - [ -0.0995, -0.0334606, -0.0995336 ]
            - [ 0.117091, -0.075, -0.0995336 ]
            - [ 0.1305, -0.075, -0.0995336 ]
            - [ 0.1305, -0.075, -0.0995336 ]
            - [ 0.1305, 0.0474211, -0.0995336 ]
            - [ 0.04275, 0.055, -0.0995336 ]
            - [ 0.1305, 0.0474211, -0.0995336 ]
            - [ 0.1305, 0.055, -0.0995336 ]
  - 
    time: 1
    refer: 
      type: Pose
      name: ""
      joints: [ 
        0, 1, 2, 3, 4, 5, 6, 7, 8, 9, 
        10, 11, 12, 13, 14, 15, 16, 17, 18, 19, 
        20, 21, 22, 23, 24, 25, 26, 27, 28, 29, 
        30, 31, 32, 33, 34, 35, 36 ]
      q: [ 
        0, 0, -0.34906585, 0.698131701, -0.34906585, 0, 0, 0, -0.34906585, 0.698131701, 
        -0.34906585, 0, 0, 0, 0, 0, 0, 0, 0.698131701, -0.34906585, 
        -0.0872664626, -1.3962634, 0, 0, -0.34906585, 0, 0.698131701, 0.34906585, 0.0872664626, -1.3962634, 
        0, 0, -0.34906585, 0, 0, 0, 0 ]
      ikLinks: 
        - 
          name: WAIST
          index: 0
          isBaseLink: true
          translation: [ 0, 0, 0.9762 ]
          rotation: [ 
            1, 1.01516018e-14, 6.72795153e-14, 
            -1.01516018e-14, 1, 7.91033905e-14, 
            -6.72795153e-14, -7.91033905e-14, 1 ]
        - 
          name: LARM_JOINT7
          index: 14
          translation: [ 0.0198425732, 0.371456088, 0.975714795 ]
          rotation: [ 
            0.459003031, 0.152244556, -0.875292987, 
            -0.351045806, 0.936116807, -0.0212641954, 
            0.816139118, 0.317028262, 0.483125264 ]
        - 
          name: RARM_JOINT7
          index: 24
          translation: [ 0.0198425732, -0.371456088, 0.975714795 ]
          rotation: [ 
            0.459003031, -0.152244556, -0.875292987, 
            0.351045806, 0.936116807, 0.0212641954, 
            0.816139118, -0.317028262, 0.483125264 ]
        - 
          name: LLEG_JOINT5
          index: 32
          translation: [ -3.9714115e-10, 0.1, 0.0995336082 ]
          rotation: [ 
            1, 1.01516018e-14, 1.00006731e-09, 
            -1.01516019e-14, 1, 7.91033905e-14, 
            -1.00006731e-09, -7.91033905e-14, 1 ]
          isTouching: true
          partingDirection: [ 0, 0, 1 ]
          contactPoints: 
            - [ -0.0995, -0.0474211, -0.0995336 ]
            - [ -0.0995, -0.055, -0.0995336 ]
            - [ -0.02725, -0.055, -0.0995336 ]
            - [ -0.0995, 0.075, -0.0995336 ]
            - [ -0.0995, -0.0474211, -0.0995336 ]
            - [ -0.0860912, 0.075, -0.0995336 ]
            - [ -0.0995, 0.075, -0.0995336 ]
            - [ 0.1305, 0.0489606, -0.0995336 ]
            - [ 0.1305, 0.075, -0.0995336 ]
            - [ -0.0860912, 0.075, -0.0995336 ]
            - [ 0.1305, 0.0674211, -0.0995336 ]
            - [ 0.1305, 0.075, -0.0995336 ]
            - [ 0.0810456, -0.055, -0.0995336 ]
            - [ 0.117091, -0.055, -0.0995336 ]
            - [ 0.1305, -0.055, -0.0995336 ]
            - [ 0.1305, -0.0122499, -0.0995336 ]
        - 
          name: RLEG_JOINT5
          index: 38
          translation: [ -3.97143204e-10, -0.1, 0.0995336082 ]
          rotation: [ 
            1, 1.01516018e-14, 1.00006731e-09, 
            -1.01516019e-14, 1, 7.91033905e-14, 
            -1.00006731e-09, -7.91033905e-14, 1 ]
          isTouching: true
          partingDirection: [ 0, 0, 1 ]
          contactPoints: 
            - [ -0.0995, 0.0277499, -0.0995336 ]
            - [ -0.0860912, 0.055, -0.0995336 ]
            - [ -0.0995, 0.055, -0.0995336 ]
            - [ -0.0655456, 0.055, -0.0995336 ]
            - [ -0.0995, -0.0674211, -0.0995336 ]
            - [ -0.0995, -0.075, -0.0995336 ]
            - [ -0.0995, -0.075, -0.0995336 ]
            - [ 0.117091, -0.075, -0.0995336 ]
            - [ -0.0995, -0.0334606, -0.0995336 ]
            - [ 0.117091, -0.075, -0.0995336 ]
            - [ 0.1305, -0.075, -0.0995336 ]
            - [ 0.1305, -0.075, -0.0995336 ]
            - [ 0.1305, 0.0474211, -0.0995336 ]
            - [ 0.04275, 0.055, -0.0995336 ]
            - [ 0.1305, 0.0474211, -0.0995336 ]
            - [ 0.1305, 0.055, -0.0995336 ]
  - 
    time: 2
    refer: 
      type: Pose
      name: ""
      joints: [ 
        6, 7, 8, 9, 10, 11 ]
      q: [ 
        -9.5802344e-17, 9.24768154e-14, -0.629780302, 1.2595606, -0.629780302, -9.24981011e-14 ]
      ikLinks: 
        - 
          name: LLEG_JOINT5
          index: 32
          translation: [ 1.11022302e-17, 0.1, 0.199500739 ]
          rotation: [ 
            1, 1.02474041e-14, 6.77236045e-14, 
            -1.02474041e-14, 1, 7.91246762e-14, 
            -6.77236045e-14, -7.91246762e-14, 1 ]
  - 
    time: 3
    refer: 
      type: Pose
      name: ""
      joints: [ 
        6, 7, 8, 9, 10, 11 ]
      q: [ 
        4.39168258e-06, -1.02950467e-06, -0.694719555, 0.843396154, 0.374215317, 1.91453539e-06 ]
      ikLinks: 
        - 
          name: LLEG_JOINT5
          index: 32
          translation: [ 0.166999903, 0.1, 0.151308383 ]
          rotation: [ 
            0.866378617, -3.43558711e-06, 0.499387717, 
            3.29073784e-06, 1, 1.17055784e-06, 
            -0.499387717, 6.29207778e-07, 0.866378617 ]
          isTouching: true
          partingDirection: [ 0, 0, 1 ]
          contactPoints: 
            - [ 0.1295, -0.055, -0.1 ]
            - [ 0.129556, -0.055, -0.0999672 ]
            - [ 0.1295, 0.0744346, -0.1 ]
            - [ 0.1295, 0.075, -0.1 ]
            - [ 0.129556, -0.055, -0.0999672 ]
            - [ 0.1305, -0.055, -0.0994233 ]
            - [ 0.1295, -0.055, -0.1 ]
            - [ 0.1295, 0.0744346, -0.1 ]
            - [ 0.1305, -0.055, -0.0994233 ]
            - [ 0.1305, 0.0656301, -0.0994234 ]
            - [ 0.1305, 0.075, -0.0994234 ]
            - [ 0.1295, 0.075, -0.1 ]
            - [ 0.1305, 0.0656301, -0.0994234 ]
            - [ 0.1305, 0.075, -0.0994234 ]
  - 
    time: 3.5
    refer: 
      type: Pose
      name: ""
      joints: [ 
        6, 7, 8, 9, 10, 11 ]
      q: [ 
        2.70048533e-10, -3.52499707e-11, -0.460615668, 0.642910597, -0.181772037, -9.44057802e-09 ]
      ikLinks: 
        - 
          name: LLEG_JOINT5
          index: 32
          translation: [ 0.0999999265, 0.1, 0.0996004922 ]
          rotation: [ 
            0.999999863, -2.74974784e-10, 0.000522891976, 
            2.70019871e-10, 1, 9.47604829e-09, 
            -0.000522891976, -9.47590581e-09, 0.999999863 ]
          isTouching: true
          partingDirection: [ 0, 0, 1 ]
          contactPoints: 
            - [ -0.0995, -0.0493537, -0.0996525 ]
            - [ -0.0995, -0.055, -0.0996525 ]
            - [ -0.0995, 0.075, -0.0996525 ]
            - [ -0.0995, -0.0493537, -0.0996525 ]
            - [ -0.089358, 0.075, -0.0996472 ]
            - [ -0.0995, 0.075, -0.0996525 ]
            - [ -0.00715302, 0.075, -0.0996043 ]
            - [ 0.117252, -0.055, -0.0995392 ]
            - [ 0.1305, -0.055, -0.0995323 ]
            - [ 0.1305, -0.055, -0.0995323 ]
            - [ 0.1305, 0.0673994, -0.0995323 ]
            - [ 0.102776, 0.075, -0.0995468 ]
            - [ 0.1305, 0.0673994, -0.0995323 ]
            - [ 0.1305, 0.075, -0.0995323 ]
  - 
    time: 4
    refer: 
      type: Pose
      name: ""
      joints: [ 
        6, 7, 8, 9, 10, 11 ]
      q: [ 
        4.39168258e-06, -1.02950467e-06, -0.694719555, 0.843396154, 0.374215318, 1.9145354e-06 ]
      ikLinks: 
        - 
          name: LLEG_JOINT5
          index: 32
          translation: [ 0.166999903, 0.1, 0.151308383 ]
          rotation: [ 
            0.866378617, -3.4355871e-06, 0.499387718, 
            3.29073784e-06, 1, 1.17055784e-06, 
            -0.499387718, 6.29207782e-07, 0.866378617 ]
          isTouching: true
          partingDirection: [ 0, 0, 1 ]
          contactPoints: 
            - [ 0.1295, -0.055, -0.1 ]
            - [ 0.129556, -0.055, -0.0999672 ]
            - [ 0.1295, 0.0744346, -0.1 ]
            - [ 0.1295, 0.075, -0.1 ]
            - [ 0.129556, -0.055, -0.0999672 ]
            - [ 0.1305, -0.055, -0.0994233 ]
            - [ 0.1295, -0.055, -0.1 ]
            - [ 0.1295, 0.0744346, -0.1 ]
            - [ 0.1305, -0.055, -0.0994233 ]
            - [ 0.1305, 0.0656301, -0.0994234 ]
            - [ 0.1305, 0.075, -0.0994234 ]
            - [ 0.1295, 0.075, -0.1 ]
            - [ 0.1305, 0.0656301, -0.0994234 ]
            - [ 0.1305, 0.075, -0.0994234 ]
  - 
    time: 5
    refer: 
      type: Pose
      name: ""
      joints: [ 
        6, 7, 8, 9, 10, 11 ]
      q: [ 
        -1.23812479e-20, 9.24772471e-14, -0.629779116, 1.25955823, -0.629779116, -9.24772471e-14 ]
      ikLinks: 
        - 
          name: LLEG_JOINT5
          index: 32
          translation: [ 7.77156117e-18, 0.1, 0.199500208 ]
          rotation: [ 
            1, 1.01516142e-14, 6.71129818e-14, 
            -1.01516142e-14, 1, 7.91033905e-14, 
            -6.71129818e-14, -7.91033905e-14, 1 ]
  - 
    time: 6
    refer: 
      type: Pose
      name: ""
      joints: [ 
        0, 1, 2, 3, 4, 5, 6, 7, 8, 9, 
        10, 11, 12, 13, 14, 15, 16, 17, 18, 19, 
        20, 21, 22, 23, 24, 25, 26, 27, 28, 29, 
        30, 31, 32, 33, 34, 35, 36 ]
      q: [ 
        0, 0, -0.34906585, 0.698131701, -0.34906585, 0, -1.87555888e-17, 9.07391705e-14, -0.348938269, 0.697876539, 
        -0.348938268, -9.07391705e-14, 0, 0, 0, 0, 0, 0, 0.698131701, -0.34906585, 
        -0.0872664626, -1.3962634, 0, 0, -0.34906585, 0, 0.698131701, 0.34906585, 0.0872664626, -1.3962634, 
        0, 0, -0.34906585, 0, 0, 0, 0 ]
      ikLinks: 
        - 
          name: WAIST
          index: 0
          translation: [ -6.9388939e-16, 3.3132158e-29, 0.9762 ]
          rotation: [ 
            1, 1.01516018e-14, 6.72795153e-14, 
            -1.01516018e-14, 1, 7.91033905e-14, 
            -6.72795153e-14, -7.91033905e-14, 1 ]
        - 
          name: LARM_JOINT7
          index: 14
          translation: [ 0.0198425732, 0.371456088, 0.975714795 ]
          rotation: [ 
            0.459003031, 0.152244556, -0.875292987, 
            -0.351045806, 0.936116807, -0.0212641954, 
            0.816139118, 0.317028262, 0.483125264 ]
        - 
          name: RARM_JOINT7
          index: 24
          translation: [ 0.0198425732, -0.371456088, 0.975714795 ]
          rotation: [ 
            0.459003031, -0.152244556, -0.875292987, 
            0.351045806, 0.936116807, 0.0212641954, 
            0.816139118, -0.317028262, 0.483125264 ]
        - 
          name: LLEG_JOINT5
          index: 32
          translation: [ -3.44169138e-17, 0.1, 0.0995004512 ]
          rotation: [ 
            1, 1.01703573e-14, 1.00006686e-09, 
            -1.01703574e-14, 1, 7.91033905e-14, 
            -1.00006686e-09, -7.91033905e-14, 1 ]
          isTouching: true
          partingDirection: [ 0, 0, 1 ]
          contactPoints: 
            - [ -0.0995, -0.0468821, -0.0995004 ]
            - [ -0.0995, -0.055, -0.0995004 ]
            - [ -0.02725, -0.055, -0.0995004 ]
            - [ -0.0995, 0.075, -0.0995004 ]
            - [ -0.0995, -0.0468821, -0.0995004 ]
            - [ -0.0851376, 0.075, -0.0995004 ]
            - [ -0.0995, 0.075, -0.0995004 ]
            - [ 0.1305, 0.0486911, -0.0995004 ]
            - [ 0.1305, 0.075, -0.0995004 ]
            - [ -0.0851376, 0.075, -0.0995004 ]
            - [ 0.1305, 0.0668821, -0.0995004 ]
            - [ 0.1305, 0.075, -0.0995004 ]
            - [ 0.0805688, -0.055, -0.0995004 ]
            - [ 0.116138, -0.055, -0.0995004 ]
            - [ 0.1305, -0.055, -0.0995004 ]
            - [ 0.1305, -0.0122499, -0.0995004 ]
        - 
          name: RLEG_JOINT5
          index: 38
          translation: [ -3.97143898e-10, -0.1, 0.0995336082 ]
          rotation: [ 
            1, 1.01516018e-14, 1.00006731e-09, 
            -1.01516019e-14, 1, 7.91033905e-14, 
            -1.00006731e-09, -7.91033905e-14, 1 ]
          isTouching: true
          partingDirection: [ 0, 0, 1 ]
          contactPoints: 
            - [ -0.0995, 0.0277499, -0.0995336 ]
            - [ -0.0860912, 0.055, -0.0995336 ]
            - [ -0.0995, 0.055, -0.0995336 ]
            - [ -0.0655456, 0.055, -0.0995336 ]
            - [ -0.0995, -0.0674211, -0.0995336 ]
            - [ -0.0995, -0.075, -0.0995336 ]
            - [ -0.0995, -0.075, -0.0995336 ]
            - [ 0.117091, -0.075, -0.0995336 ]
            - [ -0.0995, -0.0334606, -0.0995336 ]
            - [ 0.117091, -0.075, -0.0995336 ]
            - [ 0.1305, -0.075, -0.0995336 ]
            - [ 0.1305, -0.075, -0.0995336 ]
            - [ 0.1305, 0.0474211, -0.0995336 ]
            - [ 0.04275, 0.055, -0.0995336 ]
            - [ 0.1305, 0.0474211, -0.0995336 ]
            - [ 0.1305, 0.055, -0.0995336 ]
  - 
    time: 7
    refer: 
      type: Pose
      name: ""
      joints: [ 
        0, 1, 2, 3, 4, 5, 6, 7, 8, 9, 
        10, 11, 12, 13, 14, 15, 16, 17, 18, 19, 
        20, 21, 22, 23, 24, 25, 26, 27, 28, 29, 
        30, 31, 32, 33, 34, 35, 36 ]
      q: [ 
        0, 0, -0.34906585, 0.698131701, -0.34906585, 0, -1.87555888e-17, 9.07391705e-14, -0.348938269, 0.697876539, 
        -0.348938268, -9.07391705e-14, 0, 0, 0, 0, 0, 0, 0.698131701, -0.34906585, 
        -0.0872664626, -1.3962634, 0, 0, -0.34906585, 0, 0.698131701, 0.34906585, 0.0872664626, -1.3962634, 
        0, 0, -0.34906585, 0, 0, 0, 0 ]
      ikLinks: 
        - 
          name: WAIST
          index: 0
          translation: [ -6.9388939e-16, 3.3132158e-29, 0.9762 ]
          rotation: [ 
            1, 1.01516018e-14, 6.72795153e-14, 
            -1.01516018e-14, 1, 7.91033905e-14, 
            -6.72795153e-14, -7.91033905e-14, 1 ]
        - 
          name: LARM_JOINT7
          index: 14
          translation: [ 0.0198425732, 0.371456088, 0.975714795 ]
          rotation: [ 
            0.459003031, 0.152244556, -0.875292987, 
            -0.351045806, 0.936116807, -0.0212641954, 
            0.816139118, 0.317028262, 0.483125264 ]
        - 
          name: RARM_JOINT7
          index: 24
          translation: [ 0.0198425732, -0.371456088, 0.975714795 ]
          rotation: [ 
            0.459003031, -0.152244556, -0.875292987, 
            0.351045806, 0.936116807, 0.0212641954, 
            0.816139118, -0.317028262, 0.483125264 ]
        - 
          name: LLEG_JOINT5
          index: 32
          translation: [ -3.44169138e-17, 0.1, 0.0995004512 ]
          rotation: [ 
            1, 1.01703573e-14, 1.00006686e-09, 
            -1.01703574e-14, 1, 7.91033905e-14, 
            -1.00006686e-09, -7.91033905e-14, 1 ]
          isTouching: true
          partingDirection: [ 0, 0, 1 ]
          contactPoints: 
            - [ -0.0995, -0.0468821, -0.0995004 ]
            - [ -0.0995, -0.055, -0.0995004 ]
            - [ -0.02725, -0.055, -0.0995004 ]
            - [ -0.0995, 0.075, -0.0995004 ]
            - [ -0.0995, -0.0468821, -0.0995004 ]
            - [ -0.0851376, 0.075, -0.0995004 ]
            - [ -0.0995, 0.075, -0.0995004 ]
            - [ 0.1305, 0.0486911, -0.0995004 ]
            - [ 0.1305, 0.075, -0.0995004 ]
            - [ -0.0851376, 0.075, -0.0995004 ]
            - [ 0.1305, 0.0668821, -0.0995004 ]
            - [ 0.1305, 0.075, -0.0995004 ]
            - [ 0.0805688, -0.055, -0.0995004 ]
            - [ 0.116138, -0.055, -0.0995004 ]
            - [ 0.1305, -0.055, -0.0995004 ]
            - [ 0.1305, -0.0122499, -0.0995004 ]
        - 
          name: RLEG_JOINT5
          index: 38
          translation: [ -3.97143898e-10, -0.1, 0.0995336082 ]
          rotation: [ 
            1, 1.01516018e-14, 1.00006731e-09, 
            -1.01516019e-14, 1, 7.91033905e-14, 
            -1.00006731e-09, -7.91033905e-14, 1 ]
          isTouching: true
          partingDirection: [ 0, 0, 1 ]
          contactPoints: 
            - [ -0.0995, 0.0277499, -0.0995336 ]
            - [ -0.0860912, 0.055, -0.0995336 ]
            - [ -0.0995, 0.055, -0.0995336 ]
            - [ -0.0655456, 0.055, -0.0995336 ]
            - [ -0.0995, -0.0674211, -0.0995336 ]
            - [ -0.0995, -0.075, -0.0995336 ]
            - [ -0.0995, -0.075, -0.0995336 ]
            - [ 0.117091, -0.075, -0.0995336 ]
            - [ -0.0995, -0.0334606, -0.0995336 ]
            - [ 0.117091, -0.075, -0.0995336 ]
            - [ 0.1305, -0.075, -0.0995336 ]
            - [ 0.1305, -0.075, -0.0995336 ]
            - [ 0.1305, 0.0474211, -0.0995336 ]
            - [ 0.04275, 0.055, -0.0995336 ]
            - [ 0.1305, 0.0474211, -0.0995336 ]
            - [ 0.1305, 0.055, -0.0995336 ]
