# Body pose sequence format version 1.0 defined by cnoid-Robotics

type: PoseSeq
name: "kick-motion"
targetBody: "HRP2JSKNTS"
refs: 
  - 
    time: 0
    refer: 
      type: Pose
      name: ""
      joints: [ 
        0, 1, 2, 3, 4, 5, 6, 7, 8, 9, 
        10, 11, 12, 13, 14, 15, 16, 17, 18, 19, 
        20, 21, 22, 23, 24, 25, 26, 27, 28, 29, 
        30, 31, 32, 33, 34, 35, 36, 37, 38, 39, 
        40, 41, 42, 43 ]
      q: [ 
        -2.12094403e-18, 1.57469862e-16, -0.451795886, 0.868717219, -0.416921333, -1.58162138e-16, 0, 2.12094403e-18, -1.57469862e-16, -0.451795886, 
        0.868717219, -0.416921333, 1.58162138e-16, 0, 0, 0, 0, 0, 0.174532925, -0.174532925, 
        0, -0.436332313, 0, 0, -0.174532925, 0, 0, 0, 0, 0, 
        0, 0.174532925, 0.174532925, 0, -0.436332313, 0, 0, -0.174532925, 0, 0, 
        0, 0, 0, 0 ]
      ikLinks: 
        - 
          name: WAIST
          index: 0
          isBaseLink: true
          translation: [ -0.00949035089, 0, 0.648701851 ]
          rotation: [ 
            1, 0, 9.24845756e-10, 
            0, 1, 0, 
            -9.24845756e-10, 0, 1 ]
        - 
          name: RLEG_JOINT5
          index: 6
          translation: [ -2.34510716e-10, -0.095, 0.104500509 ]
          rotation: [ 
            1, 2.12094403e-18, 9.24845756e-10, 
            -2.12094403e-18, 1, 6.92276e-19, 
            -9.24845756e-10, -6.92276002e-19, 1 ]
          isTouching: true
          partingDirection: [ 0, 0, 1 ]
        - 
          name: RLEG_JOINT6
          index: 7
          translation: [ 0.115, -0.095, 0.0305005093 ]
          rotation: [ 
            1, 2.12094403e-18, 9.24845756e-10, 
            -2.12094403e-18, 1, 6.92276e-19, 
            -9.24845756e-10, -6.92276002e-19, 1 ]
          isTouching: true
          partingDirection: [ 0, 0, 1 ]
          isSlave: true
        - 
          name: LLEG_JOINT5
          index: 13
          translation: [ -2.34510716e-10, 0.095, 0.104500509 ]
          rotation: [ 
            1, -2.12094403e-18, 9.24845756e-10, 
            2.12094403e-18, 1, -6.92276e-19, 
            -9.24845756e-10, 6.92276002e-19, 1 ]
          isTouching: true
          partingDirection: [ 0, 0, 1 ]
        - 
          name: LLEG_JOINT6
          index: 14
          translation: [ 0.115, 0.095, 0.0305005093 ]
          rotation: [ 
            1, -2.12094403e-18, 9.24845756e-10, 
            2.12094403e-18, 1, -6.92276e-19, 
            -9.24845756e-10, 6.92276002e-19, 1 ]
          isTouching: true
          partingDirection: [ 0, 0, 1 ]
          isSlave: true
        - 
          name: RARM_JOINT6
          index: 25
          translation: [ 0.0530596266, -0.362756718, 0.699848735 ]
          rotation: [ 
            0.904794632, -0.0301536897, -0.424779271, 
            0.0996005028, 0.984807753, 0.14224426, 
            0.41403673, -0.171010071, 0.894052091 ]
        - 
          name: LARM_JOINT6
          index: 38
          translation: [ 0.0530596266, 0.362756718, 0.699848735 ]
          rotation: [ 
            0.904794632, 0.0301536897, -0.424779271, 
            -0.0996005028, 0.984807753, -0.14224426, 
            0.41403673, 0.171010071, 0.894052091 ]
      zmp: [ 0.0399999997, 0, 0 ]
      isZmpStationaryPoint: true
  - 
    time: 1
    refer: 
      type: Pose
      name: ""
      joints: [ 
        0, 1, 2, 3, 4, 5, 6, 7, 8, 9, 
        10, 11, 12, 13, 14, 15, 16, 17, 18, 19, 
        20, 21, 22, 23, 24, 25, 26, 27, 28, 29, 
        30, 31, 32, 33, 34, 35, 36, 37, 38, 39, 
        40, 41, 42, 43 ]
      q: [ 
        0.00133190936, 0.00299151534, -1.10238108, 0.984888019, -0.301386814, -0.00327462122, 0, 0.00133161582, 0.00299085483, -1.10150492, 
        0.983300281, -0.300675323, -0.00327389833, 0, 0, 0, 0, 0, 0.174532925, -0.174532925, 
        0, -0.436332313, 0, 0, -0.174532925, 0, 0, 0, 0, 0, 
        0, 0.174532925, 0.174532925, 0, -0.436332313, 0, 0, -0.174532925, 0, 0, 
        0, 0, 0, 0 ]
      ikLinks: 
        - 
          name: WAIST
          index: 0
          isBaseLink: true
          translation: [ -0.1004, -0.0017, 0.6237 ]
          rotation: [ 
            0.913545885, 8.4860202e-10, 0.406735683, 
            -6.40854902e-10, 1, -6.46984447e-10, 
            -0.406735683, 3.30391423e-10, 0.913545885 ]
        - 
          name: RLEG_JOINT5
          index: 6
          translation: [ -2.16560858e-09, -0.095, 0.104500514 ]
          rotation: [ 
            1, 2.7378269e-10, 8.6798319e-08, 
            -2.737827e-10, 1, 1.05331355e-10, 
            -8.67983189e-08, -1.05331378e-10, 1 ]
          isTouching: true
          partingDirection: [ 0, 0, 1 ]
        - 
          name: RLEG_JOINT6
          index: 7
          translation: [ 0.114999991, -0.0950000001, 0.0305005039 ]
          rotation: [ 
            1, 2.7378269e-10, 8.6798319e-08, 
            -2.737827e-10, 1, 1.05331355e-10, 
            -8.67983189e-08, -1.05331378e-10, 1 ]
          isTouching: true
          partingDirection: [ 0, 0, 1 ]
          isSlave: true
        - 
          name: LLEG_JOINT5
          index: 13
          translation: [ -4.0383803e-09, 0.095, 0.104500514 ]
          rotation: [ 
            1, 6.81851091e-11, -1.08085646e-09, 
            -6.81851094e-11, 1, 1.4181246e-11, 
            1.08085657e-09, -1.41812452e-11, 1 ]
          isTouching: true
          partingDirection: [ 0, 0, 1 ]
        - 
          name: LLEG_JOINT6
          index: 14
          translation: [ 0.114999996, 0.095, 0.0305005138 ]
          rotation: [ 
            1, 6.81851091e-11, -1.08085646e-09, 
            -6.81851094e-11, 1, 1.4181246e-11, 
            1.08085657e-09, -1.41812452e-11, 1 ]
          isTouching: true
          partingDirection: [ 0, 0, 1 ]
          isSlave: true
        - 
          name: RARM_JOINT6
          index: 25
          translation: [ -0.0224544631, -0.364456718, 0.644983717 ]
          rotation: [ 
            0.994974925, -0.0971026764, -0.0244124678, 
            0.0996005019, 0.984807753, 0.142244259, 
            0.0102292893, -0.143960965, 0.989530496 ]
        - 
          name: LARM_JOINT6
          index: 38
          translation: [ -0.0224544625, 0.361056718, 0.644983718 ]
          rotation: [ 
            0.994974925, 0.0971026781, -0.024412468, 
            -0.0996005036, 0.984807753, -0.14224426, 
            0.0102292892, 0.143960966, 0.989530496 ]
      zmp: [ 0.039999996, -4.38195105e-11, 0 ]
      isZmpStationaryPoint: true
  - 
    time: 2
    refer: 
      type: Pose
      name: ""
      joints: [ 
        7, 8, 9, 10, 11, 12, 13, 14, 15, 16, 
        17, 18, 19, 20, 21, 22, 23, 24, 25, 26, 
        27, 28, 29, 30, 31, 32, 33, 34, 35, 36, 
        37, 38, 39, 40, 41, 42, 43 ]
      q: [ 
        0.00133161581, 0.00299085479, -0.586628045, 0.897871907, -0.730123827, -0.00327389829, 0, 0, 0, 0, 
        0, 0.174532925, -0.174532925, 0, -0.436332313, 0, 0, -0.174532925, 0, 0, 
        0, 0, 0, 0, 0.174532925, 0.174532925, 0, -0.436332313, 0, 0, 
        -0.174532925, 0, 0, 0, 0, 0, 0 ]
      ikLinks: 
        - 
          name: LLEG_JOINT5
          index: 13
          translation: [ 3.56806529e-09, 0.095, 0.104500515 ]
          rotation: [ 
            1, 7.09125986e-11, -4.08089361e-09, 
            -7.09125989e-11, 1, 1.47903994e-11, 
            4.08089373e-09, -1.47903994e-11, 1 ]
          isTouching: true
          partingDirection: [ 0, 0, 1 ]
        - 
          name: LLEG_JOINT6
          index: 14
          translation: [ 0.115000004, 0.0949999999, 0.0305005154 ]
          rotation: [ 
            1, 7.09125986e-11, -4.08089361e-09, 
            -7.09125989e-11, 1, 1.47903994e-11, 
            4.08089373e-09, -1.47903994e-11, 1 ]
          isTouching: true
          partingDirection: [ 0, 0, 1 ]
          isSlave: true
        - 
          name: RARM_JOINT6
          index: 25
          translation: [ 0.22794537, -0.364456717, 0.644983385 ]
          rotation: [ 
            0.994974925, -0.0971026764, -0.0244124678, 
            0.0996005019, 0.984807753, 0.142244259, 
            0.0102292893, -0.143960965, 0.989530496 ]
        - 
          name: LARM_JOINT6
          index: 38
          translation: [ 0.227945371, 0.361056719, 0.644983386 ]
          rotation: [ 
            0.994974925, 0.0971026781, -0.024412468, 
            -0.0996005036, 0.984807753, -0.14224426, 
            0.0102292892, 0.143960966, 0.989530496 ]
  - 
    time: 2.5
    refer: 
      type: Pose
      name: ""
      joints: [ 
        7, 8, 9, 10, 11, 12, 13, 14, 15, 16, 
        17, 18, 19, 20, 21, 22, 23, 24, 25, 26, 
        27, 28, 29, 30, 31, 32, 33, 34, 35, 36, 
        37, 38, 39, 40, 41, 42, 43 ]
      q: [ 
        0.00147505176, 0.00331301486, -0.412148184, 0.966310492, -0.973042709, -0.00362654654, 0, 0, 0, 0, 
        0, 0.174532925, -0.174532925, 0, -0.436332313, 0, 0, -0.174532925, 0, 0, 
        0, 0, 0, 0, 0.174532925, 0.174532925, 0, -0.436332313, 0, 0, 
        -0.174532925, 0, 0, 0, 0, 0, 0 ]
      ikLinks: 
        - 
          name: LLEG_JOINT5
          index: 13
          translation: [ 0.149999619, 0.0949999982, 0.155000505 ]
          rotation: [ 
            1, 1.202622e-10, 1.2019396e-08, 
            -1.20262201e-10, 1, 2.94588507e-11, 
            -1.2019396e-08, -2.94588525e-11, 1 ]
        - 
          name: LLEG_JOINT6
          index: 14
          translation: [ 0.264999618, 0.0949999982, 0.0810005035 ]
          rotation: [ 
            1, 1.202622e-10, 1.2019396e-08, 
            -1.20262201e-10, 1, 2.94588507e-11, 
            -1.2019396e-08, -2.94588525e-11, 1 ]
          isSlave: true
        - 
          name: RARM_JOINT6
          index: 25
          translation: [ 0.477945392, -0.364456718, 0.644983518 ]
          rotation: [ 
            0.994974925, -0.0971026764, -0.0244124678, 
            0.0996005019, 0.984807753, 0.142244259, 
            0.0102292893, -0.143960965, 0.989530496 ]
        - 
          name: LARM_JOINT6
          index: 38
          translation: [ 0.477945393, 0.361056719, 0.644983519 ]
          rotation: [ 
            0.994974925, 0.0971026781, -0.024412468, 
            -0.0996005036, 0.984807753, -0.14224426, 
            0.0102292892, 0.143960966, 0.989530496 ]
  - 
    time: 3
    refer: 
      type: Pose
      name: ""
      joints: [ 
        7, 8, 9, 10, 11, 12, 13, 14, 15, 16, 
        17, 18, 19, 20, 21, 22, 23, 24, 25, 26, 
        27, 28, 29, 30, 31, 32, 33, 34, 35, 36, 
        37, 38, 39, 40, 41, 42, 43 ]
      q: [ 
        0.00147505176, 0.00331301486, -0.32610616, 0.94541401, -0.970846707, -0.00362654654, 0, 0, 0, 0, 
        0, 0.174532925, -0.174532925, 0, -0.436332313, 0, 0, -0.174532925, 0, 0, 
        0, 0, 0, 0, 0.174532925, 0.174532925, 0, -0.436332313, 0, 0, 
        -0.174532925, 0, 0, 0, 0, 0, 0 ]
      ikLinks: 
        - 
          name: LLEG_JOINT5
          index: 13
          translation: [ 0.48856193, 0.0949354999, 0.172785466 ]
          rotation: [ 
            0.997733414, -0.000244032046, 0.0672902267, 
            0.000244032044, 0.99999997, 8.21982605e-06, 
            -0.0672902267, 8.21977644e-06, 0.997733444 ]
        - 
          name: LLEG_JOINT6
          index: 14
          translation: [ 0.598321796, 0.0949629553, 0.0912148148 ]
          rotation: [ 
            0.997733414, -0.000244032046, 0.0672902267, 
            0.000244032044, 0.99999997, 8.21982605e-06, 
            -0.0672902267, 8.21977644e-06, 0.997733444 ]
        - 
          name: RARM_JOINT6
          index: 25
          translation: [ 0.727945561, -0.364456717, 0.644983398 ]
          rotation: [ 
            0.994974925, -0.0971026764, -0.0244124678, 
            0.0996005019, 0.984807753, 0.142244259, 
            0.0102292893, -0.143960965, 0.989530496 ]
        - 
          name: LARM_JOINT6
          index: 38
          translation: [ 0.727945562, 0.361056719, 0.644983399 ]
          rotation: [ 
            0.994974925, 0.0971026781, -0.024412468, 
            -0.0996005036, 0.984807753, -0.14224426, 
            0.0102292892, 0.143960966, 0.989530496 ]
  - 
    time: 5
    refer: 
      type: Pose
      name: ""
      joints: [ 
        0, 1, 2, 3, 4, 5, 6, 7, 8, 9, 
        10, 11, 12, 13, 14, 15, 16, 17, 18, 19, 
        20, 21, 22, 23, 24, 25, 26, 27, 28, 29, 
        30, 31, 32, 33, 34, 35, 36, 37, 38, 39, 
        40, 41, 42, 43 ]
      q: [ 
        0.00133190936, 0.00299151535, -1.10190657, 0.985424664, -0.302397968, -0.00327462123, 0, 0.00147505176, 0.00331301484, -0.232335873, 
        0.765382778, -0.951927307, -0.00362654653, 0, 0, 0, 0, 0, 0.174532925, -0.174532925, 
        0, -0.436332313, 0, 0, -0.174532925, 0, 0, 0, 0, 0, 
        0, 0.174532925, 0.174532925, 0, -0.436332313, 0, 0, -0.174532925, 0, 0, 
        0, 0, 0, 0 ]
      ikLinks: 
        - 
          name: WAIST
          index: 0
          isBaseLink: true
          translation: [ 1.65, -0.0017, 0.6237 ]
          rotation: [ 
            0.913545885, 8.48654042e-10, 0.406735683, 
            -6.40902408e-10, 1, -6.47005649e-10, 
            -0.406735683, 3.3039147e-10, 0.913545885 ]
        - 
          name: RLEG_JOINT5
          index: 6
          translation: [ 1.74999997, -0.0950000011, 0.104500836 ]
          rotation: [ 
            1, 2.7462745e-10, 8.77983268e-08, 
            -2.7462746e-10, 1, 1.06195856e-10, 
            -8.77983268e-08, -1.06195881e-10, 1 ]
          isTouching: true
          partingDirection: [ 0, 0, 1 ]
        - 
          name: RLEG_JOINT6
          index: 7
          translation: [ 1.86499997, -0.0950000011, 0.0305008258 ]
          rotation: [ 
            1, 2.7462745e-10, 8.77983268e-08, 
            -2.7462746e-10, 1, 1.06195856e-10, 
            -8.77983268e-08, -1.06195881e-10, 1 ]
          isTouching: true
          partingDirection: [ 0, 0, 1 ]
          isSlave: true
        - 
          name: LLEG_JOINT5
          index: 13
          translation: [ 1.35000013, 0.0949999984, 0.155000432 ]
          rotation: [ 
            1, 1.15754034e-10, 1.10193732e-08, 
            -1.15754034e-10, 1, 3.77297499e-11, 
            -1.10193732e-08, -3.77297503e-11, 1 ]
        - 
          name: LLEG_JOINT6
          index: 14
          translation: [ 1.46500013, 0.0949999984, 0.081000431 ]
          rotation: [ 
            1, 1.15754034e-10, 1.10193732e-08, 
            -1.15754034e-10, 1, 3.77297499e-11, 
            -1.10193732e-08, -3.77297503e-11, 1 ]
          isSlave: true
        - 
          name: RARM_JOINT6
          index: 25
          translation: [ 1.72794554, -0.364456718, 0.644983717 ]
          rotation: [ 
            0.994974925, -0.0971026764, -0.0244124678, 
            0.0996005019, 0.984807753, 0.142244259, 
            0.0102292893, -0.143960965, 0.989530496 ]
        - 
          name: LARM_JOINT6
          index: 38
          translation: [ 1.72794554, 0.361056718, 0.644983718 ]
          rotation: [ 
            0.994974925, 0.0971026781, -0.024412468, 
            -0.0996005036, 0.984807753, -0.14224426, 
            0.0102292892, 0.143960966, 0.989530496 ]
      zmp: [ 1.78999997, -0.0900000011, 0 ]
      isZmpStationaryPoint: true
