# Body pose sequence format version 1.0 defined by cnoid-Robotics

type: PoseSeq
name: "kick-motion"
targetBody: "HRP2JSKNTS"
refs: 
  - 
    time: 0
    refer: 
      type: Pose
      name: ""
      joints: [ 
        0, 1, 2, 3, 4, 5, 6, 7, 8, 9, 
        10, 11, 12, 13, 14, 15, 16, 17, 18, 19, 
        20, 21, 22, 23, 24, 25, 26, 27, 28, 29, 
        30, 31, 32, 33, 34, 35, 36, 37, 38, 39, 
        40, 41, 42, 43 ]
      q: [ 
        -2.12094403e-18, 1.57469862e-16, -0.451795886, 0.868717219, -0.416921333, -1.58162138e-16, 0, 2.12094403e-18, -1.57469862e-16, -0.451795886, 
        0.868717219, -0.416921333, 1.58162138e-16, 0, 0, 0, 0, 0, 0.174532925, -0.174532925, 
        0, -0.436332313, 0, 0, -0.174532925, 0, 0, 0, 0, 0, 
        0, 0.174532925, 0.174532925, 0, -0.436332313, 0, 0, -0.174532925, 0, 0, 
        0, 0, 0, 0 ]
      ikLinks: 
        - 
          name: WAIST
          index: 0
          isBaseLink: true
          translation: [ -0.00949035089, 0, 0.648701851 ]
          rotation: [ 
            1, 0, 9.24845756e-10, 
            0, 1, 0, 
            -9.24845756e-10, 0, 1 ]
        - 
          name: RLEG_JOINT5
          index: 6
          translation: [ -2.34499475e-10, -0.095, 0.104500509 ]
          rotation: [ 
            1, 2.12094403e-18, 9.24843924e-10, 
            -2.12094403e-18, 1, 6.92275201e-19, 
            -9.24843924e-10, -6.92275203e-19, 1 ]
          isTouching: true
          partingDirection: [ 0, 0, 1 ]
        - 
          name: RLEG_JOINT6
          index: 7
          translation: [ 0.115, -0.095, 0.0305005093 ]
          rotation: [ 
            1, 2.12094403e-18, 9.24843924e-10, 
            -2.12094403e-18, 1, 6.92275201e-19, 
            -9.24843924e-10, -6.92275203e-19, 1 ]
          isTouching: true
          partingDirection: [ 0, 0, 1 ]
          isSlave: true
        - 
          name: LLEG_JOINT5
          index: 13
          translation: [ -2.34499475e-10, 0.095, 0.104500509 ]
          rotation: [ 
            1, -2.12094403e-18, 9.24843924e-10, 
            2.12094403e-18, 1, -6.92275201e-19, 
            -9.24843924e-10, 6.92275203e-19, 1 ]
          isTouching: true
          partingDirection: [ 0, 0, 1 ]
        - 
          name: LLEG_JOINT6
          index: 14
          translation: [ 0.115, 0.095, 0.0305005093 ]
          rotation: [ 
            1, -2.12094403e-18, 9.24843924e-10, 
            2.12094403e-18, 1, -6.92275201e-19, 
            -9.24843924e-10, 6.92275203e-19, 1 ]
          isTouching: true
          partingDirection: [ 0, 0, 1 ]
          isSlave: true
        - 
          name: RARM_JOINT6
          index: 25
          translation: [ 0.0530596266, -0.362756718, 0.699848735 ]
          rotation: [ 
            0.904794632, -0.0301536897, -0.424779271, 
            0.0996005028, 0.984807753, 0.14224426, 
            0.41403673, -0.171010071, 0.894052091 ]
        - 
          name: LARM_JOINT6
          index: 38
          translation: [ 0.0530596266, 0.362756718, 0.699848735 ]
          rotation: [ 
            0.904794632, 0.0301536897, -0.424779271, 
            -0.0996005028, 0.984807753, -0.14224426, 
            0.41403673, 0.171010071, 0.894052091 ]
  - 
    time: 1
    refer: 
      type: Pose
      name: ""
      joints: [ 
        0, 1, 2, 3, 4, 5, 6, 7, 8, 9, 
        10, 11, 12, 13, 14, 15, 16, 17, 18, 19, 
        20, 21, 22, 23, 24, 25, 26, 27, 28, 29, 
        30, 31, 32, 33, 34, 35, 36, 37, 38, 39, 
        40, 41, 42, 43 ]
      q: [ 
        0.00133190936, 0.00299151534, -1.10238108, 0.984888019, -0.301386814, -0.00327462122, 0, 0.00133161582, 0.00299085483, -1.10150492, 
        0.983300281, -0.300675323, -0.00327389833, 0, 0, 0, 0, 0, 0.174532925, -0.174532925, 
        0, -0.436332313, 0, 0, -0.174532925, 0, 0, 0, 0, 0, 
        0, 0.174532925, 0.174532925, 0, -0.436332313, 0, 0, -0.174532925, 0, 0, 
        0, 0, 0, 0 ]
      ikLinks: 
        - 
          name: WAIST
          index: 0
          isBaseLink: true
          translation: [ -0.1004, -0.0017, 0.6237 ]
          rotation: [ 
            0.913545885, 8.4860202e-10, 0.406735683, 
            -6.40854902e-10, 1, -6.46984447e-10, 
            -0.406735683, 3.30391423e-10, 0.913545885 ]
        - 
          name: RLEG_JOINT5
          index: 6
          translation: [ -2.17618934e-09, -0.095, 0.104500514 ]
          rotation: [ 
            1, 2.7176325e-10, 8.66393056e-08, 
            -2.71763259e-10, 1, 1.0937879e-10, 
            -8.66393055e-08, -1.09378813e-10, 1 ]
          isTouching: true
          partingDirection: [ 0, 0, 1 ]
        - 
          name: RLEG_JOINT6
          index: 7
          translation: [ 0.114999991, -0.0950000001, 0.030500504 ]
          rotation: [ 
            1, 2.7176325e-10, 8.66393056e-08, 
            -2.71763259e-10, 1, 1.0937879e-10, 
            -8.66393055e-08, -1.09378813e-10, 1 ]
          isTouching: true
          partingDirection: [ 0, 0, 1 ]
          isSlave: true
        - 
          name: LLEG_JOINT5
          index: 13
          translation: [ -2.209017e-09, 0.095, 0.104500514 ]
          rotation: [ 
            1, 7.70217039e-11, -4.24498222e-09, 
            -7.70217035e-11, 1, 1.23393565e-11, 
            4.2449822e-09, -1.23393548e-11, 1 ]
          isTouching: true
          partingDirection: [ 0, 0, 1 ]
        - 
          name: LLEG_JOINT6
          index: 14
          translation: [ 0.114999998, 0.095, 0.0305005145 ]
          rotation: [ 
            1, 7.70217039e-11, -4.24498222e-09, 
            -7.70217035e-11, 1, 1.23393565e-11, 
            4.2449822e-09, -1.23393548e-11, 1 ]
          isTouching: true
          partingDirection: [ 0, 0, 1 ]
          isSlave: true
        - 
          name: RARM_JOINT6
          index: 25
          translation: [ -0.0224544631, -0.364456718, 0.644983717 ]
          rotation: [ 
            0.994974925, -0.0971026764, -0.0244124678, 
            0.0996005019, 0.984807753, 0.142244259, 
            0.0102292893, -0.143960965, 0.989530496 ]
        - 
          name: LARM_JOINT6
          index: 38
          translation: [ -0.0224544625, 0.361056718, 0.644983718 ]
          rotation: [ 
            0.994974925, 0.0971026781, -0.024412468, 
            -0.0996005036, 0.984807753, -0.14224426, 
            0.0102292892, 0.143960966, 0.989530496 ]
  - 
    time: 2
    refer: 
      type: Pose
      name: ""
      joints: [ 
        0, 1, 2, 3, 4, 5, 6, 7, 8, 9, 
        10, 11, 12, 13, 14, 15, 16, 17, 18, 19, 
        20, 21, 22, 23, 24, 25, 26, 27, 28, 29, 
        30, 31, 32, 33, 34, 35, 36, 37, 38, 39, 
        40, 41, 42, 43 ]
      q: [ 
        0.00133190936, 0.00299151533, -1.10190684, 0.985424485, -0.302397519, -0.00327462122, 0, 0.00133161581, 0.00299085479, -0.586628045, 
        0.897871907, -0.730123827, -0.00327389829, 0, 0, 0, 0, 0, 0.174532925, -0.174532925, 
        0, -0.436332313, 0, 0, -0.174532925, 0, 0, 0, 0, 0, 
        0, 0.174532925, 0.174532925, 0, -0.436332313, 0, 0, -0.174532925, 0, 0, 
        0, 0, 0, 0 ]
      ikLinks: 
        - 
          name: WAIST
          index: 0
          isBaseLink: true
          translation: [ 0.149999833, -0.00169999891, 0.623699668 ]
          rotation: [ 
            0.913545885, 8.48641786e-10, 0.406735683, 
            -6.40891228e-10, 1, -6.47000627e-10, 
            -0.406735683, 3.30391429e-10, 0.913545885 ]
        - 
          name: RLEG_JOINT5
          index: 6
          translation: [ 0.249999997, -0.095, 0.104500515 ]
          rotation: [ 
            1, 2.72592599e-10, 8.76393134e-08, 
            -2.72592609e-10, 1, 1.10243332e-10, 
            -8.76393134e-08, -1.10243355e-10, 1 ]
          isTouching: true
          partingDirection: [ 0, 0, 1 ]
        - 
          name: RLEG_JOINT6
          index: 7
          translation: [ 0.364999991, -0.0950000001, 0.0305005048 ]
          rotation: [ 
            1, 2.72592599e-10, 8.76393134e-08, 
            -2.72592609e-10, 1, 1.10243332e-10, 
            -8.76393134e-08, -1.10243355e-10, 1 ]
          isTouching: true
          partingDirection: [ 0, 0, 1 ]
          isSlave: true
        - 
          name: LLEG_JOINT5
          index: 13
          translation: [ 3.43251008e-09, 0.095, 0.104500515 ]
          rotation: [ 
            1, 7.39949263e-11, -4.24502266e-09, 
            -7.39949263e-11, 1, 1.38130583e-11, 
            4.24502289e-09, -1.38130588e-11, 1 ]
          isTouching: true
          partingDirection: [ 0, 0, 1 ]
        - 
          name: LLEG_JOINT6
          index: 14
          translation: [ 0.115000004, 0.0949999999, 0.0305005154 ]
          rotation: [ 
            1, 7.39949263e-11, -4.24502266e-09, 
            -7.39949263e-11, 1, 1.38130583e-11, 
            4.24502289e-09, -1.38130588e-11, 1 ]
          isTouching: true
          partingDirection: [ 0, 0, 1 ]
          isSlave: true
        - 
          name: RARM_JOINT6
          index: 25
          translation: [ 0.22794537, -0.364456717, 0.644983385 ]
          rotation: [ 
            0.994974925, -0.0971026764, -0.0244124678, 
            0.0996005019, 0.984807753, 0.142244259, 
            0.0102292893, -0.143960965, 0.989530496 ]
        - 
          name: LARM_JOINT6
          index: 38
          translation: [ 0.227945371, 0.361056719, 0.644983386 ]
          rotation: [ 
            0.994974925, 0.0971026781, -0.024412468, 
            -0.0996005036, 0.984807753, -0.14224426, 
            0.0102292892, 0.143960966, 0.989530496 ]
  - 
    time: 2.5
    refer: 
      type: Pose
      name: ""
      joints: [ 
        0, 1, 2, 3, 4, 5, 6, 7, 8, 9, 
        10, 11, 12, 13, 14, 15, 16, 17, 18, 19, 
        20, 21, 22, 23, 24, 25, 26, 27, 28, 29, 
        30, 31, 32, 33, 34, 35, 36, 37, 38, 39, 
        40, 41, 42, 43 ]
      q: [ 
        0.00133190931, 0.00299151523, -1.10190631, 0.985423607, -0.302397169, -0.00327462111, 0, 0.00147505176, 0.00331301486, -0.412148184, 
        0.966310492, -0.973042709, -0.00362654654, 0, 0, 0, 0, 0, 0.174532925, -0.174532925, 
        0, -0.436332313, 0, 0, -0.174532925, 0, 0, 0, 0, 0, 
        0, 0.174532925, 0.174532925, 0, -0.436332313, 0, 0, -0.174532925, 0, 0, 
        0, 0, 0, 0 ]
      ikLinks: 
        - 
          name: WAIST
          index: 0
          isBaseLink: true
          translation: [ 0.399999855, -0.00169999928, 0.623699801 ]
          rotation: [ 
            0.913545885, 8.48654042e-10, 0.406735683, 
            -6.40902408e-10, 1, -6.47005649e-10, 
            -0.406735683, 3.3039147e-10, 0.913545885 ]
        - 
          name: RLEG_JOINT5
          index: 6
          translation: [ 0.499999998, -0.095, 0.104500517 ]
          rotation: [ 
            1, 2.79224729e-10, 8.56394444e-08, 
            -2.79224739e-10, 1, 1.11754808e-10, 
            -8.56394443e-08, -1.11754831e-10, 1 ]
          isTouching: true
          partingDirection: [ 0, 0, 1 ]
        - 
          name: RLEG_JOINT6
          index: 7
          translation: [ 0.614999991, -0.0950000001, 0.0305005069 ]
          rotation: [ 
            1, 2.79224729e-10, 8.56394444e-08, 
            -2.79224739e-10, 1, 1.11754808e-10, 
            -8.56394443e-08, -1.11754831e-10, 1 ]
          isTouching: true
          partingDirection: [ 0, 0, 1 ]
          isSlave: true
        - 
          name: LLEG_JOINT5
          index: 13
          translation: [ 0.149999619, 0.0949999982, 0.155000505 ]
          rotation: [ 
            1, 1.202622e-10, 1.2019396e-08, 
            -1.20262201e-10, 1, 2.94588507e-11, 
            -1.2019396e-08, -2.94588525e-11, 1 ]
        - 
          name: LLEG_JOINT6
          index: 14
          translation: [ 0.264999618, 0.0949999982, 0.0810005035 ]
          rotation: [ 
            1, 1.202622e-10, 1.2019396e-08, 
            -1.20262201e-10, 1, 2.94588507e-11, 
            -1.2019396e-08, -2.94588525e-11, 1 ]
          isSlave: true
        - 
          name: RARM_JOINT6
          index: 25
          translation: [ 0.477945392, -0.364456718, 0.644983518 ]
          rotation: [ 
            0.994974925, -0.0971026764, -0.0244124678, 
            0.0996005019, 0.984807753, 0.142244259, 
            0.0102292893, -0.143960965, 0.989530496 ]
        - 
          name: LARM_JOINT6
          index: 38
          translation: [ 0.477945393, 0.361056719, 0.644983519 ]
          rotation: [ 
            0.994974925, 0.0971026781, -0.024412468, 
            -0.0996005036, 0.984807753, -0.14224426, 
            0.0102292892, 0.143960966, 0.989530496 ]
  - 
    time: 3
    refer: 
      type: Pose
      name: ""
      joints: [ 
        0, 1, 2, 3, 4, 5, 6, 7, 8, 9, 
        10, 11, 12, 13, 14, 15, 16, 17, 18, 19, 
        20, 21, 22, 23, 24, 25, 26, 27, 28, 29, 
        30, 31, 32, 33, 34, 35, 36, 37, 38, 39, 
        40, 41, 42, 43 ]
      q: [ 
        0.00133190936, 0.00299151535, -1.10190657, 0.985424664, -0.302397968, -0.00327462123, 0, 0.00147505176, 0.00331301484, -0.232335873, 
        0.765382778, -0.951927307, -0.00362654653, 0, 0, 0, 0, 0, 0.174532925, -0.174532925, 
        0, -0.436332313, 0, 0, -0.174532925, 0, 0, 0, 0, 0, 
        0, 0.174532925, 0.174532925, 0, -0.436332313, 0, 0, -0.174532925, 0, 0, 
        0, 0, 0, 0 ]
      ikLinks: 
        - 
          name: WAIST
          index: 0
          isBaseLink: true
          translation: [ 0.650000024, -0.00169999895, 0.623699681 ]
          rotation: [ 
            0.913545885, 8.48654042e-10, 0.406735683, 
            -6.40902408e-10, 1, -6.47005649e-10, 
            -0.406735683, 3.3039147e-10, 0.913545885 ]
        - 
          name: RLEG_JOINT5
          index: 6
          translation: [ 0.749999998, -0.095, 0.104500517 ]
          rotation: [ 
            1, 2.79224731e-10, 8.56394439e-08, 
            -2.7922474e-10, 1, 1.11754806e-10, 
            -8.56394439e-08, -1.11754831e-10, 1 ]
          isTouching: true
          partingDirection: [ 0, 0, 1 ]
        - 
          name: RLEG_JOINT6
          index: 7
          translation: [ 0.864999992, -0.0950000001, 0.0305005072 ]
          rotation: [ 
            1, 2.79224731e-10, 8.56394439e-08, 
            -2.7922474e-10, 1, 1.11754806e-10, 
            -8.56394439e-08, -1.11754831e-10, 1 ]
          isTouching: true
          partingDirection: [ 0, 0, 1 ]
          isSlave: true
        - 
          name: LLEG_JOINT5
          index: 13
          translation: [ 0.35000015, 0.0949999995, 0.155000113 ]
          rotation: [ 
            1, 1.15754034e-10, 1.10193732e-08, 
            -1.15754034e-10, 1, 3.77297499e-11, 
            -1.10193732e-08, -3.77297503e-11, 1 ]
        - 
          name: LLEG_JOINT6
          index: 14
          translation: [ 0.465000149, 0.0949999995, 0.081000112 ]
          rotation: [ 
            1, 1.15754034e-10, 1.10193732e-08, 
            -1.15754034e-10, 1, 3.77297499e-11, 
            -1.10193732e-08, -3.77297503e-11, 1 ]
          isSlave: true
        - 
          name: RARM_JOINT6
          index: 25
          translation: [ 0.727945561, -0.364456717, 0.644983398 ]
          rotation: [ 
            0.994974925, -0.0971026764, -0.0244124678, 
            0.0996005019, 0.984807753, 0.142244259, 
            0.0102292893, -0.143960965, 0.989530496 ]
        - 
          name: LARM_JOINT6
          index: 38
          translation: [ 0.727945562, 0.361056719, 0.644983399 ]
          rotation: [ 
            0.994974925, 0.0971026781, -0.024412468, 
            -0.0996005036, 0.984807753, -0.14224426, 
            0.0102292892, 0.143960966, 0.989530496 ]
