# Body pose sequence format version 1.0 defined by cnoid-Robotics

type: PoseSeq
name: "crab-step"
targetBody: "JAXON_RED"
refs: 
  - 
    time: 0
    refer: 
      type: Pose
      name: ""
      joints: [ 
        0, 1, 2, 3, 4, 5, 6, 7, 8, 9, 
        10, 11, 12, 13, 14, 15, 16, 17, 18, 19, 
        20, 21, 22, 23, 24, 25, 26, 27, 28, 29, 
        30, 31, 32, 33, 34, 35, 36 ]
      q: [ 
        0.000174358392, -0.129469012, -0.230402563, 0.598663309, -0.368260747, 0.129469012, 0.000174358392, 0.129491335, -0.230451375, 0.598664696, 
        -0.368213321, -0.129491335, 0, 0, 0, 0, 0, 0, 0.698131701, -0.34906585, 
        -0.0872664626, -1.3962634, 0, 0, -0.34906585, 0, 0.698131701, 0.34906585, 0.0872664626, -1.3962634, 
        0, 0, -0.34906585, -1.3962634, 1.3962634, -1.3962634, 1.3962634 ]
      ikLinks: 
        - 
          name: WAIST
          index: 0
          isBaseLink: true
          translation: [ 0.05, 0, 0.98 ]
          rotation: [ 
            1, 0, 0, 
            0, 1, 0, 
            0, 0, 1 ]
        - 
          name: LARM_JOINT7
          index: 14
          translation: [ 0.0698425732, 0.371456088, 0.979514795 ]
          rotation: [ 
            0.459003031, 0.152244556, -0.875292987, 
            -0.351045806, 0.936116807, -0.0212641954, 
            0.816139118, 0.317028262, 0.483125264 ]
        - 
          name: RARM_JOINT7
          index: 24
          translation: [ 0.0698425732, -0.371456088, 0.979514795 ]
          rotation: [ 
            0.459003031, -0.152244556, -0.875292987, 
            0.351045806, 0.936116807, 0.0212641954, 
            0.816139118, -0.317028262, 0.483125264 ]
        - 
          name: LLEG_JOINT5
          index: 32
          translation: [ 3.66372306e-07, 0.200000137, 0.0995007738 ]
          rotation: [ 
            0.999999985, -0.000174358391, -7.72460167e-17, 
            0.000174358391, 0.999999985, 5.82867088e-16, 
            1.11022302e-16, -6.10622664e-16, 1 ]
          isTouching: true
          partingDirection: [ 0, 0, 1 ]
        - 
          name: RLEG_JOINT5
          index: 38
          translation: [ 3.66034402e-07, -0.200000139, 0.0995007736 ]
          rotation: [ 
            0.999999985, -0.000174358391, -3.12995615e-16, 
            0.000174358391, 0.999999985, 0, 
            2.77555756e-16, 0, 1 ]
          isTouching: true
          partingDirection: [ 0, 0, 1 ]
  - 
    time: 0.5
    refer: 
      type: Pose
      name: ""
      joints: [ 
        0, 1, 2, 3, 4, 5, 6, 7, 8, 9, 
        10, 11, 12, 13, 14, 15, 16 ]
      q: [ 
        0.000174358567, -0.129469369, -0.230402393, 0.598663347, -0.368260953, 0.129469369, 0.000174358392, 0.129491335, -0.230451375, 0.598664696, 
        -0.368213321, -0.129491335, 0, 0, 0, 0, 0 ]
      ikLinks: 
        - 
          name: WAIST
          index: 0
          isBaseLink: true
          translation: [ 0.05, 0, 0.98 ]
          rotation: [ 
            1, 0, 0, 
            0, 1, 0, 
            0, 0, 1 ]
        - 
          name: LLEG_JOINT5
          index: 32
          translation: [ 3.66372306e-07, 0.200000137, 0.0995007738 ]
          rotation: [ 
            0.999999985, -0.000174358391, -7.72460167e-17, 
            0.000174358391, 0.999999985, 5.82867088e-16, 
            1.11022302e-16, -6.10622664e-16, 1 ]
          isTouching: true
          partingDirection: [ 0, 0, 1 ]
        - 
          name: RLEG_JOINT5
          index: 38
          translation: [ 2.30316635e-07, -0.200000411, 0.0995008227 ]
          rotation: [ 
            0.999999985, -0.000174358566, -3.38098283e-16, 
            0.000174358566, 0.999999985, 0, 
            2.77555756e-16, 0, 1 ]
          isTouching: true
          partingDirection: [ 0, 0, 1 ]
  - 
    time: 0.8
    refer: 
      type: Pose
      name: ""
      joints: [ 
        0, 1, 2, 3, 4, 5, 6, 7, 8, 9, 
        10, 11, 15, 16, 17, 18, 19, 20, 21, 22, 
        23, 24, 25, 26, 27, 28, 29, 30, 31, 32, 
        33, 34, 35, 36 ]
      q: [ 
        -0.523424417, -0.105704173, -0.465040158, 0.971038385, -0.505998227, 0.105704173, 0.523424417, 0.201983171, -0.492426027, 0.905456969, 
        -0.413030943, -0.201983171, 0, 0, 0, 0.698131701, -0.34906585, -0.0872664626, -1.3962634, 0, 
        0, -0.34906585, 0, 0.698131701, 0.34906585, 0.0872664626, -1.3962634, 0, 0, -0.34906585, 
        -1.3962634, 1.3962634, -1.3962634, 1.3962634 ]
      ikLinks: 
        - 
          name: WAIST
          index: 0
          translation: [ 0.05, 0.0091, 0.93 ]
          rotation: [ 
            1, 0, 0, 
            0, 1, 0, 
            -0, 0, 1 ]
        - 
          name: LARM_JOINT7
          index: 14
          translation: [ 0.0698425732, 0.380556088, 0.929514795 ]
          rotation: [ 
            0.459003031, 0.152244556, -0.875292987, 
            -0.351045806, 0.936116807, -0.0212641954, 
            0.816139118, 0.317028262, 0.483125264 ]
        - 
          name: RARM_JOINT7
          index: 24
          translation: [ 0.0698425732, -0.362356088, 0.929514795 ]
          rotation: [ 
            0.459003031, -0.152244556, -0.875292987, 
            0.351045806, 0.936116807, 0.0212641954, 
            0.816139118, -0.317028262, 0.483125264 ]
        - 
          name: LLEG_JOINT5
          index: 32
          translation: [ 1.09329577e-07, 0.250000773, 0.0995024667 ]
          rotation: [ 
            0.86611257, -0.499848993, -2.91433544e-16, 
            0.499848993, 0.86611257, 5.55111512e-16, 
            -5.55111512e-17, -6.10622664e-16, 1 ]
          isTouching: true
          partingDirection: [ 0, 0, 1 ]
        - 
          name: RLEG_JOINT5
          index: 38
          translation: [ 3.16525405e-07, -0.149999742, 0.0995020236 ]
          rotation: [ 
            0.86611257, 0.499848993, -1.5959456e-15, 
            -0.499848993, 0.86611257, 7.49400542e-16, 
            1.83186799e-15, 1.38777878e-16, 1 ]
          isTouching: true
          partingDirection: [ 0, 0, 1 ]
  - 
    time: 0.9
    refer: 
      type: Pose
      name: ""
      joints: [ 
        0, 1, 2, 3, 4, 5, 6, 7, 8, 9, 
        10, 11, 15, 16 ]
      q: [ 
        -0.523424417, -0.104263631, -0.436513258, 0.913387807, -0.476874549, 0.104263631, 0.523424417, 0.199283661, -0.461451072, 0.844740563, 
        -0.383289491, -0.199283661, 0, 0 ]
      ikLinks: 
        - 
          name: WAIST
          index: 0
          translation: [ 0.05, 0.0091, 0.94 ]
          rotation: [ 
            1, -2.5050878e-17, 5.55111512e-17, 
            2.5050878e-17, 1, 5.1444479e-17, 
            -5.55111512e-17, -5.1444479e-17, 1 ]
        - 
          name: LLEG_JOINT5
          index: 32
          translation: [ -3.30335385e-05, 0.249979711, 0.0995168876 ]
          rotation: [ 
            0.86611257, -0.499848993, -2.49800181e-16, 
            0.499848993, 0.86611257, 5.55111512e-16, 
            0, -5.82867088e-16, 1 ]
          isTouching: true
          partingDirection: [ 0, 0, 1 ]
        - 
          name: RLEG_JOINT5
          index: 38
          translation: [ -8.85458057e-08, -0.150000221, 0.0995022401 ]
          rotation: [ 
            0.86611257, 0.499848993, 6.9388939e-17, 
            -0.499848993, 0.86611257, 1.38777878e-17, 
            0, -8.32667268e-17, 1 ]
          isTouching: true
          partingDirection: [ 0, 0, 1 ]
  - 
    time: 1.2
    refer: 
      type: Pose
      name: ""
      joints: [ 
        0, 1, 2, 3, 4, 5, 6, 7, 8, 9, 
        10, 11, 12, 13, 14, 15, 16, 17, 18, 19, 
        20, 21, 22, 23, 24, 25, 26, 27, 28, 29, 
        30, 31, 32, 33, 34, 35, 36 ]
      q: [ 
        0.523424416, -0.00692848563, -0.238979136, 0.646915057, -0.407935921, 0.00692848563, -0.523127834, 0.152396033, -0.0710269516, 0.484595737, 
        -0.413568786, -0.152396033, 0, 0, 0, 0, 0, 0, 0.174532925, -0.698131701, 
        0.698131701, -1.74532925, 0, 0, -0.34906585, 0, 0.174532925, 0.698131701, -0.698131701, -1.74532925, 
        0, 0, -0.34906585, -1.3962634, 1.3962634, -1.3962634, 1.3962634 ]
      ikLinks: 
        - 
          name: WAIST
          index: 0
          translation: [ 0.05, 0.035, 0.98 ]
          rotation: [ 
            1, -5.99749835e-16, 9.99200722e-16, 
            5.99749835e-16, 1, 8.01114041e-16, 
            -9.99200722e-16, -8.01114041e-16, 1 ]
        - 
          name: LARM_JOINT7
          index: 14
          translation: [ 0.231104221, 0.272533071, 1.07257908 ]
          rotation: [ 
            -0.226129007, 0.718527257, -0.657711375, 
            -0.310468463, 0.586824089, 0.74782807, 
            0.92329573, 0.373304258, 0.0903821049 ]
        - 
          name: RARM_JOINT7
          index: 24
          translation: [ 0.231104221, -0.202533071, 1.07257908 ]
          rotation: [ 
            -0.226129007, -0.718527257, -0.657711375, 
            0.310468463, 0.586824089, -0.74782807, 
            0.92329573, -0.373304258, 0.0903821049 ]
        - 
          name: LLEG_JOINT5
          index: 32
          translation: [ -2.72491534e-07, 0.300001592, 0.0995003366 ]
          rotation: [ 
            0.866260779, 0.499592097, -8.8817842e-16, 
            -0.499592097, 0.866260779, 5.93969318e-15, 
            3.71924713e-15, -4.71844785e-15, 1 ]
          isTouching: true
          partingDirection: [ 0, 0, 1 ]
        - 
          name: RLEG_JOINT5
          index: 38
          translation: [ -1.371863e-06, -0.100000411, 0.0995001649 ]
          rotation: [ 
            0.86611257, -0.499848993, 7.24247051e-17, 
            0.499848993, 0.86611257, -4.59701721e-16, 
            1.66533454e-16, 3.97251676e-16, 1 ]
          isTouching: true
          partingDirection: [ 0, 0, 1 ]
  - 
    time: 1.3
    refer: 
      type: Pose
      name: ""
      joints: [ 
        0, 1, 2, 3, 4, 5, 6, 7, 8, 9, 
        10, 11, 12, 13, 14, 15, 16 ]
      q: [ 
        0.523424416, -0.00702096165, -0.276780092, 0.724892985, -0.448112892, 0.00702096165, -0.523424416, 0.154325241, -0.117293379, 0.581850459, 
        -0.46455708, -0.154325241, 0, 0, 0, 0, 0 ]
      ikLinks: 
        - 
          name: WAIST
          index: 0
          translation: [ 0.05, 0.035, 0.97 ]
          rotation: [ 
            1, -5.39017077e-16, 7.77156117e-16, 
            5.39017077e-16, 1, 7.07145553e-16, 
            -7.77156117e-16, -7.07145553e-16, 1 ]
        - 
          name: LLEG_JOINT5
          index: 32
          translation: [ -1.32739883e-07, 0.300000056, 0.099500156 ]
          rotation: [ 
            0.86611257, 0.499848993, 8.32667268e-17, 
            -0.499848993, 0.86611257, 1.19348975e-15, 
            5.55111512e-16, -1.11022302e-15, 1 ]
          isTouching: true
          partingDirection: [ 0, 0, 1 ]
        - 
          name: RLEG_JOINT5
          index: 38
          translation: [ -1.37214598e-06, -0.100001352, 0.0995001673 ]
          rotation: [ 
            0.86611257, -0.499848993, -3.51281504e-17, 
            0.499848993, 0.86611257, -4.98732999e-16, 
            3.88578059e-16, 4.0939474e-16, 1 ]
          isTouching: true
          partingDirection: [ 0, 0, 1 ]
  - 
    time: 1.6
    refer: 
      type: Pose
      name: ""
      joints: [ 
        0, 1, 2, 3, 4, 5, 6, 7, 8, 9, 
        10, 11, 12, 13, 14, 15, 16, 17, 18, 19, 
        20, 21, 22, 23, 24, 25, 26, 27, 28, 29, 
        30, 31, 32, 33, 34, 35, 36 ]
      q: [ 
        -0.527171115, -0.123124281, -0.501300228, 1.02903072, -0.571647225, 0.0476007371, 0.513845466, 0.17984554, -0.41714503, 0.776298268, 
        -0.31485419, -0.255659249, -0.0872664626, 0, 0.261799388, 0, 0, 0, 0, -0.261799388, 
        -0.0872664626, -1.74532925, 0, 0, -0.34906585, 0, 0.523598776, 0.261799388, 0.0872664626, -1.74532925, 
        0, 0, -0.34906585, -1.3962634, 1.3962634, -1.3962634, 1.3962634 ]
      ikLinks: 
        - 
          name: WAIST
          index: 0
          isBaseLink: true
          translation: [ 0.05, 0.05, 0.93 ]
          rotation: [ 
            1, 0, 0, 
            0, 0.996194698, -0.0871557427, 
            -0, 0.0871557427, 0.996194698 ]
        - 
          name: LARM_JOINT7
          index: 14
          translation: [ 0.110679991, 0.377144305, 1.01902539 ]
          rotation: [ 
            0.0507997362, -0.197431537, -0.978999579, 
            -0.262016931, 0.943293077, -0.203826638, 
            0.963725332, 0.266868804, -0.0038113659 ]
        - 
          name: RARM_JOINT7
          index: 24
          translation: [ 0.433994653, -0.183521354, 1.13904995 ]
          rotation: [ 
            -0.550032261, -0.164862692, -0.818709231, 
            0.128247979, 0.952019873, -0.277867986, 
            0.825237522, -0.257834161, -0.502498336 ]
        - 
          name: LLEG_JOINT5
          index: 32
          translation: [ 4.30989969e-07, 0.34999866, 0.0995037596 ]
          rotation: [ 
            0.866112778, -0.499848633, -2.79516285e-07, 
            0.499848633, 0.866112778, 1.17921191e-05, 
            -5.652182e-06, -1.03530209e-05, 1 ]
          isTouching: true
          partingDirection: [ 0, 0, 1 ]
        - 
          name: RLEG_JOINT5
          index: 38
          translation: [ 3.56818195e-07, -0.0500019828, 0.0995027631 ]
          rotation: [ 
            0.86611301, 0.49984823, 4.18374768e-07, 
            -0.49984823, 0.86611301, 1.20184505e-05, 
            5.6450414e-06, -1.06184603e-05, 1 ]
          isTouching: true
          partingDirection: [ 0, 0, 1 ]
  - 
    time: 1.7
    refer: 
      type: Pose
      name: ""
      joints: [ 
        0, 1, 2, 3, 4, 5, 6, 7, 8, 9, 
        10, 11, 15, 16 ]
      q: [ 
        -0.527184497, -0.122464503, -0.474821334, 0.974373743, -0.543492434, 0.0468916158, 0.512764256, 0.176555321, -0.380893348, 0.70615212, 
        -0.280633794, -0.252983318, 0, 0 ]
      ikLinks: 
        - 
          name: WAIST
          index: 0
          isBaseLink: true
          translation: [ 0.05, 0.05, 0.94 ]
          rotation: [ 
            1, 0, 0, 
            0, 0.996194698, -0.0871557427, 
            -0, 0.0871557427, 0.996194698 ]
        - 
          name: LLEG_JOINT5
          index: 32
          translation: [ 5.60032411e-07, 0.349998332, 0.0995037939 ]
          rotation: [ 
            0.866680326, -0.498863914, 9.44002791e-05, 
            0.498863729, 0.86668014, 0.000717034019, 
            -0.000439517244, -0.000574346402, 0.999999738 ]
          isTouching: true
          partingDirection: [ 0, 0, 1 ]
        - 
          name: RLEG_JOINT5
          index: 38
          translation: [ 4.61929052e-07, -0.0500018359, 0.0995028754 ]
          rotation: [ 
            0.86609243, 0.49988389, 5.23463437e-06, 
            -0.499883889, 0.866092428, 6.7618609e-05, 
            2.92677761e-05, -6.11806747e-05, 0.999999998 ]
          isTouching: true
          partingDirection: [ 0, 0, 1 ]
  - 
    time: 2
    refer: 
      type: Pose
      name: ""
      joints: [ 
        0, 1, 2, 3, 4, 5, 6, 7, 8, 9, 
        10, 11, 12, 13, 14, 15, 16, 17, 18, 19, 
        20, 21, 22, 23, 24, 25, 26, 27, 28, 29, 
        30, 31, 32, 33, 34, 35, 36 ]
      q: [ 
        0.523424416, -0.00692848563, -0.238979136, 0.646915057, -0.407935921, 0.00692848563, -0.523424416, 0.152347978, -0.0709771882, 0.484591078, 
        -0.41361389, -0.152347978, 0, 0, 0, 0, 0, 0, 0.174532925, -0.698131701, 
        0.698131701, -1.74532925, 0, 0, -0.34906585, 0, 0.174532925, 0.698131701, -0.698131701, -1.74532925, 
        0, 0, -0.34906585, -1.3962634, 1.3962634, -1.3962634, 1.3962634 ]
      ikLinks: 
        - 
          name: WAIST
          index: 0
          translation: [ 0.05, 0.035, 0.98 ]
          rotation: [ 
            1, -5.99749835e-16, 9.99200722e-16, 
            5.99749835e-16, 1, 8.01114041e-16, 
            -9.99200722e-16, -8.01114041e-16, 1 ]
        - 
          name: LARM_JOINT7
          index: 14
          translation: [ 0.231104221, 0.272533071, 1.07257908 ]
          rotation: [ 
            -0.226129007, 0.718527257, -0.657711375, 
            -0.310468463, 0.586824089, 0.74782807, 
            0.92329573, 0.373304258, 0.0903821049 ]
        - 
          name: RARM_JOINT7
          index: 24
          translation: [ 0.231104221, -0.202533071, 1.07257908 ]
          rotation: [ 
            -0.226129007, -0.718527257, -0.657711375, 
            0.310468463, 0.586824089, -0.74782807, 
            0.92329573, -0.373304258, 0.0903821049 ]
        - 
          name: LLEG_JOINT5
          index: 32
          translation: [ -1.32114053e-07, 0.300000994, 0.0995001518 ]
          rotation: [ 
            0.86611257, 0.499848993, -9.15933995e-16, 
            -0.499848993, 0.86611257, 1.83186799e-15, 
            1.72084569e-15, -1.08246745e-15, 1 ]
          isTouching: true
          partingDirection: [ 0, 0, 1 ]
        - 
          name: RLEG_JOINT5
          index: 38
          translation: [ -1.371863e-06, -0.100000411, 0.0995001649 ]
          rotation: [ 
            0.86611257, -0.499848993, 7.24247051e-17, 
            0.499848993, 0.86611257, -4.59701721e-16, 
            1.66533454e-16, 3.97251676e-16, 1 ]
          isTouching: true
          partingDirection: [ 0, 0, 1 ]
  - 
    time: 2.1
    refer: 
      type: Pose
      name: ""
      joints: [ 
        0, 1, 2, 3, 4, 5, 6, 7, 8, 9, 
        10, 11, 12, 13, 14, 15, 16 ]
      q: [ 
        0.523424416, -0.00702096165, -0.276780092, 0.724892985, -0.448112892, 0.00702096165, -0.523424416, 0.154325241, -0.117293379, 0.581850459, 
        -0.46455708, -0.154325241, 0, 0, 0, 0, 0 ]
      ikLinks: 
        - 
          name: WAIST
          index: 0
          translation: [ 0.05, 0.035, 0.97 ]
          rotation: [ 
            1, -5.39017077e-16, 7.77156117e-16, 
            5.39017077e-16, 1, 7.07145553e-16, 
            -7.77156117e-16, -7.07145553e-16, 1 ]
        - 
          name: LLEG_JOINT5
          index: 32
          translation: [ -1.32739883e-07, 0.300000056, 0.099500156 ]
          rotation: [ 
            0.86611257, 0.499848993, 8.32667268e-17, 
            -0.499848993, 0.86611257, 1.19348975e-15, 
            5.55111512e-16, -1.11022302e-15, 1 ]
          isTouching: true
          partingDirection: [ 0, 0, 1 ]
        - 
          name: RLEG_JOINT5
          index: 38
          translation: [ -1.37214598e-06, -0.100001352, 0.0995001673 ]
          rotation: [ 
            0.86611257, -0.499848993, -3.51281504e-17, 
            0.499848993, 0.86611257, -4.98732999e-16, 
            3.88578059e-16, 4.0939474e-16, 1 ]
          isTouching: true
          partingDirection: [ 0, 0, 1 ]
  - 
    time: 2.4
    refer: 
      type: Pose
      name: ""
      joints: [ 
        0, 1, 2, 3, 4, 5, 6, 7, 8, 9, 
        10, 11, 15, 16, 17, 18, 19, 20, 21, 22, 
        23, 24, 25, 26, 27, 28, 29, 30, 31, 32, 
        33, 34, 35, 36 ]
      q: [ 
        -0.523424417, -0.124630217, -0.472732361, 0.962734939, -0.490002579, 0.124630217, 0.523424416, 0.183507129, -0.489575265, 0.922787012, 
        -0.433211748, -0.183507129, 0, 0, 0, 0.698131701, -0.34906585, -0.0872664626, -1.3962634, 0, 
        0, -0.34906585, 0, 0.698131701, 0.34906585, 0.0872664626, -1.3962634, 0, 0, -0.34906585, 
        -1.3962634, 1.3962634, -1.3962634, 1.3962634 ]
      ikLinks: 
        - 
          name: WAIST
          index: 0
          translation: [ 0.05, 0.025, 0.93 ]
          rotation: [ 
            1, 0, 0, 
            0, 1, 0, 
            -0, 0, 1 ]
        - 
          name: LARM_JOINT7
          index: 14
          translation: [ 0.0698425732, 0.396456088, 0.929514795 ]
          rotation: [ 
            0.459003031, 0.152244556, -0.875292987, 
            -0.351045806, 0.936116807, -0.0212641954, 
            0.816139118, 0.317028262, 0.483125264 ]
        - 
          name: RARM_JOINT7
          index: 24
          translation: [ 0.0698425732, -0.346456088, 0.929514795 ]
          rotation: [ 
            0.459003031, -0.152244556, -0.875292987, 
            0.351045806, 0.936116807, 0.0212641954, 
            0.816139118, -0.317028262, 0.483125264 ]
        - 
          name: LLEG_JOINT5
          index: 32
          translation: [ 2.42507986e-07, 0.250000524, 0.0995023753 ]
          rotation: [ 
            0.866112571, -0.499848992, -8.51570342e-10, 
            0.499848992, 0.866112571, -4.91456403e-10, 
            9.83209736e-10, 0, 1 ]
          isTouching: true
          partingDirection: [ 0, 0, 1 ]
        - 
          name: RLEG_JOINT5
          index: 38
          translation: [ 3.17988845e-07, -0.149999668, 0.0995020585 ]
          rotation: [ 
            0.86611257, 0.499848993, -2.15105711e-16, 
            -0.499848993, 0.86611257, -9.71445147e-17, 
            5.55111512e-17, 2.22044605e-16, 1 ]
          isTouching: true
          partingDirection: [ 0, 0, 1 ]
  - 
    time: 2.5
    refer: 
      type: Pose
      name: ""
      joints: [ 
        0, 1, 2, 3, 4, 5, 6, 7, 8, 9, 
        10, 11, 15, 16 ]
      q: [ 
        -0.523424417, -0.122935589, -0.443847716, 0.904714932, -0.460867217, 0.122935589, 0.523424417, 0.181042505, -0.459213048, 0.862865083, 
        -0.403652035, -0.181042505, 0, 0 ]
      ikLinks: 
        - 
          name: WAIST
          index: 0
          translation: [ 0.05, 0.025, 0.94 ]
          rotation: [ 
            1, -2.5050878e-17, 5.55111512e-17, 
            2.5050878e-17, 1, 5.1444479e-17, 
            -5.55111512e-17, -5.1444479e-17, 1 ]
        - 
          name: LLEG_JOINT5
          index: 32
          translation: [ -2.02285034e-08, 0.250001178, 0.0995026731 ]
          rotation: [ 
            0.86611257, -0.499848993, -9.71445147e-17, 
            0.499848993, 0.86611257, 4.16333634e-16, 
            0, -4.99600361e-16, 1 ]
          isTouching: true
          partingDirection: [ 0, 0, 1 ]
        - 
          name: RLEG_JOINT5
          index: 38
          translation: [ 3.22407448e-07, -0.149999665, 0.099502199 ]
          rotation: [ 
            0.86611257, 0.499848993, -8.59575959e-10, 
            -0.499848993, 0.86611257, 4.96076721e-10, 
            9.92453009e-10, -8.32667268e-17, 1 ]
          isTouching: true
          partingDirection: [ 0, 0, 1 ]
  - 
    time: 2.8
    refer: 
      type: Pose
      name: ""
      joints: [ 
        0, 1, 2, 3, 4, 5, 6, 7, 8, 9, 
        10, 11, 12, 13, 14, 15, 16, 17, 18, 19, 
        20, 21, 22, 23, 24, 25, 26, 27, 28, 29, 
        30, 31, 32, 33, 34, 35, 36 ]
      q: [ 
        0.523424417, -0.096845907, -0.149593501, 0.576732706, -0.427139204, 0.096845907, -0.523424417, 0.0632329994, -0.187594539, 0.61253567, 
        -0.424941131, -0.0632329994, 0, 0, 0, 0, 0, 0, 0.174532925, -0.698131701, 
        0.698131701, -1.74532925, 0, 0, -0.34906585, 0, 0.174532925, 0.698131701, -0.698131701, -1.74532925, 
        0, 0, -0.34906585, -1.3962634, 1.3962634, -1.3962634, 1.3962634 ]
      ikLinks: 
        - 
          name: WAIST
          index: 0
          isBaseLink: true
          translation: [ 0.05, 0.015, 0.98 ]
          rotation: [ 
            1, 0, 0, 
            0, 1, 0, 
            0, 0, 1 ]
        - 
          name: LARM_JOINT7
          index: 14
          translation: [ 0.231104221, 0.252533071, 1.07257908 ]
          rotation: [ 
            -0.226129007, 0.718527257, -0.657711375, 
            -0.310468463, 0.586824089, 0.74782807, 
            0.92329573, 0.373304258, 0.0903821049 ]
        - 
          name: RARM_JOINT7
          index: 24
          translation: [ 0.231104221, -0.222533071, 1.07257908 ]
          rotation: [ 
            -0.226129007, -0.718527257, -0.657711375, 
            0.310468463, 0.586824089, -0.74782807, 
            0.92329573, -0.373304258, 0.0903821049 ]
        - 
          name: LLEG_JOINT5
          index: 32
          translation: [ 1.47297501e-07, 0.200000607, 0.0995008483 ]
          rotation: [ 
            0.86611257, 0.499848993, 2.77555756e-17, 
            -0.499848993, 0.86611257, 7.42461648e-16, 
            3.88578059e-16, -6.66133815e-16, 1 ]
          isTouching: true
          partingDirection: [ 0, 0, 1 ]
        - 
          name: RLEG_JOINT5
          index: 38
          translation: [ 1.49344167e-07, -0.20000047, 0.0995008961 ]
          rotation: [ 
            0.86611257, -0.499848993, 9.02056208e-17, 
            0.499848993, 0.86611257, -9.29811783e-16, 
            3.88578059e-16, 8.18789481e-16, 1 ]
          isTouching: true
          partingDirection: [ 0, 0, 1 ]
  - 
    time: 2.9
    refer: 
      type: Pose
      name: ""
      joints: [ 
        0, 1, 2, 3, 4, 5, 6, 7, 8, 9, 
        10, 11, 12, 13, 14, 15, 16 ]
      q: [ 
        0.523424417, -0.0981158547, -0.190235397, 0.661848408, -0.471613011, 0.0981158547, -0.523424417, 0.0640653748, -0.226580972, 0.693816451, 
        -0.467235479, -0.0640653748, 0, 0, 0, 0, 0 ]
      ikLinks: 
        - 
          name: WAIST
          index: 0
          isBaseLink: true
          translation: [ 0.05, 0.015, 0.97 ]
          rotation: [ 
            1, 0, 0, 
            0, 1, 0, 
            0, 0, 1 ]
        - 
          name: LLEG_JOINT5
          index: 32
          translation: [ -2.12538844e-07, 0.200001218, 0.0995005389 ]
          rotation: [ 
            0.86611257, 0.499848993, -6.9388939e-18, 
            -0.499848993, 0.86611257, 8.39606162e-16, 
            4.99600361e-16, -7.07767178e-16, 1 ]
          isTouching: true
          partingDirection: [ 0, 0, 1 ]
        - 
          name: RLEG_JOINT5
          index: 38
          translation: [ -6.95177683e-08, -0.200001008, 0.0995005963 ]
          rotation: [ 
            0.86611257, -0.499848993, -1.38777878e-17, 
            0.499848993, 0.86611257, -4.16333634e-17, 
            0, 1.38777878e-17, 1 ]
          isTouching: true
          partingDirection: [ 0, 0, 1 ]
  - 
    time: 3.2
    refer: 
      type: Pose
      name: ""
      joints: [ 
        0, 1, 2, 3, 4, 5, 6, 7, 8, 9, 
        10, 11, 12, 13, 14, 15, 16, 17, 18, 19, 
        20, 21, 22, 23, 24, 25, 26, 27, 28, 29, 
        30, 31, 32, 33, 34, 35, 36 ]
      q: [ 
        -0.516366406, -0.123389575, -0.419628111, 0.850445318, -0.386899051, 0.199148385, 0.529877405, 0.183694438, -0.53309354, 1.01602952, 
        -0.527266422, -0.108229839, 0.0872664626, 0, -0.261799388, 0, 0, 0, 0.523598776, -0.261799388, 
        -0.0872664626, -1.74532925, 0, 0, -0.34906585, 0, 0, 0.261799388, 0.0872664626, -1.74532925, 
        0, 0, -0.34906585, -1.3962634, 1.3962634, -1.3962634, 1.3962634 ]
      ikLinks: 
        - 
          name: WAIST
          index: 0
          isBaseLink: true
          translation: [ 0.05, 0, 0.93 ]
          rotation: [ 
            1, -0, 0, 
            0, 0.996194698, 0.0871557427, 
            -0, -0.0871557427, 0.996194698 ]
        - 
          name: LARM_JOINT7
          index: 14
          translation: [ 0.433994653, 0.233521354, 1.13904995 ]
          rotation: [ 
            -0.550032261, 0.164862692, -0.818709231, 
            -0.128247979, 0.952019873, 0.277867986, 
            0.825237522, 0.257834161, -0.502498336 ]
        - 
          name: RARM_JOINT7
          index: 24
          translation: [ 0.110679991, -0.327144305, 1.01902539 ]
          rotation: [ 
            0.0507997362, 0.197431537, -0.978999579, 
            0.262016931, 0.943293077, 0.203826638, 
            0.963725332, -0.266868804, -0.0038113659 ]
        - 
          name: LLEG_JOINT5
          index: 32
          translation: [ -3.67046598e-07, 0.150000847, 0.0995021261 ]
          rotation: [ 
            0.866112706, -0.499848757, 4.24297691e-07, 
            0.499848757, 0.866112706, -1.20766532e-05, 
            5.66901047e-06, 1.06718275e-05, 1 ]
          isTouching: true
          partingDirection: [ 0, 0, 1 ]
        - 
          name: RLEG_JOINT5
          index: 38
          translation: [ -9.44041605e-08, -0.249999734, 0.0995017357 ]
          rotation: [ 
            0.866112513, 0.499849093, -4.00660843e-07, 
            -0.499849093, 0.866112512, -1.17897773e-05, 
            -5.5460921e-06, 1.04115436e-05, 1 ]
          isTouching: true
          partingDirection: [ 0, 0, 1 ]
  - 
    time: 3.3
    refer: 
      type: Pose
      name: ""
      joints: [ 
        0, 1, 2, 3, 4, 5, 6, 7, 8, 9, 
        10, 11, 12, 13, 14, 15, 16 ]
      q: [ 
        -0.516482813, -0.120760108, -0.386690678, 0.785611643, -0.355016983, 0.196516383, 0.529810162, 0.182203454, -0.505790951, 0.960881381, 
        -0.499408641, -0.106737391, 0.0872664626, 0, -0.261799388, 0, 0 ]
      ikLinks: 
        - 
          name: WAIST
          index: 0
          isBaseLink: true
          translation: [ 0.05, 0, 0.94 ]
          rotation: [ 
            1, -0, 0, 
            0, 0.996194698, 0.0871557427, 
            -0, -0.0871557427, 0.996194698 ]
        - 
          name: LLEG_JOINT5
          index: 32
          translation: [ -3.67654149e-07, 0.150000846, 0.0995022504 ]
          rotation: [ 
            0.866112702, -0.499848765, 4.22880163e-07, 
            0.499848765, 0.866112702, -1.20758215e-05, 
            5.66982257e-06, 1.06703985e-05, 1 ]
          isTouching: true
          partingDirection: [ 0, 0, 1 ]
        - 
          name: RLEG_JOINT5
          index: 38
          translation: [ -9.2544403e-08, -0.249999723, 0.0995018664 ]
          rotation: [ 
            0.866112511, 0.499849096, -4.00951638e-07, 
            -0.499849096, 0.866112511, -1.17921672e-05, 
            -5.54703487e-06, 1.04137588e-05, 1 ]
          isTouching: true
          partingDirection: [ 0, 0, 1 ]
  - 
    time: 3.6
    refer: 
      type: Pose
      name: ""
      joints: [ 
        0, 1, 2, 3, 4, 5, 6, 7, 8, 9, 
        10, 11, 12, 13, 14, 15, 16, 17, 18, 19, 
        20, 21, 22, 23, 24, 25, 26, 27, 28, 29, 
        30, 31, 32, 33, 34, 35, 36 ]
      q: [ 
        0.523424417, -0.096845907, -0.149593501, 0.576732706, -0.427139204, 0.096845907, -0.523424417, 0.0632329994, -0.187594539, 0.61253567, 
        -0.424941131, -0.0632329994, 0, 0, 0, 0, 0, 0, 0.174532925, -0.698131701, 
        0.698131701, -1.74532925, 0, 0, -0.34906585, 0, 0.174532925, 0.698131701, -0.698131701, -1.74532925, 
        0, 0, -0.34906585, -1.3962634, 1.3962634, -1.3962634, 1.3962634 ]
      ikLinks: 
        - 
          name: WAIST
          index: 0
          isBaseLink: true
          translation: [ 0.05, 0.015, 0.98 ]
          rotation: [ 
            1, 0, 0, 
            0, 1, 0, 
            0, 0, 1 ]
        - 
          name: LARM_JOINT7
          index: 14
          translation: [ 0.231104221, 0.252533071, 1.07257908 ]
          rotation: [ 
            -0.226129007, 0.718527257, -0.657711375, 
            -0.310468463, 0.586824089, 0.74782807, 
            0.92329573, 0.373304258, 0.0903821049 ]
        - 
          name: RARM_JOINT7
          index: 24
          translation: [ 0.231104221, -0.222533071, 1.07257908 ]
          rotation: [ 
            -0.226129007, -0.718527257, -0.657711375, 
            0.310468463, 0.586824089, -0.74782807, 
            0.92329573, -0.373304258, 0.0903821049 ]
        - 
          name: LLEG_JOINT5
          index: 32
          translation: [ 1.47297501e-07, 0.200000607, 0.0995008483 ]
          rotation: [ 
            0.86611257, 0.499848993, 2.77555756e-17, 
            -0.499848993, 0.86611257, 7.42461648e-16, 
            3.88578059e-16, -6.66133815e-16, 1 ]
          isTouching: true
          partingDirection: [ 0, 0, 1 ]
        - 
          name: RLEG_JOINT5
          index: 38
          translation: [ 1.49344167e-07, -0.20000047, 0.0995008961 ]
          rotation: [ 
            0.86611257, -0.499848993, 9.02056208e-17, 
            0.499848993, 0.86611257, -9.29811783e-16, 
            3.88578059e-16, 8.18789481e-16, 1 ]
          isTouching: true
          partingDirection: [ 0, 0, 1 ]
  - 
    time: 3.7
    refer: 
      type: Pose
      name: ""
      joints: [ 
        0, 1, 2, 3, 4, 5, 6, 7, 8, 9, 
        10, 11, 12, 13, 14, 15, 16 ]
      q: [ 
        0.523424417, -0.0981158395, -0.190235553, 0.6618487, -0.471613147, 0.0981158395, -0.523424417, 0.0640653901, -0.22658086, 0.693816244, 
        -0.467235384, -0.0640653901, 0, 0, 0, 0, 0 ]
      ikLinks: 
        - 
          name: WAIST
          index: 0
          isBaseLink: true
          translation: [ 0.05, 0.015, 0.97 ]
          rotation: [ 
            1, 0, 0, 
            0, 1, 0, 
            0, 0, 1 ]
        - 
          name: LLEG_JOINT5
          index: 32
          translation: [ -2.13919757e-07, 0.200001234, 0.0995005138 ]
          rotation: [ 
            0.86611257, 0.499848993, 9.02056208e-17, 
            -0.499848993, 0.86611257, 7.63278329e-16, 
            3.33066907e-16, -6.9388939e-16, 1 ]
          isTouching: true
          partingDirection: [ 0, 0, 1 ]
        - 
          name: RLEG_JOINT5
          index: 38
          translation: [ -6.64328961e-08, -0.200000989, 0.0995006297 ]
          rotation: [ 
            0.86611257, -0.499848993, 2.08166817e-17, 
            0.499848993, 0.86611257, 0, 
            5.55111512e-17, 1.38777878e-17, 1 ]
          isTouching: true
          partingDirection: [ 0, 0, 1 ]
  - 
    time: 4
    refer: 
      type: Pose
      name: ""
      joints: [ 
        0, 1, 2, 3, 4, 5, 6, 7, 8, 9, 
        10, 11, 12, 13, 14, 15, 16, 17, 18, 19, 
        20, 21, 22, 23, 24, 25, 26, 27, 28, 29, 
        30, 31, 32, 33, 34, 35, 36 ]
      q: [ 
        -0.531548414, -0.219682936, -0.547412734, 0.998849609, -0.496092871, 0.144205052, 0.517932855, 0.0888644938, -0.414291342, 0.882522126, 
        -0.424456592, -0.164635327, -0.0872664626, 0, 0.261799388, 0, 0, 0, 0, -0.261799388, 
        -0.0872664626, -1.74532925, 0, 0, -0.34906585, 0, 0.523598776, 0.261799388, 0.0872664626, -1.74532925, 
        0, 0, -0.34906585, -1.3962634, 1.3962634, -1.3962634, 1.3962634 ]
      ikLinks: 
        - 
          name: WAIST
          index: 0
          isBaseLink: true
          translation: [ 0.05, 0.03, 0.93 ]
          rotation: [ 
            1, 0, 0, 
            0, 0.996194698, -0.0871557427, 
            -0, 0.0871557427, 0.996194698 ]
        - 
          name: LARM_JOINT7
          index: 14
          translation: [ 0.110679991, 0.357144305, 1.01902539 ]
          rotation: [ 
            0.0507997362, -0.197431537, -0.978999579, 
            -0.262016931, 0.943293077, -0.203826638, 
            0.963725332, 0.266868804, -0.0038113659 ]
        - 
          name: RARM_JOINT7
          index: 24
          translation: [ 0.433994653, -0.203521354, 1.13904995 ]
          rotation: [ 
            -0.550032261, -0.164862692, -0.818709231, 
            0.128247979, 0.952019873, -0.277867986, 
            0.825237522, -0.257834161, -0.502498336 ]
        - 
          name: LLEG_JOINT5
          index: 32
          translation: [ -2.35667762e-10, 0.25, 0.0995074753 ]
          rotation: [ 
            0.86608943, -0.499889086, -1.19434671e-05, 
            0.499889086, 0.866089429, 5.95242535e-05, 
            -1.94114141e-05, -5.75237356e-05, 0.999999998 ]
          isTouching: true
          partingDirection: [ 0, 0, 1 ]
        - 
          name: RLEG_JOINT5
          index: 38
          translation: [ -2.64030062e-10, -0.150000002, 0.099504061 ]
          rotation: [ 
            0.866094824, 0.49987974, 2.97981629e-05, 
            -0.499879741, 0.866094823, 5.34101686e-05, 
            8.90626547e-07, -6.11537685e-05, 0.999999998 ]
          isTouching: true
          partingDirection: [ 0, 0, 1 ]
  - 
    time: 4.1
    refer: 
      type: Pose
      name: ""
      joints: [ 
        0, 1, 2, 3, 4, 5, 6, 7, 8, 9, 
        10, 11, 15, 16 ]
      q: [ 
        -0.531458545, -0.217713741, -0.519523608, 0.943208084, -0.468321737, 0.142233901, 0.518028943, 0.0866733112, -0.382617833, 0.819633074, 
        -0.393248881, -0.162442045, 0, 0 ]
      ikLinks: 
        - 
          name: WAIST
          index: 0
          isBaseLink: true
          translation: [ 0.05, 0.03, 0.94 ]
          rotation: [ 
            1, 0, 0, 
            0, 0.996194698, -0.0871557427, 
            -0, 0.0871557427, 0.996194698 ]
        - 
          name: LLEG_JOINT5
          index: 32
          translation: [ 6.60039766e-11, 0.249999999, 0.0995078825 ]
          rotation: [ 
            0.866089506, -0.499888954, -1.13981175e-05, 
            0.499888954, 0.866089505, 5.98273126e-05, 
            -2.00352228e-05, -5.75136007e-05, 0.999999998 ]
          isTouching: true
          partingDirection: [ 0, 0, 1 ]
        - 
          name: RLEG_JOINT5
          index: 38
          translation: [ -3.80794251e-08, -0.150000119, 0.0995351573 ]
          rotation: [ 
            0.866094756, 0.499879859, 2.91147175e-05, 
            -0.49987986, 0.866094754, 5.38068562e-05, 
            1.68085962e-06, -6.11556969e-05, 0.999999998 ]
          isTouching: true
          partingDirection: [ 0, 0, 1 ]
  - 
    time: 4.35833333
    refer: 
      type: Pose
      name: ""
      joints: [ 
        0, 1, 2, 3, 4, 5, 6, 7, 8, 9, 
        10, 11, 12, 13, 14, 15, 16, 17, 18, 19, 
        20, 21, 22, 23, 24, 25, 26, 27, 28, 29, 
        30, 31, 32, 33, 34, 35, 36 ]
      q: [ 
        0.523075177, -0.096890759, -0.149631394, 0.57673482, -0.427103426, 0.096890759, -0.523075177, 0.0632714977, -0.187619342, 0.612536792, 
        -0.42491745, -0.0632714977, 0, 0, 0, 0, 0, 0, 0.174532925, -0.698131701, 
        0.698131701, -1.74532925, 0, 0, -0.34906585, 0, 0.174532925, 0.698131701, -0.698131701, -1.74532925, 
        0, 0, -0.34906585, -1.3962634, 1.3962634, -1.3962634, 1.3962634 ]
      ikLinks: 
        - 
          name: WAIST
          index: 0
          isBaseLink: true
          translation: [ 0.05, 0.015, 0.98 ]
          rotation: [ 
            1, 0, 0, 
            0, 1, 0, 
            0, 0, 1 ]
        - 
          name: LARM_JOINT7
          index: 14
          translation: [ 0.231104221, 0.252533071, 1.07257908 ]
          rotation: [ 
            -0.226129008, 0.718527257, -0.657711374, 
            -0.310468461, 0.586824089, 0.747828071, 
            0.923295731, 0.373304258, 0.0903821026 ]
        - 
          name: RARM_JOINT7
          index: 24
          translation: [ 0.231104221, -0.222533071, 1.07257908 ]
          rotation: [ 
            -0.226129008, -0.718527257, -0.657711374, 
            0.310468461, 0.586824089, -0.747828071, 
            0.923295731, -0.373304258, 0.0903821026 ]
        - 
          name: LLEG_JOINT5
          index: 32
          translation: [ 4.19855893e-07, 0.200000139, 0.0995007729 ]
          rotation: [ 
            0.866287084, 0.499546482, 3.63598041e-15, 
            -0.499546482, 0.866287084, 2.13995488e-14, 
            7.49400542e-15, -2.03864703e-14, 1 ]
          isTouching: true
          partingDirection: [ 0, 0, 1 ]
        - 
          name: RLEG_JOINT5
          index: 38
          translation: [ 4.19827815e-07, -0.199999839, 0.0995007738 ]
          rotation: [ 
            0.866287084, -0.499546482, -6.80011603e-15, 
            0.499546482, 0.866287084, 1.1379786e-14, 
            1.66533454e-16, -1.32255318e-14, 1 ]
          isTouching: true
          partingDirection: [ 0, 0, 1 ]
  - 
    time: 4.45833333
    refer: 
      type: Pose
      name: ""
      joints: [ 
        0, 1, 2, 3, 4, 5, 6, 7, 8, 9, 
        10, 11, 12, 13, 14, 15, 16 ]
      q: [ 
        0.523075177, -0.0981607176, -0.190274603, 0.661850559, -0.471575956, 0.0981607176, -0.523075177, 0.0641038513, -0.226606937, 0.693817243, 
        -0.467210306, -0.0641038513, 0, 0, 0, 0, 0 ]
      ikLinks: 
        - 
          name: WAIST
          index: 0
          isBaseLink: true
          translation: [ 0.05, 0.015, 0.97 ]
          rotation: [ 
            1, 0, 0, 
            0, 1, 0, 
            0, 0, 1 ]
        - 
          name: LLEG_JOINT5
          index: 32
          translation: [ 4.68437695e-07, 0.200000062, 0.0995003229 ]
          rotation: [ 
            0.866287084, 0.499546482, 3.57838759e-14, 
            -0.499546482, 0.866287084, 1.89431804e-15, 
            -3.00315328e-14, -1.95260474e-14, 1 ]
