# Body pose sequence format version 1.0 defined by cnoid-Robotics

type: PoseSeq
name: "crab-step"
targetBody: "JAXON_RED"
refs: 
  - 
    time: 0
    refer: 
      type: Pose
      name: ""
      joints: [ 
        0, 1, 2, 3, 4, 5, 6, 7, 8, 9, 
        10, 11, 12, 13, 14, 15, 16, 17, 18, 19, 
        20, 21, 22, 23, 24, 25, 26, 27, 28, 29, 
        30, 31, 32, 33, 34, 35, 36 ]
      q: [ 
        -1.57965544e-14, -0.129479819, -0.230427136, 0.598663964, -0.368236828, 0.129479819, 1.57965544e-14, 0.129479819, -0.230427136, 0.598663964, 
        -0.368236828, -0.129479819, 0, 0, 0, 0, 0, 0, 0.698131701, -0.34906585, 
        -0.0872664626, -1.3962634, 0, 0, -0.34906585, 0, 0.698131701, 0.34906585, 0.0872664626, -1.3962634, 
        0, 0, -0.34906585, -1.3962634, 1.3962634, -1.3962634, 1.3962634 ]
      ikLinks: 
        - 
          name: WAIST
          index: 0
          isBaseLink: true
          translation: [ 0.05, 0, 0.98 ]
          rotation: [ 
            1, 0, 0, 
            0, 1, 0, 
            0, 0, 1 ]
        - 
          name: LARM_JOINT7
          index: 13
          translation: [ 0.0698425737, 0.371456088, 0.979514795 ]
          rotation: [ 
            0.459003029, 0.152244556, -0.875292988, 
            -0.351045807, 0.936116807, -0.0212641946, 
            0.816139119, 0.317028263, 0.483125263 ]
        - 
          name: RARM_JOINT7
          index: 23
          translation: [ 0.0698425737, -0.371456088, 0.979514795 ]
          rotation: [ 
            0.459003029, -0.152244556, -0.875292988, 
            0.351045807, 0.936116807, 0.0212641946, 
            0.816139119, -0.317028263, 0.483125263 ]
        - 
          name: LLEG_JOINT5
          index: 31
          translation: [ 5.01639284e-07, 0.199999866, 0.0995007245 ]
          rotation: [ 
            1, -1.92531377e-14, 2.65465707e-14, 
            1.92484917e-14, 1, -1.29507516e-13, 
            -2.65343303e-14, 1.29507516e-13, 1 ]
          isTouching: true
          partingDirection: [ 0, 0, 1 ]
        - 
          name: RLEG_JOINT5
          index: 37
          translation: [ 5.01639284e-07, -0.199999866, 0.0995007245 ]
          rotation: [ 
            1, 1.92531377e-14, 2.65465707e-14, 
            -1.92484917e-14, 1, 1.29507516e-13, 
            -2.65343303e-14, -1.29507516e-13, 1 ]
          isTouching: true
          partingDirection: [ 0, 0, 1 ]
  - 
    time: 0.5
    refer: 
      type: Pose
      name: ""
      joints: [ 
        0, 1, 2, 3, 4, 5, 6, 7, 8, 9, 
        10, 11, 12, 13, 14, 15, 16 ]
      q: [ 
        -1.57965544e-14, -0.129479819, -0.230427136, 0.598663964, -0.368236828, 0.129479819, 1.57965544e-14, 0.129479819, -0.230427136, 0.598663964, 
        -0.368236828, -0.129479819, 0, 0, 0, 0, 0 ]
      ikLinks: 
        - 
          name: WAIST
          index: 0
          isBaseLink: true
          translation: [ 0.05, 0, 0.98 ]
          rotation: [ 
            1, 0, 0, 
            0, 1, 0, 
            0, 0, 1 ]
        - 
          name: LLEG_JOINT5
          index: 31
          translation: [ 5.01639284e-07, 0.199999866, 0.0995007245 ]
          rotation: [ 
            1, -1.92531377e-14, 2.65465707e-14, 
            1.92484917e-14, 1, -1.29507516e-13, 
            -2.65343303e-14, 1.29507516e-13, 1 ]
          isTouching: true
          partingDirection: [ 0, 0, 1 ]
        - 
          name: RLEG_JOINT5
          index: 37
          translation: [ 5.01639284e-07, -0.199999866, 0.0995007245 ]
          rotation: [ 
            1, 1.92531377e-14, 2.65465707e-14, 
            -1.92484917e-14, 1, 1.29507516e-13, 
            -2.65343303e-14, -1.29507516e-13, 1 ]
          isTouching: true
          partingDirection: [ 0, 0, 1 ]
  - 
    time: 0.8
    refer: 
      type: Pose
      name: ""
      joints: [ 
        0, 1, 2, 3, 4, 5, 6, 7, 8, 9, 
        10, 11, 15, 16, 17, 18, 19, 20, 21, 22, 
        23, 24, 25, 26, 27, 28, 29, 30, 31, 32, 
        33, 34, 35, 36 ]
      q: [ 
        -0.522552102, -0.105687018, -0.464941115, 0.971037821, -0.506096706, 0.105687018, 0.522552625, 0.202013621, -0.492239105, 0.905458928, 
        -0.413219822, -0.202013621, 0, 0, 0, 0.698131701, -0.34906585, -0.0872664626, -1.3962634, 0, 
        0, -0.34906585, 0, 0.698131701, 0.34906585, 0.0872664626, -1.3962634, 0, 0, -0.34906585, 
        -1.3962634, 1.3962634, -1.3962634, 1.3962634 ]
      ikLinks: 
        - 
          name: WAIST
          index: 0
          translation: [ 0.05, 0.0091, 0.93 ]
          rotation: [ 
            1, 0, 0, 
            0, 1, 0, 
            -0, 0, 1 ]
        - 
          name: LARM_JOINT7
          index: 13
          translation: [ 0.0698425737, 0.412356088, 0.969514795 ]
          rotation: [ 
            0.459003029, 0.152244556, -0.875292988, 
            -0.351045807, 0.936116807, -0.0212641946, 
            0.816139119, 0.317028263, 0.483125263 ]
        - 
          name: RARM_JOINT7
          index: 23
          translation: [ 0.0698425737, -0.330556088, 0.969514795 ]
          rotation: [ 
            0.459003029, -0.152244556, -0.875292988, 
            0.351045807, 0.936116807, 0.0212641946, 
            0.816139119, -0.317028263, 0.483125263 ]
        - 
          name: LLEG_JOINT5
          index: 31
          translation: [ 3.72164224e-07, 0.250000033, 0.0995022816 ]
          rotation: [ 
            0.866548005, -0.499093733, 1.33795752e-13, 
            0.499093733, 0.866548005, 8.29614155e-14, 
            -1.57374114e-13, -5.07927034e-15, 1 ]
          isTouching: true
          partingDirection: [ 0, 0, 1 ]
        - 
          name: RLEG_JOINT5
          index: 37
          translation: [ 5.88378112e-07, -0.14999942, 0.0995019725 ]
          rotation: [ 
            0.866548266, 0.49909328, 1.23338839e-13, 
            -0.49909328, 0.866548266, -7.13873405e-14, 
            -1.42552636e-13, 3.05311332e-16, 1 ]
          isTouching: true
          partingDirection: [ 0, 0, 1 ]
  - 
    time: 0.9
    refer: 
      type: Pose
      name: ""
      joints: [ 
        0, 1, 2, 3, 4, 5, 6, 7, 8, 9, 
        10, 11, 15, 16 ]
      q: [ 
        -0.522552102, -0.104245849, -0.436415788, 0.913387179, -0.476971391, 0.104245849, 0.522552625, 0.199312118, -0.461271726, 0.844640873, 
        -0.383369147, -0.199312118, 0, 0 ]
      ikLinks: 
        - 
          name: WAIST
          index: 0
          translation: [ 0.05, 0.0091, 0.94 ]
          rotation: [ 
            1, -2.5050878e-17, 5.55111512e-17, 
            2.5050878e-17, 1, 5.1444479e-17, 
            -5.55111512e-17, -5.1444479e-17, 1 ]
        - 
          name: LLEG_JOINT5
          index: 31
          translation: [ 3.75977814e-07, 0.250000022, 0.0995024306 ]
          rotation: [ 
            0.866548005, -0.499093733, 1.05387921e-13, 
            0.499093733, 0.866548005, 6.98885394e-14, 
            -1.26232358e-13, -7.93809463e-15, 1 ]
          isTouching: true
          partingDirection: [ 0, 0, 1 ]
        - 
          name: RLEG_JOINT5
          index: 37
          translation: [ 5.91931281e-07, -0.149999416, 0.0995021143 ]
          rotation: [ 
            0.866548266, 0.49909328, 9.77481984e-14, 
            -0.49909328, 0.866548266, -5.81756865e-14, 
            -1.1379786e-13, 1.63757896e-15, 1 ]
          isTouching: true
          partingDirection: [ 0, 0, 1 ]
  - 
    time: 1.2
    refer: 
      type: Pose
      name: ""
      joints: [ 
        0, 1, 2, 3, 4, 5, 6, 7, 8, 9, 
        10, 11, 12, 13, 14, 15, 16, 17, 18, 19, 
        20, 21, 22, 23, 24, 25, 26, 27, 28, 29, 
        30, 31, 32, 33, 34, 35, 36 ]
      q: [ 
        0.522552625, -0.00699730394, -0.238988059, 0.646915276, -0.407927217, 0.00699730394, -0.522552641, 0.152486978, -0.0711249997, 0.484603377, 
        -0.413478378, -0.152486978, 0, 0, 0, 0, 0, 0, 0.174532925, -0.698131701, 
        0.698131701, -1.74532925, 0, 0, -0.34906585, 0, 0.174532925, 0.698131701, -0.698131701, -1.74532925, 
        0, 0, -0.34906585, -1.3962634, 1.3962634, -1.3962634, 1.3962634 ]
      ikLinks: 
        - 
          name: WAIST
          index: 0
          translation: [ 0.05, 0.035, 0.98 ]
          rotation: [ 
            1, -5.99749835e-16, 9.99200722e-16, 
            5.99749835e-16, 1, 8.01114041e-16, 
            -9.99200722e-16, -8.01114041e-16, 1 ]
        - 
          name: LARM_JOINT7
          index: 13
          translation: [ 0.231104221, 0.272533071, 1.07257908 ]
          rotation: [ 
            -0.226129008, 0.718527257, -0.657711374, 
            -0.310468461, 0.586824089, 0.747828071, 
            0.923295731, 0.373304258, 0.0903821026 ]
        - 
          name: RARM_JOINT7
          index: 23
          translation: [ 0.231104221, -0.202533071, 1.07257908 ]
          rotation: [ 
            -0.226129008, -0.718527257, -0.657711374, 
            0.310468461, 0.586824089, -0.747828071, 
            0.923295731, -0.373304258, 0.0903821026 ]
        - 
          name: LLEG_JOINT5
          index: 31
          translation: [ -8.987926e-10, 0.300000549, 0.0995000375 ]
          rotation: [ 
            0.866547997, 0.499093747, -9.49518242e-14, 
            -0.499093747, 0.866547997, 7.96862576e-14, 
            1.22069022e-13, -2.16215934e-14, 1 ]
          isTouching: true
          partingDirection: [ 0, 0, 1 ]
        - 
          name: RLEG_JOINT5
          index: 37
          translation: [ -3.35302351e-10, -0.0999994503, 0.0995000235 ]
          rotation: [ 
            0.866548005, -0.499093733, -3.23946599e-14, 
            0.499093733, 0.866548005, -2.46460838e-14, 
            4.04121181e-14, 5.13651621e-15, 1 ]
          isTouching: true
          partingDirection: [ 0, 0, 1 ]
  - 
    time: 1.3
    refer: 
      type: Pose
      name: ""
      joints: [ 
        0, 1, 2, 3, 4, 5, 6, 7, 8, 9, 
        10, 11, 12, 13, 14, 15, 16 ]
      q: [ 
        0.522552625, -0.00709068819, -0.276789132, 0.724893187, -0.448104055, 0.00709068819, -0.522552641, 0.154465988, -0.117442262, 0.58186102, 
        -0.464418758, -0.154465988, 0, 0, 0, 0, 0 ]
      ikLinks: 
        - 
          name: WAIST
          index: 0
          translation: [ 0.05, 0.035, 0.97 ]
          rotation: [ 
            1, -5.39017077e-16, 7.77156117e-16, 
            5.39017077e-16, 1, 7.07145553e-16, 
            -7.77156117e-16, -7.07145553e-16, 1 ]
        - 
          name: LLEG_JOINT5
          index: 31
          translation: [ -1.61559465e-09, 0.299999611, 0.0995000401 ]
          rotation: [ 
            0.866547997, 0.499093747, 1.20875532e-14, 
            -0.499093747, 0.866547997, 8.29891711e-15, 
            -6.32827124e-15, -1.3211654e-14, 1 ]
          isTouching: true
          partingDirection: [ 0, 0, 1 ]
        - 
          name: RLEG_JOINT5
          index: 37
          translation: [ -5.65964928e-10, -0.10000039, 0.0995000239 ]
          rotation: [ 
            0.866548005, -0.499093733, 1.36336255e-14, 
            0.499093733, 0.866548005, -6.27189273e-15, 
            -8.77076189e-15, 1.22410762e-14, 1 ]
          isTouching: true
          partingDirection: [ 0, 0, 1 ]
  - 
    time: 1.6
    refer: 
      type: Pose
      name: ""
      joints: [ 
        0, 1, 2, 3, 4, 5, 6, 7, 8, 9, 
        10, 11, 12, 13, 14, 15, 16, 17, 18, 19, 
        20, 21, 22, 23, 24, 25, 26, 27, 28, 29, 
        30, 31, 32, 33, 34, 35, 36 ]
      q: [ 
        -0.526009098, -0.123112535, -0.501132855, 1.02902646, -0.572005807, 0.0469360605, 0.512613513, 0.179874913, -0.416927784, 0.776295927, 
        -0.314716237, -0.256306221, -0.0872664626, 0, 0.261799388, 0, 0, 0, 0, -0.261799388, 
        -0.0872664626, -1.74532925, 0, 0, -0.34906585, 0, 0.523598776, 0.261799388, 0.0872664626, -1.74532925, 
        0, 0, -0.34906585, -1.3962634, 1.3962634, -1.3962634, 1.3962634 ]
      ikLinks: 
        - 
          name: WAIST
          index: 0
          isBaseLink: true
          translation: [ 0.05, 0.05, 0.93 ]
          rotation: [ 
            1, 0, 0, 
            0, 0.996194698, -0.0871557427, 
            0, 0.0871557427, 0.996194698 ]
        - 
          name: LARM_JOINT7
          index: 13
          translation: [ 0.110679991, 0.377144305, 1.01902539 ]
          rotation: [ 
            0.0507997334, -0.197431537, -0.978999579, 
            -0.262016931, 0.943293077, -0.203826638, 
            0.963725332, 0.266868804, -0.00381136862 ]
        - 
          name: RARM_JOINT7
          index: 23
          translation: [ 0.433994653, -0.183521354, 1.13904995 ]
          rotation: [ 
            -0.550032263, -0.164862692, -0.818709229, 
            0.128247978, 0.952019873, -0.277867986, 
            0.825237521, -0.25783416, -0.502498338 ]
        - 
          name: LLEG_JOINT5
          index: 31
          translation: [ 5.56935457e-07, 0.349998345, 0.0995036558 ]
          rotation: [ 
            0.866680336, -0.498863896, 9.45905446e-05, 
            0.498863711, 0.866680151, 0.000717141355, 
            -0.000439735678, -0.00057434452, 0.999999738 ]
          isTouching: true
          partingDirection: [ 0, 0, 1 ]
        - 
          name: RLEG_JOINT5
          index: 37
          translation: [ 4.94880436e-07, -0.0500017841, 0.0995027476 ]
          rotation: [ 
            0.866695392, 0.498837743, 5.55977457e-05, 
            -0.498837663, 0.866695177, 0.00067527252, 
            0.000288665122, -0.000612989832, 0.99999977 ]
          isTouching: true
          partingDirection: [ 0, 0, 1 ]
  - 
    time: 1.7
    refer: 
      type: Pose
      name: ""
      joints: [ 
        0, 1, 2, 3, 4, 5, 6, 7, 8, 9, 
        10, 11, 15, 16 ]
      q: [ 
        -0.525979785, -0.122453477, -0.474651153, 0.97436962, -0.543827075, 0.0462763609, 0.512764256, 0.176555321, -0.380893348, 0.70615212, 
        -0.280633794, -0.252983318, 0, 0 ]
      ikLinks: 
        - 
          name: WAIST
          index: 0
          isBaseLink: true
          translation: [ 0.05, 0.05, 0.94 ]
          rotation: [ 
            1, 0, 0, 
            0, 0.996194698, -0.0871557427, 
            0, 0.0871557427, 0.996194698 ]
        - 
          name: LLEG_JOINT5
          index: 31
          translation: [ 5.60132341e-07, 0.349998332, 0.0995037939 ]
          rotation: [ 
            0.866680326, -0.498863913, 9.44004527e-05, 
            0.498863729, 0.866680141, 0.000717033856, 
            -0.000439517313, -0.000574346174, 0.999999738 ]
          isTouching: true
          partingDirection: [ 0, 0, 1 ]
        - 
          name: RLEG_JOINT5
          index: 37
          translation: [ 4.97477137e-07, -0.0500017837, 0.09950287 ]
          rotation: [ 
            0.866695393, 0.498837742, 5.56047692e-05, 
            -0.498837661, 0.866695178, 0.000675268427, 
            0.000288656992, -0.000612989788, 0.99999977 ]
          isTouching: true
          partingDirection: [ 0, 0, 1 ]
  - 
    time: 2
    refer: 
      type: Pose
      name: ""
      joints: [ 
        0, 1, 2, 3, 4, 5, 6, 7, 8, 9, 
        10, 11, 12, 13, 14, 15, 16, 17, 18, 19, 
        20, 21, 22, 23, 24, 25, 26, 27, 28, 29, 
        30, 31, 32, 33, 34, 35, 36 ]
      q: [ 
        0.522552625, -0.00699730394, -0.238988059, 0.646915276, -0.407927217, 0.00699730394, -0.522552641, 0.152486978, -0.0711249997, 0.484603377, 
        -0.413478378, -0.152486978, 0, 0, 0, 0, 0, 0, 0.174532925, -0.698131701, 
        0.698131701, -1.74532925, 0, 0, -0.34906585, 0, 0.174532925, 0.698131701, -0.698131701, -1.74532925, 
        0, 0, -0.34906585, -1.3962634, 1.3962634, -1.3962634, 1.3962634 ]
      ikLinks: 
        - 
          name: WAIST
          index: 0
          translation: [ 0.05, 0.035, 0.98 ]
          rotation: [ 
            1, -5.99749835e-16, 9.99200722e-16, 
            5.99749835e-16, 1, 8.01114041e-16, 
            -9.99200722e-16, -8.01114041e-16, 1 ]
        - 
          name: LARM_JOINT7
          index: 13
          translation: [ 0.231104221, 0.272533071, 1.07257908 ]
          rotation: [ 
            -0.226129008, 0.718527257, -0.657711374, 
            -0.310468461, 0.586824089, 0.747828071, 
            0.923295731, 0.373304258, 0.0903821026 ]
        - 
          name: RARM_JOINT7
          index: 23
          translation: [ 0.231104221, -0.202533071, 1.07257908 ]
          rotation: [ 
            -0.226129008, -0.718527257, -0.657711374, 
            0.310468461, 0.586824089, -0.747828071, 
            0.923295731, -0.373304258, 0.0903821026 ]
        - 
          name: LLEG_JOINT5
          index: 31
          translation: [ -8.987926e-10, 0.300000549, 0.0995000375 ]
          rotation: [ 
            0.866547997, 0.499093747, -9.49518242e-14, 
            -0.499093747, 0.866547997, 7.96862576e-14, 
            1.22069022e-13, -2.16215934e-14, 1 ]
          isTouching: true
          partingDirection: [ 0, 0, 1 ]
        - 
          name: RLEG_JOINT5
          index: 37
          translation: [ -3.35302351e-10, -0.0999994503, 0.0995000235 ]
          rotation: [ 
            0.866548005, -0.499093733, -3.23946599e-14, 
            0.499093733, 0.866548005, -2.46460838e-14, 
            4.04121181e-14, 5.13651621e-15, 1 ]
          isTouching: true
          partingDirection: [ 0, 0, 1 ]
  - 
    time: 2.1
    refer: 
      type: Pose
      name: ""
      joints: [ 
        0, 1, 2, 3, 4, 5, 6, 7, 8, 9, 
        10, 11, 12, 13, 14, 15, 16 ]
      q: [ 
        0.522552625, -0.00709068819, -0.276789132, 0.724893187, -0.448104055, 0.00709068819, -0.522552641, 0.154465988, -0.117442262, 0.58186102, 
        -0.464418758, -0.154465988, 0, 0, 0, 0, 0 ]
      ikLinks: 
        - 
          name: WAIST
          index: 0
          translation: [ 0.05, 0.035, 0.97 ]
          rotation: [ 
            1, -5.39017077e-16, 7.77156117e-16, 
            5.39017077e-16, 1, 7.07145553e-16, 
            -7.77156117e-16, -7.07145553e-16, 1 ]
        - 
          name: LLEG_JOINT5
          index: 31
          translation: [ -1.61559465e-09, 0.299999611, 0.0995000401 ]
          rotation: [ 
            0.866547997, 0.499093747, 1.20875532e-14, 
            -0.499093747, 0.866547997, 8.29891711e-15, 
            -6.32827124e-15, -1.3211654e-14, 1 ]
          isTouching: true
          partingDirection: [ 0, 0, 1 ]
        - 
          name: RLEG_JOINT5
          index: 37
          translation: [ -5.65964928e-10, -0.10000039, 0.0995000239 ]
          rotation: [ 
            0.866548005, -0.499093733, 1.36336255e-14, 
            0.499093733, 0.866548005, -6.27189273e-15, 
            -8.77076189e-15, 1.22410762e-14, 1 ]
          isTouching: true
          partingDirection: [ 0, 0, 1 ]
  - 
    time: 2.4
    refer: 
      type: Pose
      name: ""
      joints: [ 
        0, 1, 2, 3, 4, 5, 6, 7, 8, 9, 
        10, 11, 15, 16, 17, 18, 19, 20, 21, 22, 
        23, 24, 25, 26, 27, 28, 29, 30, 31, 32, 
        33, 34, 35, 36 ]
      q: [ 
        -0.522552102, -0.124622532, -0.472615772, 0.962734627, -0.490118854, 0.124622532, 0.522552625, 0.183529076, -0.489405048, 0.922788283, 
        -0.433383235, -0.183529076, 0, 0, 0, 0.698131701, -0.34906585, -0.0872664626, -1.3962634, 0, 
        0, -0.34906585, 0, 0.698131701, 0.34906585, 0.0872664626, -1.3962634, 0, 0, -0.34906585, 
        -1.3962634, 1.3962634, -1.3962634, 1.3962634 ]
      ikLinks: 
        - 
          name: WAIST
          index: 0
          translation: [ 0.05, 0.025, 0.93 ]
          rotation: [ 
            1, 0, 0, 
            0, 1, 0, 
            -0, 0, 1 ]
        - 
          name: LARM_JOINT7
          index: 13
          translation: [ 0.0698425737, 0.396456088, 0.929514795 ]
          rotation: [ 
            0.459003029, 0.152244556, -0.875292988, 
            -0.351045807, 0.936116807, -0.0212641946, 
            0.816139119, 0.317028263, 0.483125263 ]
        - 
          name: RARM_JOINT7
          index: 23
          translation: [ 0.0698425737, -0.346456088, 0.929514795 ]
          rotation: [ 
            0.459003029, -0.152244556, -0.875292988, 
            0.351045807, 0.936116807, 0.0212641946, 
            0.816139119, -0.317028263, 0.483125263 ]
        - 
          name: LLEG_JOINT5
          index: 31
          translation: [ 3.74153496e-07, 0.250000194, 0.0995022999 ]
          rotation: [ 
            0.866548005, -0.499093733, 1.43163259e-13, 
            0.499093733, 0.866548005, 1.09690035e-13, 
            -1.78690396e-13, -2.35644837e-14, 1 ]
          isTouching: true
          partingDirection: [ 0, 0, 1 ]
        - 
          name: RLEG_JOINT5
          index: 37
          translation: [ 5.89372959e-07, -0.149999262, 0.0995019892 ]
          rotation: [ 
            0.866548266, 0.49909328, 1.17995891e-13, 
            -0.49909328, 0.866548266, -4.64489558e-14, 
            -1.25344179e-13, -1.8637869e-14, 1 ]
          isTouching: true
          partingDirection: [ 0, 0, 1 ]
  - 
    time: 2.5
    refer: 
      type: Pose
      name: ""
      joints: [ 
        0, 1, 2, 3, 4, 5, 6, 7, 8, 9, 
        10, 11, 15, 16 ]
      q: [ 
        -0.522552102, -0.122928007, -0.443732812, 0.90471461, -0.460981798, 0.122928007, 0.522552625, 0.181063192, -0.459045086, 0.862866292, 
        -0.403821206, -0.181063192, 0, 0 ]
      ikLinks: 
        - 
          name: WAIST
          index: 0
          translation: [ 0.05, 0.025, 0.94 ]
          rotation: [ 
            1, -2.5050878e-17, 5.55111512e-17, 
            2.5050878e-17, 1, 5.1444479e-17, 
            -5.55111512e-17, -5.1444479e-17, 1 ]
        - 
          name: LLEG_JOINT5
          index: 31
          translation: [ 3.77933232e-07, 0.250000183, 0.099502449 ]
          rotation: [ 
            0.866548005, -0.499093733, 1.15213394e-13, 
            0.499093733, 0.866548005, 9.65616476e-14, 
            -1.47937218e-13, -2.62012634e-14, 1 ]
          isTouching: true
          partingDirection: [ 0, 0, 1 ]
        - 
          name: RLEG_JOINT5
          index: 37
          translation: [ 5.92902443e-07, -0.149999258, 0.0995021308 ]
          rotation: [ 
            0.866548266, 0.49909328, 9.23150445e-14, 
            -0.49909328, 0.866548266, -3.34593464e-14, 
            -9.67004254e-14, -1.70558012e-14, 1 ]
          isTouching: true
          partingDirection: [ 0, 0, 1 ]
  - 
    time: 2.8
    refer: 
      type: Pose
      name: ""
      joints: [ 
        0, 1, 2, 3, 4, 5, 6, 7, 8, 9, 
        10, 11, 12, 13, 14, 15, 16, 17, 18, 19, 
        20, 21, 22, 23, 24, 25, 26, 27, 28, 29, 
        30, 31, 32, 33, 34, 35, 36 ]
      q: [ 
        0.523075177, -0.096890759, -0.149631394, 0.57673482, -0.427103426, 0.096890759, -0.523075177, 0.0632714977, -0.187619342, 0.612536792, 
        -0.42491745, -0.0632714977, 0, 0, 0, 0, 0, 0, 0.174532925, -0.698131701, 
        0.698131701, -1.74532925, 0, 0, -0.34906585, 0, 0.174532925, 0.698131701, -0.698131701, -1.74532925, 
        0, 0, -0.34906585, -1.3962634, 1.3962634, -1.3962634, 1.3962634 ]
      ikLinks: 
        - 
          name: WAIST
          index: 0
          isBaseLink: true
          translation: [ 0.05, 0.015, 0.98 ]
          rotation: [ 
            1, 0, 0, 
            0, 1, 0, 
            0, 0, 1 ]
        - 
          name: LARM_JOINT7
          index: 13
          translation: [ 0.231104221, 0.252533071, 1.07257908 ]
          rotation: [ 
            -0.226129008, 0.718527257, -0.657711374, 
            -0.310468461, 0.586824089, 0.747828071, 
            0.923295731, 0.373304258, 0.0903821026 ]
        - 
          name: RARM_JOINT7
          index: 23
          translation: [ 0.231104221, -0.222533071, 1.07257908 ]
          rotation: [ 
            -0.226129008, -0.718527257, -0.657711374, 
            0.310468461, 0.586824089, -0.747828071, 
            0.923295731, -0.373304258, 0.0903821026 ]
        - 
          name: LLEG_JOINT5
          index: 31
          translation: [ 4.19855893e-07, 0.200000139, 0.0995007729 ]
          rotation: [ 
            0.866287084, 0.499546482, 3.63598041e-15, 
            -0.499546482, 0.866287084, 2.13995488e-14, 
            7.49400542e-15, -2.03864703e-14, 1 ]
          isTouching: true
          partingDirection: [ 0, 0, 1 ]
        - 
          name: RLEG_JOINT5
          index: 37
          translation: [ 4.19827815e-07, -0.199999839, 0.0995007738 ]
          rotation: [ 
            0.866287084, -0.499546482, -6.80011603e-15, 
            0.499546482, 0.866287084, 1.1379786e-14, 
            1.66533454e-16, -1.32255318e-14, 1 ]
          isTouching: true
          partingDirection: [ 0, 0, 1 ]
  - 
    time: 2.9
    refer: 
      type: Pose
      name: ""
      joints: [ 
        0, 1, 2, 3, 4, 5, 6, 7, 8, 9, 
        10, 11, 12, 13, 14, 15, 16 ]
      q: [ 
        0.523075177, -0.0981607328, -0.190274447, 0.661850267, -0.471575819, 0.0981607328, -0.523075177, 0.064103836, -0.22660705, 0.69381745, 
        -0.467210399, -0.064103836, 0, 0, 0, 0, 0 ]
      ikLinks: 
        - 
          name: WAIST
          index: 0
          isBaseLink: true
          translation: [ 0.05, 0.015, 0.97 ]
          rotation: [ 
            1, 0, 0, 
            0, 1, 0, 
            0, 0, 1 ]
        - 
          name: LLEG_JOINT5
          index: 31
          translation: [ 4.70565315e-07, 0.200000046, 0.0995003478 ]
          rotation: [ 
            0.866287084, 0.499546482, 3.56104035e-14, 
            -0.499546482, 0.866287084, 2.04003481e-15, 
            -2.98649994e-14, -1.95676808e-14, 1 ]
          isTouching: true
          partingDirection: [ 0, 0, 1 ]
        - 
          name: RLEG_JOINT5
          index: 37
          translation: [ 4.7051913e-07, -0.199999746, 0.0995003485 ]
          rotation: [ 
            0.866287084, -0.499546482, 2.64788191e-14, 
            0.499546482, 0.866287084, 3.18217674e-14, 
            -3.86912724e-14, -1.44467771e-14, 1 ]
          isTouching: true
          partingDirection: [ 0, 0, 1 ]
  - 
    time: 3.2
    refer: 
      type: Pose
      name: ""
      joints: [ 
        0, 1, 2, 3, 4, 5, 6, 7, 8, 9, 
        10, 11, 12, 13, 14, 15, 16, 17, 18, 19, 
        20, 21, 22, 23, 24, 25, 26, 27, 28, 29, 
        30, 31, 32, 33, 34, 35, 36 ]
      q: [ 
        -0.514919308, -0.123378098, -0.41943739, 0.850447053, -0.387103077, 0.19906211, 0.528348926, 0.183732297, -0.532814188, 1.01603013, 
        -0.527202769, -0.108224117, 0.0872664626, 0, -0.261799388, 0, 0, 0, 0.523598776, -0.261799388, 
        -0.0872664626, -1.74532925, 0, 0, -0.34906585, 0, 0, 0.261799388, 0.0872664626, -1.74532925, 
        0, 0, -0.34906585, -1.3962634, 1.3962634, -1.3962634, 1.3962634 ]
      ikLinks: 
        - 
          name: WAIST
          index: 0
          isBaseLink: true
          translation: [ 0.05, 0, 0.93 ]
          rotation: [ 
            1, 0, 0, 
            0, 0.996194698, 0.0871557427, 
            0, -0.0871557427, 0.996194698 ]
        - 
          name: LARM_JOINT7
          index: 13
          translation: [ 0.433994653, 0.233521354, 1.13904995 ]
          rotation: [ 
            -0.550032263, 0.164862692, -0.818709229, 
            -0.128247978, 0.952019873, 0.277867986, 
            0.825237521, 0.25783416, -0.502498338 ]
        - 
          name: RARM_JOINT7
          index: 23
          translation: [ 0.110679991, -0.327144305, 1.01902539 ]
          rotation: [ 
            0.0507997334, 0.197431537, -0.978999579, 
            0.262016931, 0.943293077, 0.203826638, 
            0.963725332, -0.266868804, -0.00381136862 ]
        - 
          name: LLEG_JOINT5
          index: 31
          translation: [ -1.76525462e-07, 0.150000368, 0.0995020673 ]
          rotation: [ 
            0.86685511, -0.498560111, 0.000185187727, 
            0.498560097, 0.866855129, 0.00012067608, 
            -0.000220695211, -1.22814652e-05, 0.999999976 ]
          isTouching: true
          partingDirection: [ 0, 0, 1 ]
        - 
          name: RLEG_JOINT5
          index: 37
          translation: [ 8.90674658e-08, -0.249999457, 0.0995016615 ]
          rotation: [ 
            0.866833572, 0.498597569, 0.000153294306, 
            -0.498597582, 0.866833576, 5.87526975e-05, 
            -0.000103586699, -0.000127360981, 0.999999987 ]
          isTouching: true
          partingDirection: [ 0, 0, 1 ]
  - 
    time: 3.3
    refer: 
      type: Pose
      name: ""
      joints: [ 
        0, 1, 2, 3, 4, 5, 6, 7, 8, 9, 
        10, 11, 12, 13, 14, 15, 16 ]
      q: [ 
        -0.515035741, -0.12074798, -0.386504222, 0.785613444, -0.355216939, 0.196429455, 0.528282196, 0.182241682, -0.505514126, 0.960882028, 
        -0.49934254, -0.106732058, 0.0872664626, 0, -0.261799388, 0, 0 ]
      ikLinks: 
        - 
          name: WAIST
          index: 0
          isBaseLink: true
          translation: [ 0.05, 0, 0.94 ]
          rotation: [ 
            1, 0, 0, 
            0, 0.996194698, 0.0871557427, 
            0, -0.0871557427, 0.996194698 ]
        - 
          name: LLEG_JOINT5
          index: 31
          translation: [ -1.74022641e-07, 0.150000365, 0.09950219 ]
          rotation: [ 
            0.866855115, -0.498560102, 0.000185224337, 
            0.498560088, 0.866855135, 0.000120697521, 
            -0.000220737637, -1.22818019e-05, 0.999999976 ]
          isTouching: true
          partingDirection: [ 0, 0, 1 ]
        - 
          name: RLEG_JOINT5
          index: 37
          translation: [ 9.20081461e-08, -0.249999449, 0.0995017939 ]
          rotation: [ 
            0.866833569, 0.498597574, 0.000153180369, 
            -0.498597587, 0.866833573, 5.88174396e-05, 
            -0.000103455654, -0.000127360293, 0.999999987 ]
          isTouching: true
          partingDirection: [ 0, 0, 1 ]
  - 
    time: 3.6
    refer: 
      type: Pose
      name: ""
      joints: [ 
        0, 1, 2, 3, 4, 5, 6, 7, 8, 9, 
        10, 11, 12, 13, 14, 15, 16, 17, 18, 19, 
        20, 21, 22, 23, 24, 25, 26, 27, 28, 29, 
        30, 31, 32, 33, 34, 35, 36 ]
      q: [ 
        0.523075177, -0.096890759, -0.149631394, 0.57673482, -0.427103426, 0.096890759, -0.523075177, 0.0632714977, -0.187619342, 0.612536792, 
        -0.42491745, -0.0632714977, 0, 0, 0, 0, 0, 0, 0.174532925, -0.698131701, 
        0.698131701, -1.74532925, 0, 0, -0.34906585, 0, 0.174532925, 0.698131701, -0.698131701, -1.74532925, 
        0, 0, -0.34906585, -1.3962634, 1.3962634, -1.3962634, 1.3962634 ]
      ikLinks: 
        - 
          name: WAIST
          index: 0
          isBaseLink: true
          translation: [ 0.05, 0.015, 0.98 ]
          rotation: [ 
            1, 0, 0, 
            0, 1, 0, 
            0, 0, 1 ]
        - 
          name: LARM_JOINT7
          index: 13
          translation: [ 0.231104221, 0.252533071, 1.07257908 ]
          rotation: [ 
            -0.226129008, 0.718527257, -0.657711374, 
            -0.310468461, 0.586824089, 0.747828071, 
            0.923295731, 0.373304258, 0.0903821026 ]
        - 
          name: RARM_JOINT7
          index: 23
          translation: [ 0.231104221, -0.222533071, 1.07257908 ]
          rotation: [ 
            -0.226129008, -0.718527257, -0.657711374, 
            0.310468461, 0.586824089, -0.747828071, 
            0.923295731, -0.373304258, 0.0903821026 ]
        - 
          name: LLEG_JOINT5
          index: 31
          translation: [ 4.19855893e-07, 0.200000139, 0.0995007729 ]
          rotation: [ 
            0.866287084, 0.499546482, 3.63598041e-15, 
            -0.499546482, 0.866287084, 2.13995488e-14, 
            7.49400542e-15, -2.03864703e-14, 1 ]
          isTouching: true
          partingDirection: [ 0, 0, 1 ]
        - 
          name: RLEG_JOINT5
          index: 37
          translation: [ 4.19827815e-07, -0.199999839, 0.0995007738 ]
          rotation: [ 
            0.866287084, -0.499546482, -6.80011603e-15, 
            0.499546482, 0.866287084, 1.1379786e-14, 
            1.66533454e-16, -1.32255318e-14, 1 ]
          isTouching: true
          partingDirection: [ 0, 0, 1 ]
  - 
    time: 3.7
    refer: 
      type: Pose
      name: ""
      joints: [ 
        0, 1, 2, 3, 4, 5, 6, 7, 8, 9, 
        10, 11, 12, 13, 14, 15, 16 ]
      q: [ 
        0.523075177, -0.0981607176, -0.190274603, 0.661850559, -0.471575956, 0.0981607176, -0.523075177, 0.0641038513, -0.226606937, 0.693817243, 
        -0.467210306, -0.0641038513, 0, 0, 0, 0, 0 ]
      ikLinks: 
        - 
          name: WAIST
          index: 0
          isBaseLink: true
          translation: [ 0.05, 0.015, 0.97 ]
          rotation: [ 
            1, 0, 0, 
            0, 1, 0, 
            0, 0, 1 ]
        - 
          name: LLEG_JOINT5
          index: 31
          translation: [ 4.68437695e-07, 0.200000062, 0.0995003229 ]
          rotation: [ 
            0.866287084, 0.499546482, 3.57838759e-14, 
            -0.499546482, 0.866287084, 1.89431804e-15, 
            -3.00315328e-14, -1.95260474e-14, 1 ]
          isTouching: true
          partingDirection: [ 0, 0, 1 ]
        - 
          name: RLEG_JOINT5
          index: 37
          translation: [ 4.73347706e-07, -0.199999727, 0.0995003819 ]
          rotation: [ 
            0.866287084, -0.499546482, 2.59445243e-14, 
            0.499546482, 0.866287084, 3.16691118e-14, 
            -3.83026943e-14, -1.45300438e-14, 1 ]
          isTouching: true
          partingDirection: [ 0, 0, 1 ]
  - 
    time: 4
    refer: 
      type: Pose
      name: ""
      joints: [ 
        0, 1, 2, 3, 4, 5, 6, 7, 8, 9, 
        10, 11, 12, 13, 14, 15, 16, 17, 18, 19, 
        20, 21, 22, 23, 24, 25, 26, 27, 28, 29, 
        30, 31, 32, 33, 34, 35, 36 ]
      q: [ 
        -0.530283675, -0.219752844, -0.547281652, 0.999168285, -0.496450467, 0.143670034, 0.516762034, 0.0888529173, -0.414469751, 0.88308776, 
        -0.424760089, -0.165193036, -0.0872664626, 0, 0.261799388, 0, 0, 0, 0, -0.261799388, 
        -0.0872664626, -1.74532925, 0, 0, -0.34906585, 0, 0.523598776, 0.261799388, 0.0872664626, -1.74532925, 
        0, 0, -0.34906585, -1.3962634, 1.3962634, -1.3962634, 1.3962634 ]
      ikLinks: 
        - 
          name: WAIST
          index: 0
          isBaseLink: true
          translation: [ 0.05, 0.03, 0.93 ]
          rotation: [ 
            1, 0, 0, 
            0, 0.996194698, -0.0871557427, 
            0, 0.0871557427, 0.996194698 ]
        - 
          name: LARM_JOINT7
          index: 13
          translation: [ 0.110679991, 0.357144305, 1.01902539 ]
          rotation: [ 
            0.0507997334, -0.197431537, -0.978999579, 
            -0.262016931, 0.943293077, -0.203826638, 
            0.963725332, 0.266868804, -0.00381136862 ]
        - 
          name: RARM_JOINT7
          index: 23
          translation: [ 0.433994653, -0.203521354, 1.13904995 ]
          rotation: [ 
            -0.550032263, -0.164862692, -0.818709229, 
            0.128247978, 0.952019873, -0.277867986, 
            0.825237521, -0.25783416, -0.502498338 ]
        - 
          name: LLEG_JOINT5
          index: 31
          translation: [ 1.40214036e-08, 0.249999904, 0.0996005699 ]
          rotation: [ 
            0.866665282, -0.498890042, -0.000122180195, 
            0.498890021, 0.866665099, 0.000594095467, 
            -0.000190499002, -0.000575836396, 0.999999816 ]
          isTouching: true
          partingDirection: [ 0, 0, 1 ]
        - 
          name: RLEG_JOINT5
          index: 37
          translation: [ 4.05072905e-09, -0.150000106, 0.0995625303 ]
          rotation: [ 
            0.866718877, 0.498796849, 0.000300639582, 
            -0.49879694, 0.866718714, 0.000531902022, 
            4.74110062e-06, -0.000610967627, 0.999999813 ]
          isTouching: true
          partingDirection: [ 0, 0, 1 ]
  - 
    time: 4.1
    refer: 
      type: Pose
      name: ""
      joints: [ 
        0, 1, 2, 3, 4, 5, 6, 7, 8, 9, 
        10, 11, 15, 16 ]
      q: [ 
        -0.530195951, -0.217776956, -0.519314824, 0.943365938, -0.468603543, 0.141692222, 0.516856062, 0.0866607989, -0.382818105, 0.820236772, 
        -0.393563088, -0.162998854, 0, 0 ]
      ikLinks: 
        - 
          name: WAIST
          index: 0
          isBaseLink: true
          translation: [ 0.05, 0.03, 0.94 ]
          rotation: [ 
            1, 0, 0, 
            0, 0.996194698, -0.0871557427, 
            0, 0.0871557427, 0.996194698 ]
        - 
          name: LLEG_JOINT5
          index: 31
          translation: [ 1.41644791e-08, 0.249999902, 0.0996005549 ]
          rotation: [ 
            0.866666048, -0.498888713, -0.000116743323, 
            0.498888688, 0.866665865, 0.000597150301, 
            -0.000196734092, -0.000575771815, 0.999999815 ]
          isTouching: true
          partingDirection: [ 0, 0, 1 ]
        - 
          name: RLEG_JOINT5
          index: 37
          translation: [ 3.99369315e-09, -0.150000106, 0.0995625295 ]
          rotation: [ 
            0.866718204, 0.498798023, 0.000293823765, 
            -0.49879811, 0.866718039, 0.000535906403, 
            1.26466975e-05, -0.000611038574, 0.999999813 ]
          isTouching: true
          partingDirection: [ 0, 0, 1 ]
  - 
    time: 4.35833333
    refer: 
      type: Pose
      name: ""
      joints: [ 
        0, 1, 2, 3, 4, 5, 6, 7, 8, 9, 
        10, 11, 12, 13, 14, 15, 16, 17, 18, 19, 
        20, 21, 22, 23, 24, 25, 26, 27, 28, 29, 
        30, 31, 32, 33, 34, 35, 36 ]
      q: [ 
        0.523075177, -0.096890759, -0.149631394, 0.57673482, -0.427103426, 0.096890759, -0.523075177, 0.0632714977, -0.187619342, 0.612536792, 
        -0.42491745, -0.0632714977, 0, 0, 0, 0, 0, 0, 0.174532925, -0.698131701, 
        0.698131701, -1.74532925, 0, 0, -0.34906585, 0, 0.174532925, 0.698131701, -0.698131701, -1.74532925, 
        0, 0, -0.34906585, -1.3962634, 1.3962634, -1.3962634, 1.3962634 ]
      ikLinks: 
        - 
          name: WAIST
          index: 0
          isBaseLink: true
          translation: [ 0.05, 0.015, 0.98 ]
          rotation: [ 
            1, 0, 0, 
            0, 1, 0, 
            0, 0, 1 ]
        - 
          name: LARM_JOINT7
          index: 13
          translation: [ 0.231104221, 0.252533071, 1.07257908 ]
          rotation: [ 
            -0.226129008, 0.718527257, -0.657711374, 
            -0.310468461, 0.586824089, 0.747828071, 
            0.923295731, 0.373304258, 0.0903821026 ]
        - 
          name: RARM_JOINT7
          index: 23
          translation: [ 0.231104221, -0.222533071, 1.07257908 ]
          rotation: [ 
            -0.226129008, -0.718527257, -0.657711374, 
            0.310468461, 0.586824089, -0.747828071, 
            0.923295731, -0.373304258, 0.0903821026 ]
        - 
          name: LLEG_JOINT5
          index: 31
          translation: [ 4.19855893e-07, 0.200000139, 0.0995007729 ]
          rotation: [ 
            0.866287084, 0.499546482, 3.63598041e-15, 
            -0.499546482, 0.866287084, 2.13995488e-14, 
            7.49400542e-15, -2.03864703e-14, 1 ]
          isTouching: true
          partingDirection: [ 0, 0, 1 ]
        - 
          name: RLEG_JOINT5
          index: 37
          translation: [ 4.19827815e-07, -0.199999839, 0.0995007738 ]
          rotation: [ 
            0.866287084, -0.499546482, -6.80011603e-15, 
            0.499546482, 0.866287084, 1.1379786e-14, 
            1.66533454e-16, -1.32255318e-14, 1 ]
          isTouching: true
          partingDirection: [ 0, 0, 1 ]
  - 
    time: 4.45833333
    refer: 
      type: Pose
      name: ""
      joints: [ 
        0, 1, 2, 3, 4, 5, 6, 7, 8, 9, 
        10, 11, 12, 13, 14, 15, 16 ]
      q: [ 
        0.523075177, -0.0981607176, -0.190274603, 0.661850559, -0.471575956, 0.0981607176, -0.523075177, 0.0641038513, -0.226606937, 0.693817243, 
        -0.467210306, -0.0641038513, 0, 0, 0, 0, 0 ]
      ikLinks: 
        - 
          name: WAIST
          index: 0
          isBaseLink: true
          translation: [ 0.05, 0.015, 0.97 ]
          rotation: [ 
            1, 0, 0, 
            0, 1, 0, 
            0, 0, 1 ]
        - 
          name: LLEG_JOINT5
          index: 31
          translation: [ 4.68437695e-07, 0.200000062, 0.0995003229 ]
          rotation: [ 
