# Body pose sequence format version 1.0 defined by cnoid-Robotics

type: PoseSeq
name: "get-down"
targetBody: "JAXON_RED"
refs: 
  - 
    time: 0
    refer: 
      type: Pose
      name: ""
      joints: [ 
        0, 1, 2, 3, 4, 5, 6, 7, 8, 9, 
        10, 11, 12, 13, 14, 15, 16, 17, 18, 19, 
        20, 21, 22, 23, 24, 25, 26, 27, 28, 29, 
        30, 31, 32, 33, 34, 35, 36 ]
      q: [ 
        -1.23590558e-20, -2.76251463e-19, -0.200001519, 0.560506465, -0.360503946, 3.57377501e-19, 1.23590558e-20, 2.76251463e-19, -0.200001519, 0.560506465, 
        -0.360503946, -3.57377501e-19, 0, 0, 0, 0, 0, 0, 0.34906585, -0.261799388, 
        -0.087266, -0.34906585, 0, 0, -0.349066, 0, 0.34906585, 0.261799388, 0.087266, -0.34906585, 
        0, 0, -0.349066, -1.3962634, 1.3962634, -1.3962634, 1.3962634 ]
      ikLinks: 
        - 
          name: WAIST
          index: 0
          isBaseLink: true
          translation: [ 0.06, 0, 0.99 ]
          rotation: [ 
            1, 0, 0, 
            0, 1, 0, 
            0, 0, 1 ]
        - 
          name: LARM_JOINT7
          index: 13
          translation: [ -0.0366660215, 0.385992238, 0.857120373 ]
          rotation: [ 
            0.935372393, 0.00628530478, -0.353608513, 
            -0.10187585, 0.962250226, -0.252380297, 
            0.338673585, 0.27209373, 0.900702618 ]
        - 
          name: RARM_JOINT7
          index: 23
          translation: [ -0.0366660215, -0.385992238, 0.857120373 ]
          rotation: [ 
            0.935372393, -0.00628530478, -0.353608513, 
            0.10187585, 0.962250226, 0.252380297, 
            0.338673585, -0.27209373, 0.900702618 ]
        - 
          name: LLEG_JOINT5
          index: 31
          translation: [ 0.00145110045, 0.1, 0.0995016616 ]
          rotation: [ 
            1, -1.23594132e-20, 1e-06, 
            1.23593321e-20, 1, 8.11260504e-20, 
            -1e-06, -8.1126038e-20, 1 ]
          isTouching: true
          partingDirection: [ 0, 0, 1 ]
        - 
          name: RLEG_JOINT5
          index: 37
          translation: [ 0.00145110045, -0.1, 0.0995016616 ]
          rotation: [ 
            1, 1.23594132e-20, 1e-06, 
            -1.23593321e-20, 1, -8.11260504e-20, 
            -1e-06, 8.1126038e-20, 1 ]
          isTouching: true
          partingDirection: [ 0, 0, 1 ]
  - 
    time: 0.5
    refer: 
      type: Pose
      name: ""
      joints: [ 
        0, 1, 2, 3, 4, 5, 6, 7, 8, 9, 
        10, 11, 12, 13, 14, 15, 16, 17, 18, 19, 
        20, 21, 22, 23, 24, 25, 26, 27, 28, 29, 
        30, 31, 32 ]
      q: [ 
        -6.56203374e-08, 0.0658690867, -0.251757918, 0.705043526, -0.453284615, -0.0658690867, -6.55716071e-08, 0.0658655599, -0.251761041, 0.705046793, 
        -0.453284759, -0.0658655599, 0, 0, 0, 0, 0, 0, 0.34906585, -0.261799388, 
        -0.087266, -0.34906585, 0, 0, -0.349066, 0, 0.34906585, 0.261799388, 0.087266, -0.34906585, 
        0, 0, -0.349066 ]
      ikLinks: 
        - 
          name: WAIST
          index: 0
          isBaseLink: true
          translation: [ 0.0732, -0.05, 0.97 ]
          rotation: [ 
            1, -2.19207817e-10, 6.33558353e-09, 
            2.19207817e-10, 1, -2.77777801e-13, 
            -6.33558353e-09, 2.7777919e-13, 1 ]
        - 
          name: LARM_JOINT7
          index: 13
          translation: [ -0.0234660225, 0.335992238, 0.837120374 ]
          rotation: [ 
            0.935372396, 0.0062853063, -0.353608507, 
            -0.10187585, 0.962250226, -0.252380297, 
            0.338673579, 0.27209373, 0.90070262 ]
        - 
          name: RARM_JOINT7
          index: 23
          translation: [ -0.0234660223, -0.435992238, 0.837120374 ]
          rotation: [ 
            0.935372396, -0.00628530672, -0.353608508, 
            0.10187585, 0.962250226, 0.252380297, 
            0.338673579, -0.27209373, 0.90070262 ]
        - 
          name: LLEG_JOINT5
          index: 31
          translation: [ 0.0014514143, 0.0999983147, 0.0995016305 ]
          rotation: [ 
            1, -8.46715144e-12, 9.9723768e-07, 
            8.46715059e-12, 1, -3.10571013e-13, 
            -9.9723768e-07, 3.10571013e-13, 1 ]
          isTouching: true
          partingDirection: [ 0, 0, 1 ]
        - 
          name: RLEG_JOINT5
          index: 37
          translation: [ 0.00145031399, -0.0999989909, 0.0995014879 ]
          rotation: [ 
            1, 3.67679082e-11, 9.97237456e-07, 
            -3.67679082e-11, 1, -3.10612647e-13, 
            -9.97237456e-07, 3.10571013e-13, 1 ]
          isTouching: true
          partingDirection: [ 0, 0, 1 ]
  - 
    time: 0.65
    refer: 
      type: Pose
      name: ""
      joints: [ 
        17, 18, 19, 20, 21, 22, 23, 24 ]
      q: [ 
        0, 0.0872664626, -0.261799388, -0.087266, -0.523598776, 0, 0, -0.349066 ]
      ikLinks: 
        - 
          name: RARM_JOINT7
          index: 23
          translation: [ 0.1718611, -0.384184328, 0.859684672 ]
          rotation: [ 
            0.703658767, 0.0643519011, -0.707617956, 
            0.144153505, 0.962250226, 0.230855517, 
            0.695761529, -0.264449117, 0.667819256 ]
  - 
    time: 0.7
    refer: 
      type: Pose
      name: ""
      joints: [ 
        0, 1, 2, 3, 4, 5, 6, 7, 8, 9, 
        10, 11 ]
      q: [ 
        -1.35768624e-07, 0.135516208, -0.188047479, 0.47829134, -0.290242857, -0.135516208, 0.038028615, 0.152943, -0.894979028, 1.1909798, 
        -0.540855916, -0.157567753 ]
      ikLinks: 
        - 
          name: LLEG_JOINT5
          index: 31
          translation: [ 0.230721465, 0.0999993646, 0.237324782 ]
          rotation: [ 
            0.970831538, 6.15894466e-06, -0.239762642, 
            -5.93172452e-06, 1, 1.66931517e-06, 
            0.239762642, -1.98417872e-07, 0.970831538 ]
        - 
          name: RLEG_JOINT5
          index: 37
          translation: [ 0.00161608321, -0.1000018, 0.0994924116 ]
          rotation: [ 
            0.999999984, -1.34573615e-05, -0.00018087157, 
            1.34575905e-05, 1, 1.26513734e-06, 
            0.000180871553, -1.26757141e-06, 0.999999984 ]
          isTouching: true
          partingDirection: [ 0, 0, 1 ]
  - 
    time: 0.7
    refer: 
      type: Pose
      name: ""
      ikLinks: 
        - 
          name: WAIST
          index: 0
          translation: [ 0.04, -0.08, 0.93 ]
          rotation: [ 
            1, -1.51387274e-07, 4.4619324e-06, 
            1.51387275e-07, 1, -1.88713517e-10, 
            -4.4619324e-06, 1.89388997e-10, 1 ]
  - 
    time: 0.9
    refer: 
      type: Pose
      name: ""
      joints: [ 
        6, 7, 8, 9, 10, 11 ]
      q: [ 
        0.11062974, 0.0423918222, -1.40519551, 0.628765998, 0.174532925, -0.118626598 ]
      ikLinks: 
        - 
          name: LLEG_JOINT5
          index: 31
          translation: [ 0.717909497, 0.0991294376, 0.411131991 ]
          rotation: [ 
            0.821873513, -0.0433861205, -0.568015469, 
            0.0671534744, 0.9975222, 0.0209730971, 
            0.565698099, -0.0553814452, 0.822750604 ]
          isSlave: true
  - 
    time: 0.95
    refer: 
      type: Pose
      name: ""
      joints: [ 
        0, 1, 2, 3, 4, 5, 12, 13, 14, 15, 
        16, 17, 18, 19, 20, 21, 22, 23, 24, 25, 
        26, 27, 28, 29, 30, 31, 32 ]
      q: [ 
        -1.30612107e-07, 0.130060034, -0.53067048, 1.11894798, -0.588276503, -0.130060034, 0, 0, 0, 0, 
        0, 0, -0.523597991, -0.261799388, -0.087266, -2.09439091, 0, 0, -0.349066785, 0, 
        0.523596421, 0.261799388, 0.087266, -0.349066897, 0, 0, -0.349066785 ]
      ikLinks: 
        - 
          name: WAIST
          index: 0
          isBaseLink: true
          translation: [ 0.02, -0.09, 0.9 ]
          rotation: [ 
            1, 0, 0, 
            0, 1, 0, 
            0, 0, 1 ]
        - 
          name: LARM_JOINT7
          index: 13
          translation: [ -0.178317573, 0.295992235, 0.793977568 ]
          rotation: [ 
            0.979971282, 0.053437769, -0.191835065, 
            -0.101876312, 0.962250226, -0.25238011, 
            0.171106705, 0.266868709, 0.94842163 ]
        - 
          name: RARM_JOINT7
          index: 23
          translation: [ 0.33722034, -0.373005893, 1.36338331 ]
          rotation: [ 
            -0.962691369, 0.204395633, -0.177335143, 
            0.230856008, 0.962250226, -0.144152719, 
            0.141176596, -0.179713462, -0.973535947 ]
        - 
          name: RLEG_JOINT5
          index: 37
          translation: [ 0.00144944179, -0.100010882, 0.0995012899 ]
          rotation: [ 
            1, 8.30561711e-10, 9.92225947e-07, 
            -8.30561717e-10, 1, -6.78623824e-14, 
            -9.92225947e-07, 6.70852263e-14, 1 ]
          isTouching: true
          partingDirection: [ 0, 0, 1 ]
  - 
    time: 1.1
    refer: 
      type: Pose
      name: ""
      joints: [ 
        0, 1, 2, 3, 4, 5, 12, 13, 14, 15, 
        16 ]
      q: [ 
        -1.15408818e-07, 0.114961987, -0.168568815, 0.413923992, -0.245354171, -0.114961987, 0, 0, 0, 0, 
        0 ]
      ikLinks: 
        - 
          name: WAIST
          index: 0
          isBaseLink: true
          translation: [ 0.03, -0.091, 1 ]
          rotation: [ 
            1, 0, 0, 
            0, 1, 0, 
            0, 0, 1 ]
        - 
          name: RLEG_JOINT5
          index: 37
          translation: [ 0.00145085227, -0.100009061, 0.0995027566 ]
          rotation: [ 
            1, 1.16411711e-11, 9.99359507e-07, 
            -1.16411707e-11, 1, -5.76899639e-14, 
            -9.99359507e-07, 5.76760861e-14, 1 ]
          isTouching: true
          partingDirection: [ 0, 0, 1 ]
  - 
    time: 1.1
    refer: 
      type: Pose
      name: ""
      joints: [ 
        6, 7, 8, 9, 10, 11 ]
      q: [ 
        0.11062974, 0.0423918222, -1.40519551, 0.628765998, 0.174532925, -0.118626598 ]
      ikLinks: 
        - 
          name: LLEG_JOINT5
          index: 31
          translation: [ 0.717909497, 0.0991294376, 0.411131991 ]
          rotation: [ 
            0.821873513, -0.0433861205, -0.568015469, 
            0.0671534744, 0.9975222, 0.0209730971, 
            0.565698099, -0.0553814452, 0.822750604 ]
          isSlave: true
  - 
    time: 1.2
    refer: 
      type: Pose
      name: ""
      joints: [ 0, 1, 2, 3, 4, 5 ]
      q: [ -0.000293824036, 0.0567800829, -0.771194717, 1.10886587, -0.335198809, -0.0567800918 ]
      ikLinks: 
        - 
          name: RLEG_JOINT5
          index: 37
          translation: [ 0.199999527, -0.128800011, 0.205000197 ]
          rotation: [ 
            0.999999432, 0.000153519336, 0.00105431872, 
            -0.000153518849, 0.999999988, -5.43253829e-07, 
            -0.00105431879, 3.81395725e-07, 0.999999444 ]
          isSlave: true
  - 
    time: 1.3
    refer: 
      type: Pose
      name: ""
  - 
    time: 1.3
    refer: 
      type: Pose
      name: ""
      joints: [ 
        6, 7, 8, 9, 10, 11 ]
      q: [ 
        0.0304104054, 0.279993929, -0.698131701, 1.3962634, 0.959931089, -0.283937683 ]
      ikLinks: 
        - 
          name: LLEG_JOINT5
          index: 31
          translation: [ 0.0189240533, 0.261402399, 0.241484297 ]
          rotation: [ 
            -0.0902628842, -0.308359537, 0.946977828, 
            0.272520899, 0.906920112, 0.321291565, 
            -0.957906557, 0.287071953, 0.00217319339 ]
          isSlave: true
  - 
    time: 1.4
    refer: 
      type: Pose
      name: ""
      joints: [ 0, 1, 2, 3, 4, 5 ]
      q: [ -1.29801076e-19, 6.20070671e-20, -1.04719755, 0.34906585, -0.443442753, 1.06532047e-19 ]
      ikLinks: 
        - 
          name: WAIST
          index: 0
          translation: [ 0.02, 0, 0.92 ]
          rotation: [ 
            0.999985126, -0, -0.00545412687, 
            0, 1, -0, 
            0.00545412687, 0, 0.999985126 ]
        - 
          name: RLEG_JOINT5
          index: 37
          translation: [ 0.633094356, -0.1, 0.303091294 ]
          rotation: [ 
            0.411197814, 3.23520752e-20, -0.911546136, 
            -1.10400852e-19, 1, -1.43103168e-20, 
            0.911546136, 1.06519841e-19, 0.411197814 ]
          isSlave: true
  - 
    time: 1.5
    refer: 
      type: Pose
      name: ""
      joints: [ 
        0, 1, 2, 3, 4, 5, 6, 7, 8, 9, 
        10, 11, 12, 13, 14, 15, 16, 17, 18, 19, 
        20, 21, 22, 23, 24, 25, 26, 27, 28, 29, 
        30, 31, 32, 33, 34, 35, 36 ]
      q: [ 
        4.31865677e-18, -4.42164106e-18, -1.22173048, 0.174532925, -1.04719755, -6.27680622e-18, 0.000996211245, 0.698131701, 0.174532925, 0.872664626, 
        0.959692219, 0.524460414, 0, 0.0872664626, 0, 0, 0, 0.0474969368, 0.460699104, -0.287303653, 
        -0.132230086, -0.824879423, -0.118427689, 0.279775441, 0.225151009, 0.0352052992, -0.20157686, 0.249707308, 0.0647104257, -0.677042291, 
        -0.0180512466, -0.00595933238, 0.214902515, -1.3962634, 1.3962634, -1.3962634, 1.3962634 ]
      ikLinks: 
        - 
          name: WAIST
          index: 0
          isBaseLink: true
          translation: [ 0.0599997402, 0, 0.6497497 ]
          rotation: [ 
            0.996194698, 0, 0.0871557427, 
            0, 1, 0, 
            -0.0871557427, 0, 0.996194698 ]
        - 
          name: LARM_JOINT7
          index: 13
          translation: [ 0.33362948, 0.379840647, 0.56652068 ]
          rotation: [ 
            0.884065744, -0.0871554461, -0.459164119, 
            -0.0445845637, 0.962250113, -0.268490107, 
            0.4652311, 0.257834538, 0.846806574 ]
        - 
          name: RARM_JOINT7
          index: 23
          translation: [ 0.0314227346, -0.387590085, 0.559650992 ]
          rotation: [ 
            0.998564765, -0.0535575448, -2.47885821e-06, 
            0.0535573137, 0.998560318, 0.00298415223, 
            -0.000157348577, -0.00298000203, 0.999995547 ]
        - 
          name: LLEG_JOINT5
          index: 31
          translation: [ -0.417061849, 0.457815506, 0.149986387 ]
          rotation: [ 
            -0.481888931, 0.485731153, 0.729279305, 
            0.582207199, 0.799495302, -0.147790523, 
            -0.65484184, 0.353373044, -0.668064111 ]
          isSlave: true
        - 
          name: RLEG_JOINT5
          index: 37
          translation: [ 0.74125021, -0.1, 0.166066597 ]
          rotation: [ 
            -0.422618264, 1.00112396e-18, -0.906307786, 
            1.66992508e-18, 1, 3.25919213e-19, 
            0.906307786, -1.37572669e-18, -0.422618264 ]
          isSlave: true
  - 
    time: 1.62
    refer: 
      type: Pose
      name: ""
      joints: [ 
        17, 18, 19, 20, 21, 22, 23, 24, 25, 26, 
        27, 28, 29, 30, 31, 32, 33, 34, 35, 36 ]
      q: [ 
        -0.00715046478, 0.0355364877, -0.283889207, -0.0650809675, -0.394235945, -0.0239829141, 0.287212598, -0.0597090541, 0.0339041785, -0.193165371, 
        0.258064382, 0.051494944, -0.668631006, 0.097163463, -0.259814995, 0.449041123, -1.3962634, 1.3962634, -1.3962634, 1.3962634 ]
      ikLinks: 
        - 
          name: LARM_JOINT7
          index: 13
          translation: [ 0.21390757, 0.371583888, 0.264030032 ]
          rotation: [ 
            0.99999447, 0.00311415839, -0.00116700515, 
            -0.00311531215, 0.999994659, -0.000988137775, 
            0.0011639217, 0.000991767896, 0.999998831 ]
        - 
          name: RARM_JOINT7
          index: 23
          translation: [ 0.00430017295, -0.385546538, 0.260140049 ]
          rotation: [ 
            0.999792269, -0.0203634295, -0.000865462472, 
            0.020364071, 0.999792358, 0.000739006879, 
            0.000850234051, -0.000756477704, 0.999999352 ]
  - 
    time: 1.7
    refer: 
      type: Pose
      name: ""
      joints: [ 
        0, 1, 2, 3, 4, 5, 6, 7, 8, 9, 
        10, 11, 12, 13, 14, 15, 16, 17, 18, 19, 
        20, 21, 22, 23, 24, 25, 26, 27, 28, 29, 
        30, 31, 32, 33, 34, 35, 36 ]
      q: [ 
        -1.23590558e-20, -2.76251463e-19, -1.83259571, 0.0872664626, -0.610865238, 3.57377501e-19, 0.523598776, 1.04719755, -1.13446401, 1.65806279, 
        0, 0.523598776, 0, 0.0872664626, 0, 0, 0, -0.0260341244, 0.175757111, -0.278604754, 
        -0.0859771516, -0.840391351, -0.116343477, 0.267255251, 0.161564914, 0.111870121, -0.244935075, 0.221802472, 0.0401480984, -0.903090825, 
        0.0997970414, -0.274394399, 0.629940142, -1.3962634, 1.3962634, -1.3962634, 1.3962634 ]
      ikLinks: 
        - 
          name: WAIST
          index: 0
          isBaseLink: true
          translation: [ -0.07, 0, 0.35 ]
          rotation: [ 
            0.906307787, 0, 0.422618262, 
            0, 1, 0, 
            -0.422618262, 0, 0.906307787 ]
        - 
          name: LARM_JOINT7
          index: 13
          translation: [ 0.227202406, 0.368336137, 0.217250868 ]
          rotation: [ 
            0.999976824, 0.00680472344, -0.000217262388, 
            -0.00680471172, 0.999976846, 5.46754443e-05, 
            0.000217629409, -5.31957692e-05, 0.999999975 ]
        - 
          name: RARM_JOINT7
          index: 23
          translation: [ 0.000247573596, -0.375739323, 0.219047032 ]
          rotation: [ 
            0.999842826, -0.0177073058, -0.000880455543, 
            0.0177071121, 0.999843191, -0.000227293882, 
            0.000884342242, 0.000211667832, 0.999999587 ]
        - 
          name: LLEG_JOINT5
          index: 31
          translation: [ -0.334658433, 0.567942685, 0.054500698 ]
          rotation: [ 
            0.377854879, 0.578395945, 0.722968756, 
            0.808012704, 0.175240476, -0.562499997, 
            -0.452041106, 0.796711307, -0.401135802 ]
          isTouching: true
          partingDirection: [ 0, 0, 1 ]
        - 
          name: RLEG_JOINT5
          index: 37
          translation: [ 0.657095727, -0.1, 0.0883205534 ]
          rotation: [ 
            -0.342020139, -4.41372806e-19, -0.939692623, 
            2.04078456e-19, 1, -5.43977611e-19, 
            0.939692623, -3.77822317e-19, -0.342020139 ]
          isSlave: true
