# Body pose sequence format version 1.0 defined by cnoid-Robotics

type: PoseSeq
name: "backflip"
targetBody: "JAXON_RED"
refs: 
  - 
    time: 0
    refer: 
      type: Pose
      name: ""
      joints: [ 
        0, 1, 2, 3, 4, 5, 6, 7, 8, 9, 
        10, 11, 12, 13, 14, 15, 16, 17, 18, 19, 
        20, 21, 22, 23, 24, 25, 26, 27, 28, 29, 
        30, 31, 32, 33, 34, 35, 36 ]
      q: [ 
        2.58730844e-14, 0.000464587863, -0.237662048, 0.646728428, -0.409066381, -0.000464587863, 1.58367047e-19, 0.000464567072, -0.237668637, 0.646732702, 
        -0.409064065, -0.000464567072, 0, 0, 0, 0, 0, 0, 0.698131701, -0.34906585, 
        -0.0872664626, -1.3962634, 0, 0, -0.34906585, 0, 0.698131701, 0.34906585, 0.0872664626, -1.3962634, 
        0, 0, -0.34906585, -1.3962634, 1.3962634, -1.3962634, 1.3962634 ]
      ikLinks: 
        - 
          name: WAIST
          index: 0
          isBaseLink: true
          translation: [ 0.05, 0, 0.98 ]
          rotation: [ 
            1, 2.58062995e-14, 1.2873036e-13, 
            -2.58062995e-14, 1, -2.43218531e-14, 
            -1.2873036e-13, 2.43218531e-14, 1 ]
        - 
          name: LARM_JOINT7
          index: 13
          translation: [ 0.0698425737, 0.371456088, 0.979514795 ]
          rotation: [ 
            0.459003029, 0.152244556, -0.875292988, 
            -0.351045807, 0.936116807, -0.0212641946, 
            0.816139119, 0.317028263, 0.483125263 ]
        - 
          name: RARM_JOINT7
          index: 23
          translation: [ 0.0698425737, -0.371456088, 0.979514795 ]
          rotation: [ 
            0.459003029, -0.152244556, -0.875292988, 
            0.351045807, 0.936116807, 0.0212641946, 
            0.816139119, -0.317028263, 0.483125263 ]
        - 
          name: LLEG_JOINT5
          index: 31
          translation: [ -0.0116790717, 0.100356771, 0.0995345432 ]
          rotation: [ 
            1, 2.57728424e-14, 2.00407251e-13, 
            -2.57728138e-14, 1, -2.47865964e-14, 
            -2.00450767e-13, 2.4786488e-14, 1 ]
          isTouching: true
          partingDirection: [ 0, 0, 1 ]
        - 
          name: RLEG_JOINT5
          index: 37
          translation: [ -0.0116823127, -0.0996432124, 0.0995343037 ]
          rotation: [ 
            1, -2.98820766e-19, -1.43773899e-14, 
            2.71050543e-19, 1, 2.33103467e-18, 
            1.43773882e-14, -2.27682456e-18, 1 ]
          isTouching: true
          partingDirection: [ 0, 0, 1 ]
  - 
    time: 0.5
    refer: 
      type: Pose
      name: ""
      joints: [ 
        0, 1, 2, 3, 4, 5, 6, 7, 8, 9, 
        10, 11, 12, 13, 14, 15, 16, 17, 18, 19, 
        20, 21, 22, 23, 24, 25, 26, 27, 28, 29, 
        30, 31, 32, 33, 34, 35, 36 ]
      q: [ 
        2.58730844e-14, 0.000464587863, -0.237662048, 0.646728428, -0.409066381, -0.000464587863, 1.58367047e-19, 0.000464567072, -0.237668637, 0.646732702, 
        -0.409064065, -0.000464567072, 0, 0, 0, 0, 0, 0, 0.698131701, -0.34906585, 
        -0.0872664626, -1.3962634, 0, 0, -0.34906585, 0, 0.698131701, 0.34906585, 0.0872664626, -1.3962634, 
        0, 0, -0.34906585, -1.3962634, 1.3962634, -1.3962634, 1.3962634 ]
      ikLinks: 
        - 
          name: WAIST
          index: 0
          isBaseLink: true
          translation: [ 0.05, 0, 0.98 ]
          rotation: [ 
            1, 2.58062995e-14, 1.2873036e-13, 
            -2.58062995e-14, 1, -2.43218531e-14, 
            -1.2873036e-13, 2.43218531e-14, 1 ]
        - 
          name: LARM_JOINT7
          index: 13
          translation: [ 0.0698425737, 0.371456088, 0.979514795 ]
          rotation: [ 
            0.459003029, 0.152244556, -0.875292988, 
            -0.351045807, 0.936116807, -0.0212641946, 
            0.816139119, 0.317028263, 0.483125263 ]
        - 
          name: RARM_JOINT7
          index: 23
          translation: [ 0.0698425737, -0.371456088, 0.979514795 ]
          rotation: [ 
            0.459003029, -0.152244556, -0.875292988, 
            0.351045807, 0.936116807, 0.0212641946, 
            0.816139119, -0.317028263, 0.483125263 ]
        - 
          name: LLEG_JOINT5
          index: 31
          translation: [ -0.0116790717, 0.100356771, 0.0995345432 ]
          rotation: [ 
            1, 2.57728424e-14, 2.00407251e-13, 
            -2.57728138e-14, 1, -2.47865964e-14, 
            -2.00450767e-13, 2.4786488e-14, 1 ]
          isTouching: true
          partingDirection: [ 0, 0, 1 ]
        - 
          name: RLEG_JOINT5
          index: 37
          translation: [ -0.0116823127, -0.0996432124, 0.0995343037 ]
          rotation: [ 
            1, -2.98820766e-19, -1.43773899e-14, 
            2.71050543e-19, 1, 2.33103467e-18, 
            1.43773882e-14, -2.27682456e-18, 1 ]
          isTouching: true
          partingDirection: [ 0, 0, 1 ]
  - 
    time: 1
    refer: 
      type: Pose
      name: ""
      joints: [ 
        0, 1, 2, 3, 4, 5, 6, 7, 8, 9, 
        10, 11, 12, 13, 14, 15, 16, 17, 18, 19, 
        20, 21, 22, 23, 24, 25, 26, 27, 28, 29, 
        30, 31, 32, 33, 34, 35, 36 ]
      q: [ 
        0.00037304824, 0.000444549227, -1.64361151, 1.38310172, -0.437704692, -0.00057842238, -0.000373039194, -0.000444563583, -1.64361151, 1.38310172, 
        -0.437704695, 0.000578424625, 0, 0, 0, 0, 0, 0, 1.04719755, -0.34906585, 
        -0.0872664626, -0.174532925, 0, 0, -0.34906585, 0, 1.04719755, 0.34906585, 0.0872664626, -0.174532925, 
        0, 0, -0.34906585, -1.3962634, 1.3962634, -1.3962634, 1.3962634 ]
      ikLinks: 
        - 
          name: WAIST
          index: 0
          isBaseLink: true
          translation: [ -0.08, 0, 0.8 ]
          rotation: [ 
            0.766044443, 0, 0.64278761, 
            0, 1, 0, 
            -0.64278761, 0, 0.766044443 ]
        - 
          name: LARM_JOINT7
          index: 13
          translation: [ -0.370733748, 0.437604356, 1.19898606 ]
          rotation: [ 
            0.338319987, 0.350676807, 0.873249886, 
            -0.10008293, 0.936116807, -0.337147937, 
            -0.935693857, 0.0266664784, 0.351803788 ]
        - 
          name: RARM_JOINT7
          index: 23
          translation: [ -0.370733748, -0.437604356, 1.19898606 ]
          rotation: [ 
            0.338319987, -0.350676807, 0.873249886, 
            0.10008293, 0.936116807, 0.337147937, 
            -0.935693857, -0.0266664784, 0.351803788 ]
        - 
          name: LLEG_JOINT5
          index: 31
          translation: [ -0.011681567, 0.0996435052, 0.0995355853 ]
          rotation: [ 
            0.999999997, -4.32200472e-08, -8.26968141e-05, 
            4.33784779e-08, 1, 1.91579994e-06, 
            8.2696814e-05, -1.91580352e-06, 0.999999997 ]
          isTouching: true
          partingDirection: [ 0, 0, 1 ]
        - 
          name: RLEG_JOINT5
          index: 37
          translation: [ -0.0116815654, -0.0996435061, 0.0995355856 ]
          rotation: [ 
            0.999999997, 2.70628559e-08, -8.2696814e-05, 
            -2.72210438e-08, 1, -1.91286381e-06, 
            8.2696814e-05, 1.91286605e-06, 0.999999997 ]
          isTouching: true
          partingDirection: [ 0, 0, 1 ]
  - 
    time: 1.2
    refer: 
      type: Pose
      name: ""
      joints: [ 
        0, 1, 2, 3, 4, 5, 6, 7, 8, 9, 
        10, 11, 12, 13, 14, 15, 16, 17, 18, 19, 
        20, 21, 22, 23, 24, 25, 26, 27, 28, 29, 
        30, 31, 32, 33, 34, 35, 36 ]
      q: [ 
        0.000441228186, 0.000442055529, -1.8417478, 1.53745087, -0.480307593, -0.000622856524, -0.000441228365, -0.000442055708, -1.8417478, 1.53745087, 
        -0.480307593, 0.000622856778, 0, 0, 0, 0, 0, 0, -0.698131701, -0.34906585, 
        -0.0872664626, -0.174532925, 0, 0, -0.34906585, 0, -0.698131701, 0.34906585, 0.0872664626, -0.174532925, 
        0, 0, -0.34906585, -1.3962634, 1.3962634, -1.3962634, 1.3962634 ]
      ikLinks: 
        - 
          name: WAIST
          index: 0
          isBaseLink: true
          translation: [ -0.08, 0, 0.75 ]
          rotation: [ 
            0.707109468, -8.17522364e-09, 0.707104094, 
            4.75705093e-09, 1, 6.80446899e-09, 
            -0.707104094, -1.44777426e-09, 0.707109468 ]
        - 
          name: LARM_JOINT7
          index: 13
          translation: [ 0.253041982, 0.437604359, 0.478066622 ]
          rotation: [ 
            0.90264514, -0.057129828, -0.426576997, 
            -0.100082922, 0.936116807, -0.337147939, 
            0.4185871, 0.347018021, 0.839263566 ]
        - 
          name: RARM_JOINT7
          index: 23
          translation: [ 0.253041989, -0.437604354, 0.478066623 ]
          rotation: [ 
            0.902645138, 0.0571298127, -0.426577003, 
            0.100082938, 0.936116807, 0.337147935, 
            0.4185871, -0.347018024, 0.839263565 ]
        - 
          name: LLEG_JOINT5
          index: 31
          translation: [ -0.0116823283, 0.0996435057, 0.0995349327 ]
          rotation: [ 
            0.999999688, -9.88337854e-08, 0.000789937772, 
            9.74742603e-08, 1, 1.72109201e-06, 
            -0.000789937772, -1.72101447e-06, 0.999999688 ]
          isTouching: true
          partingDirection: [ 0, 0, 1 ]
        - 
          name: RLEG_JOINT5
          index: 37
          translation: [ -0.0116823267, -0.0996435066, 0.099534933 ]
          rotation: [ 
            0.999999688, 8.24833381e-08, 0.000789937772, 
            -8.11261054e-08, 1, -1.71818354e-06, 
            -0.000789937772, 1.71811892e-06, 0.999999688 ]
          isTouching: true
          partingDirection: [ 0, 0, 1 ]
  - 
    time: 1.32
    refer: 
      type: Pose
      name: ""
      joints: [ 
        0, 1, 2, 3, 4, 5, 6, 7, 8, 9, 
        10, 11, 12, 13, 14, 15, 16, 17, 18, 19, 
        20, 21, 22, 23, 24, 25, 26, 27, 28, 29, 
        30, 31, 32, 33, 34, 35, 36 ]
      q: [ 
        -0.000156935721, 0.000433000292, -0.0113490632, 0.593050784, -0.232980419, -0.000456393357, 0.000156637233, -0.000432131355, -0.0113508256, 0.593055109, 
        -0.232982982, 0.000455471753, 0, 0, 0, 0, 0, 0, -2.61799388, -0.34906585, 
        -0.0872664626, -0.174532925, 0, 0, -0.34906585, 0, -2.61799388, 0.34906585, 0.0872664626, -0.174532925, 
        0, 0, -0.34906585, -1.3962634, 1.3962634, -1.3962634, 1.3962634 ]
      ikLinks: 
        - 
          name: WAIST
          index: 0
          isBaseLink: true
          translation: [ -0.1, 0, 0.98 ]
          rotation: [ 
            0.939692629, 7.27179617e-12, -0.34202012, 
            -8.55274076e-12, 1, -2.23715285e-12, 
            0.34202012, 5.02744546e-12, 0.939692629 ]
        - 
          name: LARM_JOINT7
          index: 13
          translation: [ -0.202890844, 0.437604357, 2.00769676 ]
          rotation: [ 
            -0.935693865, 0.0266664692, 0.351803766, 
            -0.10008293, 0.936116807, -0.337147937, 
            -0.338319963, -0.350676808, -0.873249895 ]
        - 
          name: RARM_JOINT7
          index: 23
          translation: [ -0.202890844, -0.437604357, 2.00769676 ]
          rotation: [ 
            -0.935693865, -0.0266664692, 0.351803766, 
            0.10008293, 0.936116807, 0.337147937, 
            -0.338319963, 0.350676808, -0.873249895 ]
        - 
          name: LLEG_JOINT5
          index: 31
          translation: [ -0.011683721, 0.099643863, 0.0995393823 ]
          rotation: [ 
            0.999999941, 4.49845547e-07, -0.000344557968, 
            -4.48408023e-07, 1, 4.17215688e-06, 
            0.00034455797, -4.17200213e-06, 0.999999941 ]
          isTouching: true
          partingDirection: [ 0, 0, 1 ]
        - 
          name: RLEG_JOINT5
          index: 37
          translation: [ -0.0116833998, -0.0996431502, 0.0995389219 ]
          rotation: [ 
            0.999999941, -4.66220425e-07, -0.000344558004, 
            4.64783925e-07, 1, -4.16919049e-06, 
            0.000344558006, 4.1690301e-06, 0.999999941 ]
          isTouching: true
          partingDirection: [ 0, 0, 1 ]
  - 
    time: 1.42
    refer: 
      type: Pose
      name: ""
      joints: [ 
        0, 1, 2, 3, 4, 5, 6, 7, 8, 9, 
        10, 11, 12, 13, 14, 15, 16 ]
      q: [ 
        -0.000498188637, 0.000289769243, 0.384504636, 1.06821141, -0.406216906, -0.000575764795, 0.000498188637, -0.000289769243, 0.384504636, 1.06821141, 
        -0.406216906, 0.000575764795, 0, 0, 0, 0, 0 ]
      ikLinks: 
        - 
          name: LLEG_JOINT5
          index: 31
          translation: [ -0.0100001381, 0.0996000006, 0.350000348 ]
          rotation: [ 
            0.999999756, 1.45106478e-06, -0.000698479085, 
            -1.4506705e-06, 1, 5.64989844e-07, 
            0.000698479086, -5.63976443e-07, 0.999999756 ]
          isSlave: true
        - 
          name: RLEG_JOINT5
          index: 37
          translation: [ -0.0100001381, -0.0996000006, 0.350000348 ]
          rotation: [ 
            0.999999756, -1.45106478e-06, -0.000698479085, 
            1.4506705e-06, 1, -5.64989844e-07, 
            0.000698479086, 5.63976443e-07, 0.999999756 ]
          isSlave: true
  - 
    time: 1.47
    refer: 
      type: Pose
      name: ""
      joints: [ 
        15, 16 ]
      q: [ 
        0, 0 ]
      ikLinks: 
        - 
          name: WAIST
          index: 0
          isBaseLink: true
          translation: [ -0.3, 0, 1.35 ]
          rotation: [ 
            -0.0174552797, -0, -0.999847645, 
            -0, 1, -0, 
            0.999847645, -0, -0.0174552797 ]
  - 
    time: 1.57
    refer: 
      type: Pose
      name: ""
      joints: [ 
        0, 1, 2, 3, 4, 5, 6, 7, 8, 9, 
        10, 11 ]
      q: [ 
        -0.000498213191, 0.000289763304, -1.22198019, 2.44345986, -0.174532572, -0.000575767372, 0.000498213191, -0.000289763304, -1.22198019, 2.44345986, 
        -0.174532572, 0.000575767372 ]
      ikLinks: 
        - 
          name: LLEG_JOINT5
          index: 31
          translation: [ 0.102986483, 0.0998987971, 1.17245926 ]
          rotation: [ 
            0.85703676, 1.73831288e-06, -0.515255268, 
            -2.28124008e-06, 1, -4.20750148e-07, 
            0.515255268, 1.53601931e-06, 0.85703676 ]
          isSlave: true
        - 
          name: RLEG_JOINT5
          index: 37
          translation: [ 0.102986485, -0.099898725, 1.17245902 ]
          rotation: [ 
            0.85703676, -1.75859026e-06, -0.515255268, 
            1.10159101e-06, 1, -1.5807432e-06, 
            0.515255268, 7.87154457e-07, 0.85703676 ]
          isSlave: true
  - 
    time: 1.61
    refer: 
      type: Pose
      name: ""
      ikLinks: 
        - 
          name: WAIST
          index: 0
          isBaseLink: true
          translation: [ -0.4601, 0, 1.4 ]
          rotation: [ 
            -0.848158561, -0, -0.529742442, 
            -0, 1, -0, 
            0.529742442, -0, -0.848158561 ]
  - 
    time: 1.61
    refer: 
      type: Pose
      name: ""
      joints: [ 
        12, 13, 14, 15, 16, 17, 18, 19, 20, 21, 
        22, 23, 24, 25, 26, 27, 28, 29, 30, 31, 
        32, 33, 34, 35, 36 ]
      q: [ 
        0, 0.523598776, 0, 0, 0, 0, -1.04719755, -0.34906585, -0.0872664626, -0.174532925, 
        0, 0, -0.34906585, 0, -1.04719755, 0.34906585, 0.0872664626, -0.174532925, 0, 0, 
        -0.34906585, -1.3962634, 1.3962634, -1.3962634, 1.3962634 ]
      ikLinks: 
        - 
          name: LARM_JOINT7
          index: 13
          translation: [ -0.803096537, 0.437604357, 1.60779432 ]
          rotation: [ 
            -0.862729916, 0.0871557427, 0.498097349, 
            -0.10008293, 0.936116807, -0.337147937, 
            -0.495661679, -0.340718653, -0.798893172 ]
        - 
          name: RARM_JOINT7
          index: 23
          translation: [ -0.803096537, -0.437604357, 1.60779432 ]
          rotation: [ 
            -0.862729916, -0.0871557427, 0.498097349, 
            0.10008293, 0.936116807, 0.337147937, 
            -0.495661679, 0.340718653, -0.798893172 ]
  - 
    time: 1.76
    refer: 
      type: Pose
      name: ""
      joints: [ 
        0, 1, 2, 3, 4, 5, 6, 7, 8, 9, 
        10, 11 ]
      q: [ 
        -0.000498186842, 0.000289768435, -1.57077608, 2.44342507, -0.174540257, -0.0005757524, 0.000498186842, -0.000289768435, -1.57077608, 2.44342507, 
        -0.174540257, 0.0005757524 ]
      ikLinks: 
        - 
          name: LLEG_JOINT5
          index: 31
          translation: [ -1.19845081, 0.0999489244, 0.993750934 ]
          rotation: [ 
            -0.656041675, 0.000153504795, 0.75472465, 
            0.000195386165, 0.99999998, -3.3553065e-05, 
            -0.754724641, 0.000125450546, -0.656041692 ]
          isSlave: true
        - 
          name: RLEG_JOINT5
          index: 37
          translation: [ -1.19845081, -0.0999489244, 0.993750934 ]
          rotation: [ 
            -0.656041675, -0.000153504795, 0.75472465, 
            -0.000195386165, 0.99999998, 3.3553065e-05, 
            -0.754724641, -0.000125450546, -0.656041692 ]
          isSlave: true
  - 
    time: 1.81
    refer: 
      type: Pose
      name: ""
      joints: [ 
        12, 13, 14, 15, 16, 17, 18, 19, 20, 21, 
        22, 23, 24, 25, 26, 27, 28, 29, 30, 31, 
        32, 33, 34, 35, 36 ]
      q: [ 
        0, 0.523598776, 0, 0, 0, 0, -1.04719755, -0.34906585, -0.0872664626, -0.174532925, 
        0, 0, -0.34906585, 0, -1.04719755, 0.34906585, 0.0872664626, -0.174532925, 0, 0, 
        -0.34906585, -1.3962634, 1.3962634, -1.3962634, 1.3962634 ]
      ikLinks: 
        - 
          name: WAIST
          index: 0
          isBaseLink: true
          translation: [ -0.8, 0, 1.2 ]
          rotation: [ 
            -0.0174524154, 0, 0.999847695, 
            -0, 1, 0, 
            -0.999847695, -0, -0.0174524154 ]
        - 
          name: LARM_JOINT7
          index: 13
          translation: [ -0.873777901, 0.437604356, 0.69822218 ]
          rotation: [ 
            0.851775229, 0.255745309, 0.457245334, 
            -0.10008293, 0.936116807, -0.337147937, 
            -0.514259045, 0.241411808, 0.822956848 ]
        - 
          name: RARM_JOINT7
          index: 23
          translation: [ -0.873777901, -0.437604356, 0.69822218 ]
          rotation: [ 
            0.851775229, -0.255745309, 0.457245334, 
            0.10008293, 0.936116807, 0.337147937, 
            -0.514259045, -0.241411808, 0.822956848 ]
  - 
    time: 1.91
    refer: 
      type: Pose
      name: ""
      joints: [ 
        0, 1, 2, 3, 4, 5, 6, 7, 8, 9, 
        10, 11, 15, 16, 17, 18, 19, 20, 21, 22, 
        23, 24, 25, 26, 27, 28, 29, 30, 31, 32, 
        33, 34, 35, 36 ]
      q: [ 
        -0.000235839491, 0.000303640485, -1.29492817, 0.765145644, -0.516378719, 5.22474436e-05, 0.000235839491, -0.000303640485, -1.29492817, 0.765145644, 
        -0.516378719, -5.22474436e-05, 0, 0, 0, -1.04719755, -0.34906585, -0.0872664626, -0.174532925, 0, 
        0, -0.34906585, 0, -1.04719755, 0.34906585, 0.0872664626, -0.174532925, 0, 0, -0.34906585, 
        -1.3962634, 1.3962634, -1.3962634, 1.3962634 ]
      ikLinks: 
        - 
          name: WAIST
          index: 0
          isBaseLink: true
          translation: [ -0.9003, 0, 1 ]
          rotation: [ 
            0.501532234, 0, 0.865138959, 
            0, 1, 0, 
            -0.865138959, 0, 0.501532234 ]
        - 
          name: LARM_JOINT7
          index: 13
          translation: [ -0.566761543, 0.437604356, 0.566313353 ]
          rotation: [ 
            0.961166036, 0.00337597626, -0.275950094, 
            -0.10008293, 0.936116807, -0.337147937, 
            0.257183318, 0.35167304, 0.900101558 ]
        - 
          name: RARM_JOINT7
          index: 23
          translation: [ -0.566761543, -0.437604356, 0.566313353 ]
          rotation: [ 
            0.961166036, -0.00337597626, -0.275950094, 
            0.10008293, 0.936116807, 0.337147937, 
            0.257183318, -0.35167304, 0.900101558 ]
        - 
          name: LLEG_JOINT5
          index: 31
          translation: [ -1.09979691, 0.099999569, 0.199738228 ]
          rotation: [ 
            0.999999658, -0.000380933965, -0.000733916317, 
            0.000380934228, 0.999999927, 2.19423696e-07, 
            0.00073391618, -4.98997466e-07, 0.999999731 ]
        - 
          name: RLEG_JOINT5
          index: 37
          translation: [ -1.09979691, -0.099999569, 0.199738228 ]
          rotation: [ 
            0.999999658, 0.000380933965, -0.000733916317, 
            -0.000380934228, 0.999999927, -2.19423696e-07, 
            0.00073391618, 4.98997466e-07, 0.999999731 ]
  - 
    time: 2.01
    maxTransitionTime: 0.191666667
    refer: 
      type: Pose
      name: ""
      joints: [ 
        0, 1, 2, 3, 4, 5, 6, 7, 8, 9, 
        10, 11, 12, 13, 14, 15, 16, 17, 18, 19, 
        20, 21, 22, 23, 24, 25, 26, 27, 28, 29, 
        30, 31, 32, 33, 34, 35, 36 ]
      q: [ 
        -3.32039646e-06, 3.06955236e-06, -1.65448447, 1.79461478, -0.9254453, -2.13117924e-07, 3.32039647e-06, -3.06955237e-06, -1.65448447, 1.79461478, 
        -0.9254453, 2.13117924e-07, 0, 0, 0, 0, 0, 0, -1.04719755, -0.34906585, 
        -0.0872664626, -0.174532925, 0, 0, -0.34906585, 0, -1.04719755, 0.34906585, 0.0872664626, -0.174532925, 
        0, 0, -0.34906585, -1.3962634, 1.3962634, -1.3962634, 1.3962634 ]
      ikLinks: 
        - 
          name: WAIST
          index: 0
          isBaseLink: true
          translation: [ -1, 0, 0.7 ]
          rotation: [ 
            0.707106781, 0, 0.707106781, 
            0, 1, 0, 
            -0.707106781, 0, 0.707106781 ]
        - 
          name: LARM_JOINT7
          index: 13
          translation: [ -0.463940504, 0.437604356, 0.464733541 ]
          rotation: [ 
            0.705046426, -0.172370459, -0.68789386, 
            -0.10008293, 0.936116807, -0.337147937, 
            0.702063348, 0.306551381, 0.642754468 ]
        - 
          name: RARM_JOINT7
          index: 23
          translation: [ -0.463940504, -0.437604356, 0.464733541 ]
          rotation: [ 
            0.705046426, 0.172370459, -0.68789386, 
            0.10008293, 0.936116807, 0.337147937, 
            0.702063348, -0.306551381, 0.642754468 ]
        - 
          name: LLEG_JOINT5
          index: 31
          translation: [ -1.09999963, 0.1, 0.0995433209 ]
          rotation: [ 
            0.999999997, -4.51835843e-06, 8.31723941e-05, 
            4.51839089e-06, 1, -3.90115683e-07, 
            -8.31723924e-05, 3.90491487e-07, 0.999999997 ]
          isTouching: true
          partingDirection: [ 0, 0, 1 ]
        - 
          name: RLEG_JOINT5
          index: 37
          translation: [ -1.09999963, -0.1, 0.0995433209 ]
          rotation: [ 
            0.999999997, 4.51835841e-06, 8.31723941e-05, 
            -4.51839087e-06, 1, 3.90115683e-07, 
            -8.31723924e-05, -3.90491487e-07, 0.999999997 ]
          isTouching: true
          partingDirection: [ 0, 0, 1 ]
  - 
    time: 2.444
    refer: 
      type: Pose
      name: ""
      joints: [ 
        0, 1, 2, 3, 4, 5, 6, 7, 8, 9, 
        10, 11, 12, 13, 14, 15, 16, 17, 18, 19, 
        20, 21, 22, 23, 24, 25, 26, 27, 28, 29, 
        30, 31, 32, 33, 34, 35, 36 ]
      q: [ 
        -1.06002372e-06, -1.43640406e-07, -0.271595281, 0.831878823, -0.560283763, -0.000530437851, 1.06002372e-06, 1.43640406e-07, -0.271595281, 0.831878823, 
        -0.560283763, 0.000530437851, 0, 0, 0, 0, 0, 0, -0.34906585, -0.34906585, 
        -0.0872664626, -0.174532925, 0, 0, -0.34906585, 0, -0.34906585, 0.34906585, 0.0872664626, -0.174532925, 
        0, 0, -0.34906585, -1.3962634, 1.3962634, -1.3962634, 1.3962634 ]
      ikLinks: 
        - 
          name: WAIST
          index: 0
          isBaseLink: true
          translation: [ -1, 0, 0.95 ]
          rotation: [ 
            1, 0, 2.4492936e-16, 
            0, 1, 0, 
            -2.4492936e-16, 0, 1 ]
        - 
          name: LARM_JOINT7
          index: 13
          translation: [ -0.740718297, 0.437604356, 0.87417668 ]
          rotation: [ 
            0.641174658, -0.198432251, -0.74129596, 
            -0.10008293, 0.936116807, -0.337147937, 
            0.760840631, 0.290361784, 0.580354692 ]
        - 
          name: RARM_JOINT7
          index: 23
          translation: [ -0.740718297, -0.437604356, 0.87417668 ]
          rotation: [ 
            0.641174658, 0.198432251, -0.74129596, 
            0.10008293, 0.936116807, 0.337147937, 
            0.760840631, -0.290361784, 0.580354692 ]
        - 
          name: LLEG_JOINT5
          index: 31
          translation: [ -1.09999997, 0.1, 0.0995295237 ]
          rotation: [ 
            1, -1.0601408e-06, -2.2043754e-07, 
            1.06002369e-06, 0.999999859, -0.000530581467, 
            2.21e-07, 0.000530581467, 0.999999859 ]
          isTouching: true
          partingDirection: [ 0, 0, 1 ]
        - 
          name: RLEG_JOINT5
          index: 37
          translation: [ -1.09999997, -0.1, 0.0995295237 ]
          rotation: [ 
            1, 1.0601408e-06, -2.2043754e-07, 
            -1.06002369e-06, 0.999999859, 0.000530581467, 
            2.21e-07, -0.000530581467, 0.999999859 ]
          isTouching: true
          partingDirection: [ 0, 0, 1 ]
