# Body pose sequence format version 1.0 defined by cnoid-Robotics

type: PoseSeq
name: "knee-switch_knee-slide"
targetBody: "JAXON_RED"
refs: 
  - 
    time: 0
    refer: 
      type: Pose
      name: ""
      joints: [ 
        0, 1, 2, 3, 4, 5, 6, 7, 8, 9, 
        10, 11, 12, 13, 14, 15, 16, 17, 18, 19, 
        20, 21, 22, 23, 24, 25, 26, 27, 28, 29, 
        30, 31, 32, 33, 34, 35, 36 ]
      q: [ 
        -1.60855036e-16, -1.05501829e-16, -0.174532925, 1.6406095, 0.698131701, -1.93446179e-16, 1.60855036e-16, 1.05501829e-16, -0.174532925, 1.6406095, 
        0.698131701, 1.93446179e-16, 0, 0, 0, 0, 0, 0, 0.174532925, -0.261799388, 
        -0.0872664626, -0.34906585, 0, 0, -0.34906585, -0, 0.174532925, 0.261799388, 0.0872664626, -0.34906585, 
        -0, -0, -0.34906585, -1.3962634, 1.3962634, -1.3962634, 1.3962634 ]
      ikLinks: 
        - 
          name: WAIST
          index: 0
          isBaseLink: true
          translation: [ 0, 0, 0.5826 ]
          rotation: [ 
            1, -4.93038066e-32, 3.96538279e-48, 
            4.93038066e-32, 1, 8.36710271e-64, 
            -3.96538279e-48, -8.36710271e-64, 1 ]
        - 
          name: LARM_JOINT7
          index: 13
          translation: [ 0.00810664289, 0.385992286, 0.440922581 ]
          rotation: [ 
            0.862351995, -0.0410592191, -0.504641632, 
            -0.101875471, 0.962250187, -0.252380598, 
            0.495954055, 0.269051516, 0.825615441 ]
        - 
          name: RARM_JOINT7
          index: 23
          translation: [ 0.00810664289, -0.385992286, 0.440922581 ]
          rotation: [ 
            0.862351995, 0.0410592191, -0.504641632, 
            0.101875471, 0.962250187, 0.252380598, 
            0.495954055, -0.269051516, 0.825615441 ]
        - 
          name: LLEG_JOINT5
          index: 31
          translation: [ -0.345093516, 0.1, 0.068519954 ]
          rotation: [ 
            -0.559192903, -4.80884851e-19, 0.829037573, 
            -2.48401463e-18, 1, -1.09543709e-18, 
            -0.829037573, -2.6719021e-18, -0.559192903 ]
        - 
          name: RLEG_JOINT5
          index: 37
          translation: [ -0.345093516, -0.1, 0.068519954 ]
          rotation: [ 
            -0.559192903, 4.80884851e-19, 0.829037573, 
            2.48401463e-18, 1, 1.09543709e-18, 
            -0.829037573, 2.6719021e-18, -0.559192903 ]
  - 
    time: 0.5
    refer: 
      type: Pose
      name: ""
      joints: [ 
        0, 1, 2, 3, 4, 5, 6, 7, 8, 9, 
        10, 11, 12, 13, 14, 15, 16, 17, 18, 19, 
        20, 21, 22, 23, 24, 25, 26, 27, 28, 29, 
        30, 31, 32, 33, 34, 35, 36 ]
      q: [ 
        -1.60855036e-16, -1.05501829e-16, -0.174532925, 1.6406095, 0.698131701, -1.93446179e-16, 1.60855036e-16, 1.05501829e-16, -0.174532925, 1.6406095, 
        0.698131701, 1.93446179e-16, 0, 0, 0, 0, 0, 0, 0.174532925, -0.261799388, 
        -0.0872664626, -0.34906585, 0, 0, -0.34906585, -0, 0.174532925, 0.261799388, 0.0872664626, -0.34906585, 
        -0, -0, -0.34906585, -1.3962634, 1.3962634, -1.3962634, 1.3962634 ]
      ikLinks: 
        - 
          name: WAIST
          index: 0
          isBaseLink: true
          translation: [ 0, 0, 0.5826 ]
          rotation: [ 
            1, -4.93038066e-32, 3.96538279e-48, 
            4.93038066e-32, 1, 8.36710271e-64, 
            -3.96538279e-48, -8.36710271e-64, 1 ]
        - 
          name: LARM_JOINT7
          index: 13
          translation: [ 0.00810664289, 0.385992286, 0.440922581 ]
          rotation: [ 
            0.862351995, -0.0410592191, -0.504641632, 
            -0.101875471, 0.962250187, -0.252380598, 
            0.495954055, 0.269051516, 0.825615441 ]
        - 
          name: RARM_JOINT7
          index: 23
          translation: [ 0.00810664289, -0.385992286, 0.440922581 ]
          rotation: [ 
            0.862351995, 0.0410592191, -0.504641632, 
            0.101875471, 0.962250187, 0.252380598, 
            0.495954055, -0.269051516, 0.825615441 ]
        - 
          name: LLEG_JOINT5
          index: 31
          translation: [ -0.345093516, 0.1, 0.068519954 ]
          rotation: [ 
            -0.559192903, -4.80884851e-19, 0.829037573, 
            -2.48401463e-18, 1, -1.09543709e-18, 
            -0.829037573, -2.6719021e-18, -0.559192903 ]
        - 
          name: RLEG_JOINT5
          index: 37
          translation: [ -0.345093516, -0.1, 0.068519954 ]
          rotation: [ 
            -0.559192903, 4.80884851e-19, 0.829037573, 
            2.48401463e-18, 1, 1.09543709e-18, 
            -0.829037573, 2.6719021e-18, -0.559192903 ]
  - 
    time: 0.6
    refer: 
      type: Pose
      name: ""
      joints: [ 0, 1, 2, 3, 4, 5 ]
      q: [ -0.497988856, -0.397240983, -0.39429242, 1.72516777, 0.646649488, -0.776485836 ]
      ikLinks: 
        - 
          name: RLEG_JOINT5
          index: 37
          translation: [ -0.315616808, -0.138332421, 0.0739091252 ]
          rotation: [ 
            -0.514150435, -0.199775989, 0.834109636, 
            -0.154530624, 0.978157899, 0.13902306, 
            -0.843664398, -0.0574167155, -0.533791817 ]
  - 
    time: 0.7
    refer: 
      type: Pose
      name: ""
      joints: [ 
        0, 1, 2, 3, 4, 5, 15, 16 ]
      q: [ 
        -0.78988642, -0.796226522, -0.713257651, 1.48191327, 0.409744779, -0.701635912, 0, 0 ]
      ikLinks: 
        - 
          name: RLEG_JOINT5
          index: 37
          translation: [ -0.350645439, -0.391081862, 0.0939537151 ]
          rotation: [ 
            -0.194815248, -0.158936419, 0.967877179, 
            -0.790005441, 0.610273758, -0.0587991756, 
            -0.581324713, -0.776083214, -0.24445127 ]
          isTouching: true
          partingDirection: [ 0, 0, 1 ]
          isSlave: true
  - 
    time: 0.85
    refer: 
      type: Pose
      name: ""
      joints: [ 
        0, 1, 2, 3, 4, 5, 6, 7, 8, 9, 
        10, 11, 12, 13, 14, 15, 16 ]
      q: [ 
        -0.589136002, -0.854684727, -0.682636086, 0.838479374, -0.0223224183, -0.19922039, 1.60855036e-16, 0.174532925, -0.261799388, 1.74532925, 
        0.698131701, 1.93446179e-16, 0, 0.34906585, 0, 0, 0 ]
      ikLinks: 
        - 
          name: WAIST
          index: 0
          isBaseLink: true
          translation: [ -0.0411670354, 0.0210546447, 0.589287147 ]
          rotation: [ 
            0.999847695, 0.003030578, -0.0171872619, 
            4.81644467e-19, 0.984807753, 0.173648178, 
            0.0174524031, -0.173621731, 0.984657762 ]
        - 
          name: LLEG_JOINT5
          index: 31
          translation: [ -0.345093516, 0.0999999998, 0.0685199546 ]
          rotation: [ 
            -0.559192905, 9.24213778e-12, 0.829037572, 
            -4.33792232e-10, 1, -3.03744589e-10, 
            -0.829037572, -5.29481844e-10, -0.559192905 ]
          isSlave: true
        - 
          name: RLEG_JOINT5
          index: 37
          translation: [ -0.188956869, -0.719658053, 0.123145381 ]
          rotation: [ 
            0.767683823, 0.269597559, 0.581359359, 
            -0.639732568, 0.269372163, 0.719847817, 
            0.0374671866, -0.92453004, 0.37926299 ]
          isSlave: true
  - 
    time: 1
    refer: 
      type: Pose
      name: ""
      joints: [ 
        0, 1, 2, 3, 4, 5, 15, 16 ]
      q: [ 
        -0.298788617, -0.653275335, -1.36717051, 1.42885738, -0.0500010765, 0.0837362878, 0, 0 ]
      ikLinks: 
        - 
          name: RLEG_JOINT5
          index: 37
          translation: [ 0.225777072, -0.528915327, 0.118898321 ]
          rotation: [ 
            0.953353187, 0.254120784, 0.162912027, 
            -0.300793154, 0.754486005, 0.583330392, 
            0.0253215317, -0.605122711, 0.795729429 ]
          isSlave: true
  - 
    time: 1.15
    refer: 
      type: Pose
      name: ""
      joints: [ 
        0, 1, 2, 3, 4, 5, 6, 7, 8, 9, 
        10, 11, 12, 13, 14, 15, 16, 17, 18, 19, 
        20, 21, 22, 23, 24, 25, 26, 27, 28, 29, 
        30, 31, 32, 33, 34, 35, 36 ]
      q: [ 
        -1.28693502e-16, 1.2608438e-16, -1.72719773, 1.76756296, -0.0397055856, -1.26512982e-16, 1.60855036e-16, 1.05501829e-16, -0.174532925, 1.6406095, 
        0.698131701, 1.93446179e-16, 0, 0, 0, 0, 0, 0, 0.34906585, -0.261799388, 
        0.34906585, -1.65806279, 0, 0, -0.261799388, -0, 0.174532925, 0.261799388, 0.0872664626, -0.34906585, 
        -0, -0, -0.34906585, -1.3962634, 1.3962634, -1.3962634, 1.3962634 ]
      ikLinks: 
        - 
          name: WAIST
          index: 0
          isBaseLink: true
          translation: [ 0, 0, 0.5826 ]
          rotation: [ 
            1, -4.93038066e-32, 3.96538279e-48, 
            4.93038066e-32, 1, 8.36710271e-64, 
            -3.96538279e-48, -8.36710271e-64, 1 ]
        - 
          name: LARM_JOINT7
          index: 13
          translation: [ 0.0081066429, 0.385992286, 0.440922581 ]
          rotation: [ 
            0.862351995, -0.0410592191, -0.504641632, 
            -0.101875471, 0.962250187, -0.252380598, 
            0.495954055, 0.269051516, 0.825615441 ]
        - 
          name: RARM_JOINT7
          index: 23
          translation: [ 0.174802259, -0.19047169, 0.64982386 ]
          rotation: [ 
            0.0187862167, -0.404576642, -0.914311117, 
            0.130218489, 0.907673371, -0.398963903, 
            0.99130733, -0.11156519, 0.0697351079 ]
        - 
          name: LLEG_JOINT5
          index: 31
          translation: [ -0.345093516, 0.1, 0.0685199553 ]
          rotation: [ 
            -0.559192906, -4.80885723e-19, 0.829037571, 
            -2.48401508e-18, 1, -1.09543635e-18, 
            -0.829037571, -2.67190207e-18, -0.559192906 ]
          isSlave: true
        - 
          name: RLEG_JOINT5
          index: 37
          translation: [ 0.360000792, -0.1, 0.0996000732 ]
          rotation: [ 
            0.999999782, 1.28610048e-16, 0.000659645252, 
            -1.28610303e-16, 1, 3.43737952e-19, 
            -0.000659645252, -4.28575053e-19, 0.999999782 ]
          isTouching: true
          partingDirection: [ 0, 0, 1 ]
  - 
    time: 1.25
    refer: 
      type: Pose
      name: ""
      joints: [ 
        0, 1, 2, 3, 4, 5 ]
      q: [ 
        0.0301844454, 0.137316302, -1.79894672, 1.73191394, 0.116833729, -0.135598649 ]
      ikLinks: 
        - 
          name: RLEG_JOINT5
          index: 37
          translation: [ 0.392018089, -0.0411700005, 0.130180083 ]
          rotation: [ 
            0.998099586, -0.0369055439, 0.0493477117, 
            0.0369535354, 0.999316983, -6.02179986e-05, 
            -0.049311784, 0.00188367597, 0.998781658 ]
          isSlave: true
  - 
    time: 1.4
    refer: 
      type: Pose
      name: ""
      joints: [ 
        0, 1, 2, 3, 4, 5, 15, 16 ]
      q: [ 
        -0.213089887, -0.72238153, -1.41356353, 1.5038922, 0.175637278, 0.316049058, 0, 0 ]
      ikLinks: 
        - 
          name: RLEG_JOINT5
          index: 37
          translation: [ 0.243263074, -0.505308193, 0.13964162 ]
          rotation: [ 
            0.907315559, 0.275378467, 0.317718706, 
            -0.385299728, 0.847043282, 0.366144504, 
            -0.168293183, -0.454625536, 0.874638798 ]
          isSlave: true
  - 
    time: 1.55
    refer: 
      type: Pose
      name: ""
      joints: [ 
        0, 1, 2, 3, 4, 5, 6, 7, 8, 9, 
        10, 11, 12, 13, 14, 15, 16 ]
      q: [ 
        -0.505250573, -0.866190719, -0.611761143, 0.856951098, -0.327760215, -0.186215262, 1.60855036e-16, 0.174532925, -0.261799388, 1.74532925, 
        0.698131701, 1.93446179e-16, 0, 0.34906585, 0, 0, 0 ]
      ikLinks: 
        - 
          name: WAIST
          index: 0
          isBaseLink: true
          translation: [ -0.0411670354, 0.0210546447, 0.589287147 ]
          rotation: [ 
            0.999847695, 0.003030578, -0.0171872619, 
            4.81644467e-19, 0.984807753, 0.173648178, 
            0.0174524031, -0.17362173, 0.984657762 ]
        - 
          name: LLEG_JOINT5
          index: 31
          translation: [ -0.345093516, 0.0999999998, 0.0685199546 ]
          rotation: [ 
            -0.559192905, 9.24213778e-12, 0.829037572, 
            -4.33792232e-10, 1, -3.03744589e-10, 
            -0.829037572, -5.29481844e-10, -0.559192905 ]
          isSlave: true
        - 
          name: RLEG_JOINT5
          index: 37
          translation: [ -0.18895697, -0.719658129, 0.123144965 ]
          rotation: [ 
            0.900135385, 0.269597685, 0.342159871, 
            -0.411622891, 0.269359171, 0.87063898, 
            0.142558354, -0.924533788, 0.353432299 ]
          isSlave: true
  - 
    time: 1.7
    refer: 
      type: Pose
      name: ""
      joints: [ 
        0, 1, 2, 3, 4, 5, 15, 16, 17, 18, 
        19, 20, 21, 22, 23, 24, 25, 26, 27, 28, 
        29, 30, 31, 32, 33, 34, 35, 36 ]
      q: [ 
        -0.78988642, -0.796226522, -0.713257651, 1.48191327, 0.409744779, -0.701635912, 0, 0, 0, 0.242428678, 
        -0.261799388, 0.0824729203, -0.858283999, 0, 0, -0.315117974, 0, 0.174532925, 0.261799388, 0.0872664626, 
        -0.34906585, 0, 0, -0.34906585, -1.3962634, 1.3962634, -1.3962634, 1.3962634 ]
      ikLinks: 
        - 
          name: LARM_JOINT7
          index: 13
          translation: [ -0.0621879522, 0.383061088, 0.414889614 ]
          rotation: [ 
            0.93231515, 0.00465108418, -0.361616965, 
            -0.0719704596, 0.982303078, -0.172918811, 
            0.354413198, 0.187240566, 0.916150782 ]
        - 
          name: RARM_JOINT7
          index: 23
          translation: [ 0.0474729455, -0.332617895, 0.506753237 ]
          rotation: [ 
            0.704537035, -0.177283648, -0.6871667, 
            0.325123854, 0.941332443, 0.0904859712, 
            0.630810626, -0.287165004, 0.720842712 ]
        - 
          name: RLEG_JOINT5
          index: 37
          translation: [ -0.350645439, -0.391081862, 0.0939537151 ]
          rotation: [ 
            -0.194815248, -0.158936419, 0.967877179, 
            -0.790005441, 0.610273758, -0.0587991756, 
            -0.581324713, -0.776083214, -0.24445127 ]
          isTouching: true
          partingDirection: [ 0, 0, 1 ]
          isSlave: true
  - 
    time: 1.8
    refer: 
      type: Pose
      name: ""
      joints: [ 0, 1, 2, 3, 4, 5 ]
      q: [ -0.497988856, -0.397240983, -0.39429242, 1.72516777, 0.646649488, -0.776485836 ]
      ikLinks: 
        - 
          name: RLEG_JOINT5
          index: 37
          translation: [ -0.315616808, -0.138332421, 0.0739091252 ]
          rotation: [ 
            -0.514150435, -0.199775989, 0.834109636, 
            -0.154530624, 0.978157899, 0.13902306, 
            -0.843664398, -0.0574167155, -0.533791817 ]
  - 
    time: 1.9
    refer: 
      type: Pose
      name: ""
      joints: [ 
        0, 1, 2, 3, 4, 5, 6, 7, 8, 9, 
        10, 11, 12, 13, 14, 15, 16, 17, 18, 19, 
        20, 21, 22, 23, 24, 25, 26, 27, 28, 29, 
        30, 31, 32, 33, 34, 35, 36 ]
      q: [ 
        -1.60855036e-16, -1.05501829e-16, -0.174532925, 1.6406095, 0.698131701, -1.93446179e-16, 1.60855036e-16, 1.05501829e-16, -0.174532925, 1.6406095, 
        0.698131701, 1.93446179e-16, 0, 0, 0, 0, 0, 0, 0.174532925, -0.261799388, 
        -0.0872664626, -0.34906585, 0, 0, -0.34906585, -0, 0.174532925, 0.261799388, 0.0872664626, -0.34906585, 
        -0, -0, -0.34906585, -1.3962634, 1.3962634, -1.3962634, 1.3962634 ]
      ikLinks: 
        - 
          name: WAIST
          index: 0
          isBaseLink: true
          translation: [ 0, 0, 0.5826 ]
          rotation: [ 
            1, -4.93038066e-32, 3.96538279e-48, 
            4.93038066e-32, 1, 8.36710271e-64, 
            -3.96538279e-48, -8.36710271e-64, 1 ]
        - 
          name: LARM_JOINT7
          index: 13
          translation: [ 0.00810664289, 0.385992286, 0.440922581 ]
          rotation: [ 
            0.862351995, -0.0410592191, -0.504641632, 
            -0.101875471, 0.962250187, -0.252380598, 
            0.495954055, 0.269051516, 0.825615441 ]
        - 
          name: RARM_JOINT7
          index: 23
          translation: [ 0.00810664289, -0.385992286, 0.440922581 ]
          rotation: [ 
            0.862351995, 0.0410592191, -0.504641632, 
            0.101875471, 0.962250187, 0.252380598, 
            0.495954055, -0.269051516, 0.825615441 ]
        - 
          name: LLEG_JOINT5
          index: 31
          translation: [ -0.345093516, 0.1, 0.068519954 ]
          rotation: [ 
            -0.559192903, -4.80884851e-19, 0.829037573, 
            -2.48401463e-18, 1, -1.09543709e-18, 
            -0.829037573, -2.6719021e-18, -0.559192903 ]
        - 
          name: RLEG_JOINT5
          index: 37
          translation: [ -0.345093516, -0.1, 0.068519954 ]
          rotation: [ 
            -0.559192903, 4.80884851e-19, 0.829037573, 
            2.48401463e-18, 1, 1.09543709e-18, 
            -0.829037573, 2.6719021e-18, -0.559192903 ]
  - 
    time: 2.1
    refer: 
      type: Pose
      name: ""
      joints: [ 
        0, 1, 2, 3, 4, 5, 6, 7, 8, 9, 
        10, 11, 12, 13, 14, 15, 16, 17, 18, 19, 
        20, 21, 22, 23, 24, 25, 26, 27, 28, 29, 
        30, 31, 32, 33, 34, 35, 36 ]
      q: [ 
        -1.60855036e-16, -1.05501829e-16, -0.174532925, 1.6406095, 0.698131701, -1.93446179e-16, 1.60855036e-16, 1.05501829e-16, -0.174532925, 1.6406095, 
        0.698131701, 1.93446179e-16, 0, 0, 0, 0, 0, 0, 0.174532925, -0.261799388, 
        -0.0872664626, -0.34906585, 0, 0, -0.34906585, -0, 0.174532925, 0.261799388, 0.0872664626, -0.34906585, 
        -0, -0, -0.34906585, -1.3962634, 1.3962634, -1.3962634, 1.3962634 ]
      ikLinks: 
        - 
          name: WAIST
          index: 0
          isBaseLink: true
          translation: [ 0, 0, 0.5826 ]
          rotation: [ 
            1, -4.93038066e-32, 3.96538279e-48, 
            4.93038066e-32, 1, 8.36710271e-64, 
            -3.96538279e-48, -8.36710271e-64, 1 ]
        - 
          name: LARM_JOINT7
          index: 13
          translation: [ 0.00810664289, 0.385992286, 0.440922581 ]
          rotation: [ 
            0.862351995, -0.0410592191, -0.504641632, 
            -0.101875471, 0.962250187, -0.252380598, 
            0.495954055, 0.269051516, 0.825615441 ]
        - 
          name: RARM_JOINT7
          index: 23
          translation: [ 0.00810664289, -0.385992286, 0.440922581 ]
          rotation: [ 
            0.862351995, 0.0410592191, -0.504641632, 
            0.101875471, 0.962250187, 0.252380598, 
            0.495954055, -0.269051516, 0.825615441 ]
        - 
          name: LLEG_JOINT5
          index: 31
          translation: [ -0.345093516, 0.1, 0.068519954 ]
          rotation: [ 
            -0.559192903, -4.80884851e-19, 0.829037573, 
            -2.48401463e-18, 1, -1.09543709e-18, 
            -0.829037573, -2.6719021e-18, -0.559192903 ]
        - 
          name: RLEG_JOINT5
          index: 37
          translation: [ -0.345093516, -0.1, 0.068519954 ]
          rotation: [ 
            -0.559192903, 4.80884851e-19, 0.829037573, 
            2.48401463e-18, 1, 1.09543709e-18, 
            -0.829037573, 2.6719021e-18, -0.559192903 ]
  - 
    time: 2.2
    refer: 
      type: Pose
      name: ""
      joints: [ 
        6, 7, 8, 9, 10, 11 ]
      q: [ 
        0.430592553, 0.398002015, -0.36876115, 1.72356135, 0.630572562, 0.700291885 ]
      ikLinks: 
        - 
          name: LLEG_JOINT5
          index: 31
          translation: [ -0.315616862, 0.138332131, 0.0739090628 ]
          rotation: [ 
            -0.514107569, 0.199785134, 0.834133867, 
            0.154229455, 0.978176322, -0.139227721, 
            -0.843745627, 0.0570699863, -0.533700604 ]
  - 
    time: 2.3
    refer: 
      type: Pose
      name: ""
      joints: [ 
        6, 7, 8, 9, 10, 11, 15, 16 ]
      q: [ 
        0.772386724, 0.878022328, -0.716772225, 1.474656, 0.388692462, 0.634564422, 0, 0 ]
      ikLinks: 
        - 
          name: LLEG_JOINT5
          index: 31
          translation: [ -0.350645146, 0.391081475, 0.0939535281 ]
          rotation: [ 
            -0.194564975, 0.159069829, 0.967905605, 
            0.789524018, 0.610944095, 0.0583021195, 
            -0.582062106, 0.775528273, -0.244457773 ]
          isTouching: true
          partingDirection: [ 0, 0, 1 ]
  - 
    time: 2.45
    refer: 
      type: Pose
      name: ""
      joints: [ 
        0, 1, 2, 3, 4, 5, 6, 7, 8, 9, 
        10, 11, 12, 13, 14, 15, 16 ]
      q: [ 
        -1.22501115e-06, -0.174534041, -0.26180011, 1.74532882, 0.69813121, -8.11431857e-07, 0.589135809, 0.854684447, -0.682635919, 0.838479547, 
        -0.0223221822, 0.199220325, 0, 0.349065736, 0, 0, 0 ]
      ikLinks: 
        - 
          name: WAIST
          index: 0
          isBaseLink: true
          translation: [ -0.0412, -0.0211, 0.5893 ]
          rotation: [ 
            0.999847695, -0.00303057857, -0.0171872652, 
            0, 0.984807753, -0.173648178, 
            0.0174524064, 0.17362173, 0.984657762 ]
        - 
          name: LLEG_JOINT5
          index: 31
          translation: [ -0.188989822, 0.719612549, 0.123158041 ]
          rotation: [ 
            0.767683663, -0.269597564, 0.581359568, 
            0.639732781, 0.269372554, -0.719847481, 
            0.0374668155, 0.924529924, 0.379263308 ]
          isSlave: true
        - 
          name: RLEG_JOINT5
          index: 37
          translation: [ -0.34512629, -0.10004541, 0.0685324579 ]
          rotation: [ 
            -0.559191717, 5.52977212e-07, 0.829038373, 
            -2.21836594e-07, 1, -8.16640605e-07, 
            -0.829038373, -6.40569711e-07, -0.559191717 ]
          isSlave: true
  - 
    time: 2.6
    refer: 
      type: Pose
      name: ""
      joints: [ 
        6, 7, 8, 9, 10, 11, 15, 16 ]
      q: [ 
        0.298787029, 0.653273253, -1.36716563, 1.42885906, -0.0499971006, -0.0837358428, 0, 0 ]
      ikLinks: 
        - 
          name: LLEG_JOINT5
          index: 31
          translation: [ 0.208372683, 0.557180575, 0.173213682 ]
          rotation: [ 
            0.952638128, -0.260498829, 0.156910666, 
            0.298172737, 0.698684969, -0.650332479, 
            0.0597797255, 0.666317998, 0.74326759 ]
  - 
    time: 2.75
    refer: 
      type: Pose
      name: ""
      joints: [ 
        0, 1, 2, 3, 4, 5, 6, 7, 8, 9, 
        10, 11, 12, 13, 14, 15, 16, 17, 18, 19, 
        20, 21, 22, 23, 24, 25, 26, 27, 28, 29, 
        30, 31, 32, 33, 34, 35, 36 ]
      q: [ 
        -2.1851376e-06, -6.62922219e-06, -0.174549331, 1.64060959, 0.69812141, 1.15230665e-06, 2.06488395e-11, 9.97427676e-07, -1.72719631, 1.76757057, 
        -0.0397032916, 2.01348695e-08, 0, 2.03510194e-06, 0, 0, 0, 0, 0.174532925, -0.261799388, 
        -0.0872664626, -0.34906585, 0, 0, -0.34906585, -0, 0.349065709, 0.261799388, -0.349065499, -1.65806174, 
        -0, -0, -0.261799458, -1.3962634, 1.3962634, -1.3962634, 1.3962634 ]
      ikLinks: 
        - 
          name: WAIST
          index: 0
          isBaseLink: true
          translation: [ -2.40201749e-07, -1.23015944e-07, 0.582600039 ]
          rotation: [ 
            1, -1.03541066e-13, -1.01755131e-07, 
            4.93035192e-32, 1, -1.01755131e-06, 
            1.01755131e-07, 1.01755131e-06, 1 ]
        - 
          name: LARM_JOINT7
          index: 13
          translation: [ 0.174801853, 0.190471674, 0.649823493 ]
          rotation: [ 
            0.0187888446, 0.404576543, -0.914311107, 
            -0.13022, 0.907673374, 0.398963405, 
            0.991307082, 0.111565531, 0.0697380913 ]
        - 
          name: RARM_JOINT7
          index: 23
          translation: [ 0.00810581741, -0.385992265, 0.440922224 ]
          rotation: [ 
            0.862352954, 0.0410586989, -0.504640036, 
            0.101874966, 0.962250461, 0.252379758, 
            0.495952491, -0.269050617, 0.825616674 ]
        - 
          name: LLEG_JOINT5
          index: 31
          translation: [ 0.359996803, 0.100000738, 0.0995998568 ]
          rotation: [ 
            0.999999775, -7.34602356e-12, 0.000670868532, 
            1.37263986e-09, 1, -2.03511338e-06, 
            -0.000670868532, 2.03511385e-06, 0.999999775 ]
          isTouching: true
          partingDirection: [ 0, 0, 1 ]
          isSlave: true
        - 
          name: RLEG_JOINT5
          index: 37
          translation: [ -0.345087511, -0.100001508, 0.0685138934 ]
          rotation: [ 
            -0.559170767, 3.14046088e-06, 0.829052503, 
            -3.43050422e-06, 1, -6.1017831e-06, 
            -0.829052503, -6.25600685e-06, -0.559170767 ]
  - 
    time: 2.9
    refer: 
      type: Pose
      name: ""
      joints: [ 
        0, 1, 2, 3, 4, 5, 6, 7, 8, 9, 
        10, 11, 12, 13, 14, 15, 16, 17, 18, 19, 
        20, 21, 22, 23, 24, 25, 26, 27, 28, 29, 
        30, 31, 32, 33, 34, 35, 36 ]
      q: [ 
        -2.1851376e-06, -6.62922219e-06, -0.174549331, 1.64060959, 0.69812141, 1.15230665e-06, 2.06488395e-11, 9.97427676e-07, -1.72719631, 1.76757057, 
        -0.0397032916, 2.01348695e-08, 0, 2.03510194e-06, 0, 0, 0, 0, 0.174532925, -0.261799388, 
        -0.0872664626, -0.34906585, 0, 0, -0.34906585, -0, 0.349065709, 0.261799388, -0.349065499, -1.65806174, 
        -0, -0, -0.261799458, -1.3962634, 1.3962634, -1.3962634, 1.3962634 ]
      ikLinks: 
        - 
          name: WAIST
          index: 0
          isBaseLink: true
          translation: [ -2.40201749e-07, -1.23015944e-07, 0.582600039 ]
          rotation: [ 
            1, -1.03541066e-13, -1.01755131e-07, 
            4.93035192e-32, 1, -1.01755131e-06, 
            1.01755131e-07, 1.01755131e-06, 1 ]
        - 
          name: LARM_JOINT7
          index: 13
          translation: [ 0.174801853, 0.190471674, 0.649823493 ]
          rotation: [ 
            0.0187888446, 0.404576543, -0.914311107, 
            -0.13022, 0.907673374, 0.398963405, 
            0.991307082, 0.111565531, 0.0697380913 ]
        - 
          name: RARM_JOINT7
          index: 23
          translation: [ 0.00810581741, -0.385992265, 0.440922224 ]
          rotation: [ 
            0.862352954, 0.0410586989, -0.504640036, 
            0.101874966, 0.962250461, 0.252379758, 
            0.495952491, -0.269050617, 0.825616674 ]
        - 
          name: LLEG_JOINT5
          index: 31
          translation: [ 0.359996803, 0.100000738, 0.0995998568 ]
          rotation: [ 
            0.999999775, -7.34602356e-12, 0.000670868532, 
            1.37263986e-09, 1, -2.03511338e-06, 
            -0.000670868532, 2.03511385e-06, 0.999999775 ]
          isTouching: true
          partingDirection: [ 0, 0, 1 ]
          isSlave: true
        - 
          name: RLEG_JOINT5
          index: 37
          translation: [ -0.345087511, -0.100001508, 0.0685138934 ]
          rotation: [ 
            -0.559170767, 3.14046088e-06, 0.829052503, 
            -3.43050422e-06, 1, -6.1017831e-06, 
            -0.829052503, -6.25600685e-06, -0.559170767 ]
  - 
    time: 3.2
    refer: 
      type: Pose
      name: ""
      joints: [ 
        6, 7, 8, 9, 10, 11, 12, 13, 14, 15, 
        16, 17, 18, 19, 20, 21, 22, 23, 24, 25, 
        26, 27, 28, 29, 30, 31, 32, 33, 34, 35, 
        36 ]
      q: [ 
        -0.00079196931, 0.882393771, -1.00630901, 0.486858021, 0.520480609, -0.882393015, 0, 2.03510194e-06, 0, 0, 
        0, 0, 0.174532925, -0.261799388, -0.0872664626, -0.34906585, 0, 0, -0.34906585, -0, 
        0.349065709, 0.261799388, -0.349065499, -1.65806174, -0, -0, -0.261799458, -1.3962634, 1.3962634, -1.3962634, 
        1.3962634 ]
      ikLinks: 
        - 
          name: WAIST
          index: 0
          isBaseLink: true
          translation: [ -0.15, -0.45, 0.5826 ]
          rotation: [ 
            1, -1.03541066e-13, -1.01755131e-07, 
            4.93035192e-32, 1, -1.01755131e-06, 
            1.01755131e-07, 1.01755131e-06, 1 ]
        - 
          name: LARM_JOINT7
          index: 13
          translation: [ 0.0248020932, -0.259528203, 0.649823454 ]
          rotation: [ 
            0.0187888446, 0.404576543, -0.914311107, 
            -0.13022, 0.907673374, 0.398963405, 
            0.991307082, 0.111565531, 0.0697380913 ]
        - 
          name: RARM_JOINT7
          index: 23
          translation: [ -0.141893942, -0.835992142, 0.440922185 ]
          rotation: [ 
            0.862352954, 0.0410586989, -0.504640036, 
            0.101874966, 0.962250461, 0.252379758, 
            0.495952491, -0.269050617, 0.825616674 ]
        - 
          name: LLEG_JOINT5
          index: 31
          translation: [ 0.359996686, 0.0999553842, 0.0996112421 ]
          rotation: [ 
            0.999999786, -3.16660485e-06, 0.000654020365, 
            3.16793399e-06, 1, -2.03121923e-06, 
            -0.000654020358, 2.03329068e-06, 0.999999786 ]
          isTouching: true
          partingDirection: [ 0, 0, 1 ]
          isSlave: true
  - 
    time: 4
    refer: 
      type: Pose
      name: ""
      joints: [ 
        12, 13, 14, 15, 16, 17, 18, 19, 20, 21, 
        22, 23, 24, 25, 26, 27, 28, 29, 30, 31, 
        32, 33, 34, 35, 36 ]
      q: [ 
        0, 2.03510194e-06, 0, 0, 0, 0, 0.174532925, -0.261799388, -0.0872664626, -0.34906585, 
        0, 0, -0.34906585, -0, 0.349065709, 0.261799388, -0.349065499, -1.65806174, -0, -0, 
        -0.261799458, -1.3962634, 1.3962634, -1.3962634, 1.3962634 ]
      ikLinks: 
        - 
          name: WAIST
          index: 0
          isBaseLink: true
          translation: [ -0.3, -0.9, 0.5826 ]
          rotation: [ 
            1, -1.03541066e-13, -1.01755131e-07, 
            4.93035192e-32, 1, -1.01755131e-06, 
            1.01755131e-07, 1.01755131e-06, 1 ]
        - 
          name: LARM_JOINT7
          index: 13
          translation: [ -0.125197907, -0.709528203, 0.649823454 ]
          rotation: [ 
            0.0187888446, 0.404576543, -0.914311107, 
            -0.13022, 0.907673374, 0.398963405, 
            0.991307082, 0.111565531, 0.0697380913 ]
        - 
          name: RARM_JOINT7
          index: 23
          translation: [ -0.291893942, -1.28599214, 0.440922185 ]
          rotation: [ 
            0.862352954, 0.0410586989, -0.504640036, 
            0.101874966, 0.962250461, 0.252379758, 
            0.495952491, -0.269050617, 0.825616674 ]
