# Body pose sequence format version 1.0 defined by cnoid-Robotics

type: PoseSeq
name: "broad-jump-1000mm"
targetBody: "JAXON_BLUE"
refs: 
  - 
    time: 0
    refer: 
      type: Pose
      name: ""
      joints: [ 
        0, 1, 2, 3, 4, 5, 6, 7, 8, 9, 
        10, 11, 12, 13, 14, 15, 16, 17, 18, 19, 
        20, 21, 22, 23, 24, 25, 26, 27, 28, 29, 
        30 ]
      q: [ 
        -2.9865413e-20, 1.00030458e-05, -0.292327503, 0.687685399, -0.395357896, -1.00030458e-05, -3.67022655e-20, 1.00030458e-05, -0.292327503, 0.687685399, 
        -0.395357896, -1.00030458e-05, 0, 0, 0, 0, 0, 0.698131701, -0.34906585, -0.0872664626, 
        -1.3962634, 0, 0, 0, 0.698131701, 0.34906585, 0.0872664626, -1.3962634, 0, 0, 
        0 ]
      ikLinks: 
        - 
          name: WAIST
          index: 0
          isBaseLink: true
          translation: [ 1.04693272e-17, -2.77555756e-17, 0.9776 ]
          rotation: [ 
            0.999999861, -0.000167849467, 0.000499433808, 
            0.000167849571, 0.999999986, -1.67072311e-07, 
            -0.000499433773, 2.50902038e-07, 0.999999875 ]
        - 
          name: LARM_JOINT6
          index: 12
          translation: [ -0.0163793115, 0.342276019, 0.91944638 ]
          rotation: [ 
            0.731044139, 0.152245743, -0.665128333, 
            -0.322479821, 0.936142295, -0.140158371, 
            0.601316249, 0.316952422, 0.733457518 ]
        - 
          name: RARM_JOINT6
          index: 19
          translation: [ -0.0162644089, -0.342281469, 0.919446208 ]
          rotation: [ 
            0.730935842, -0.152559997, -0.665175347, 
            0.322724912, 0.936091292, 0.139934712, 
            0.601316411, -0.316951952, 0.733457588 ]
        - 
          name: LLEG_JOINT5
          index: 25
          translation: [ -0.0449996266, 0.1, 0.103600093 ]
          rotation: [ 
            0.999999861, -0.000167849467, 0.000499433808, 
            0.000167849571, 0.999999986, -1.67072311e-07, 
            -0.000499433773, 2.50902038e-07, 0.999999875 ]
          isTouching: true
          partingDirection: [ 0, 0, 1 ]
        - 
          name: RLEG_JOINT5
          index: 31
          translation: [ -0.0449660567, -0.0999999972, 0.103600042 ]
          rotation: [ 
            0.999999861, -0.000167849467, 0.000499433808, 
            0.000167849571, 0.999999986, -1.67072311e-07, 
            -0.000499433773, 2.50902038e-07, 0.999999875 ]
          isTouching: true
          partingDirection: [ 0, 0, 1 ]
  - 
    time: 0.2
    refer: 
      type: Pose
      name: ""
      joints: [ 
        0, 1, 2, 3, 4, 5, 6, 7, 8, 9, 
        10, 11, 12, 13, 14, 15, 16, 17, 18, 19, 
        20, 21, 22, 23, 24, 25, 26, 27, 28, 29, 
        30 ]
      q: [ 
        -2.9865413e-20, 1.00030458e-05, -0.292327503, 0.687685399, -0.395357896, -1.00030458e-05, -3.67022655e-20, 1.00030458e-05, -0.292327503, 0.687685399, 
        -0.395357896, -1.00030458e-05, 0, 0, 0, 0, 0, 0.698131701, -0.34906585, -0.0872664626, 
        -1.3962634, 0, 0, 0, 0.698131701, 0.34906585, 0.0872664626, -1.3962634, 0, 0, 
        0 ]
      ikLinks: 
        - 
          name: WAIST
          index: 0
          isBaseLink: true
          translation: [ 1.04693272e-17, -2.77555756e-17, 0.9776 ]
          rotation: [ 
            0.999999861, -0.000167849467, 0.000499433808, 
            0.000167849571, 0.999999986, -1.67072311e-07, 
            -0.000499433773, 2.50902038e-07, 0.999999875 ]
        - 
          name: LARM_JOINT6
          index: 12
          translation: [ -0.0163793115, 0.342276019, 0.91944638 ]
          rotation: [ 
            0.731044139, 0.152245743, -0.665128333, 
            -0.322479821, 0.936142295, -0.140158371, 
            0.601316249, 0.316952422, 0.733457518 ]
        - 
          name: RARM_JOINT6
          index: 19
          translation: [ -0.0162644089, -0.342281469, 0.919446208 ]
          rotation: [ 
            0.730935842, -0.152559997, -0.665175347, 
            0.322724912, 0.936091292, 0.139934712, 
            0.601316411, -0.316951952, 0.733457588 ]
        - 
          name: LLEG_JOINT5
          index: 25
          translation: [ -0.0449996266, 0.1, 0.103600093 ]
          rotation: [ 
            0.999999861, -0.000167849467, 0.000499433808, 
            0.000167849571, 0.999999986, -1.67072311e-07, 
            -0.000499433773, 2.50902038e-07, 0.999999875 ]
          isTouching: true
          partingDirection: [ 0, 0, 1 ]
        - 
          name: RLEG_JOINT5
          index: 31
          translation: [ -0.0449660567, -0.0999999972, 0.103600042 ]
          rotation: [ 
            0.999999861, -0.000167849467, 0.000499433808, 
            0.000167849571, 0.999999986, -1.67072311e-07, 
            -0.000499433773, 2.50902038e-07, 0.999999875 ]
          isTouching: true
          partingDirection: [ 0, 0, 1 ]
  - 
    time: 1.15
    refer: 
      type: Pose
      name: ""
      joints: [ 
        0, 1, 2, 3, 4, 5, 6, 7, 8, 9, 
        10, 11 ]
      q: [ 
        0.000169587723, -2.4494122e-05, -1.09528205, 1.83653323, -1.08946902, -3.44111048e-05, 0.000169589774, -2.44884155e-05, -1.09520093, 1.83651124, 
        -1.08952815, -3.44171687e-05 ]
      ikLinks: 
        - 
          name: WAIST
          index: 0
          isBaseLink: true
          translation: [ 0.1, 0, 0.7 ]
          rotation: [ 
            0.939692621, -1.08420217e-19, 0.342020143, 
            1.8973538e-19, 1, 6.77626358e-21, 
            -0.342020143, 4.7433845e-20, 0.939692621 ]
        - 
          name: LLEG_JOINT5
          index: 25
          translation: [ -0.0449989815, 0.0999999999, 0.103601819 ]
          rotation: [ 
            0.999999626, -0.000167766976, 0.000848003634, 
            0.000167767402, 0.999999986, -4.32111715e-07, 
            -0.00084800355, 5.74378921e-07, 0.99999964 ]
          isTouching: true
          partingDirection: [ 0, 0, 1 ]
        - 
          name: RLEG_JOINT5
          index: 31
          translation: [ -0.0449654115, -0.0999999972, 0.103601769 ]
          rotation: [ 
            0.999999626, -0.000167766995, 0.000848003634, 
            0.000167767422, 0.999999986, -4.32111712e-07, 
            -0.00084800355, 5.74378934e-07, 0.99999964 ]
          isTouching: true
          partingDirection: [ 0, 0, 1 ]
  - 
    time: 1.5
    refer: 
      type: Pose
      name: ""
      joints: [ 
        0, 1, 2, 3, 4, 5, 6, 7, 8, 9, 
        10, 11 ]
      q: [ 
        0.000184421789, 8.05906358e-05, -0.142591608, 1.07842348, -1.10969132, -0.000110977717, 0.000184422653, 8.05956034e-05, -0.142501862, 1.07833083, 
        -1.10968842, -0.000110982759 ]
      ikLinks: 
        - 
          name: WAIST
          index: 0
          isBaseLink: true
          translation: [ 0.35, 4.16333634e-17, 0.8 ]
          rotation: [ 
            0.984807753, 2.71050543e-20, 0.173648178, 
            2.71050543e-20, 1, -8.13151629e-20, 
            -0.173648178, -5.42101086e-20, 0.984807753 ]
        - 
          name: LLEG_JOINT5
          index: 25
          translation: [ -0.0449979386, 0.1, 0.103602094 ]
          rotation: [ 
            0.999999759, -0.000167700323, 0.000673472766, 
            0.000167700563, 0.999999986, -3.00156699e-07, 
            -0.000673472706, 4.13098388e-07, 0.999999773 ]
          isTouching: true
          partingDirection: [ 0, 0, 1 ]
        - 
          name: RLEG_JOINT5
          index: 31
          translation: [ -0.0449643687, -0.0999999971, 0.103602044 ]
          rotation: [ 
            0.999999759, -0.00016770033, 0.000673472766, 
            0.000167700571, 0.999999986, -3.00156703e-07, 
            -0.000673472706, 4.13098398e-07, 0.999999773 ]
          isTouching: true
          partingDirection: [ 0, 0, 1 ]
  - 
    time: 1.54
    refer: 
      type: Pose
      name: ""
      joints: [ 
        0, 1, 2, 3, 4, 5, 6, 7, 8, 9, 
        10, 11 ]
      q: [ 
        2.51482502e-05, 0.000108690941, 0.0837365305, 0.837144191, -0.921634394, -0.000128768779, 2.51386332e-05, 0.00010867961, 0.0836419129, 0.837248142, 
        -0.921643709, -0.000128766223 ]
      ikLinks: 
        - 
          name: LLEG_JOINT5
          index: 25
          translation: [ 0.0349997262, 0.1, 0.13000014 ]
          rotation: [ 
            0.999999949, -0.000192901083, -0.000254224016, 
            0.000192906116, 0.999999981, 1.97741246e-05, 
            0.000254220197, -1.9823165e-05, 0.999999967 ]
        - 
          name: RLEG_JOINT5
          index: 31
          translation: [ 0.0349997262, -0.1, 0.13000014 ]
          rotation: [ 
            0.999999949, -0.000192910691, -0.00025424229, 
            0.000192915723, 0.999999981, 1.97653393e-05, 
            0.000254238472, -1.98143857e-05, 0.999999967 ]
  - 
    time: 1.65
    refer: 
      type: Pose
      name: ""
      joints: [ 
        0, 1, 2, 3, 4, 5, 6, 7, 8, 9, 
        10, 11 ]
      q: [ 
        -4.07885115e-08, 1.15808437e-05, -0.56357149, 1.23113212, -0.667101153, -1.1580964e-05, -4.07864756e-08, 1.15764112e-05, -0.563629418, 1.23114242, 
        -0.667053524, -1.15765315e-05 ]
      ikLinks: 
        - 
          name: WAIST
          index: 0
          isBaseLink: true
          translation: [ 0.499999951, 5.64491509e-12, 0.996345468 ]
          rotation: [ 
            0.999999861, -0.000167849467, 0.000499433808, 
            0.000167849571, 0.999999986, -1.67072311e-07, 
            -0.000499433773, 2.50902038e-07, 0.999999875 ]
        - 
          name: LLEG_JOINT5
          index: 25
          translation: [ 0.454999485, 0.1, 0.220000187 ]
          rotation: [ 
            0.999999526, -0.000167813999, 0.000958909675, 
            0.000167814163, 0.999999986, -8.98467269e-08, 
            -0.000958909646, 2.50765309e-07, 0.99999954 ]
        - 
          name: RLEG_JOINT5
          index: 31
          translation: [ 0.454999485, -0.1, 0.220000187 ]
          rotation: [ 
            0.999999526, -0.000167813999, 0.000958907675, 
            0.000167814163, 0.999999986, -8.9847063e-08, 
            -0.000958907646, 2.50765309e-07, 0.99999954 ]
  - 
    time: 1.76
    refer: 
      type: Pose
      name: ""
      joints: [ 
        0, 1, 2, 3, 4, 5, 6, 7, 8, 9, 
        10, 11 ]
      q: [ 
        -3.20415313e-08, -5.45155595e-05, -0.876791093, 1.09630737, -0.219628019, 5.45155474e-05, -3.20405419e-08, -5.45200873e-05, -0.876812114, 1.09625459, 
        -0.219554212, 5.45200753e-05 ]
      ikLinks: 
        - 
          name: LLEG_JOINT5
          index: 25
          translation: [ 0.874999998, 0.1, 0.129999863 ]
          rotation: [ 
            0.999999911, -0.000167823518, 0.000387700547, 
            0.000167823602, 0.999999986, -1.85811383e-07, 
            -0.00038770051, 2.50876669e-07, 0.999999925 ]
        - 
          name: RLEG_JOINT5
          index: 31
          translation: [ 0.874999647, -0.1, 0.130000117 ]
          rotation: [ 
            0.999999911, -0.000167823517, 0.000387694876, 
            0.000167823601, 0.999999986, -1.85812336e-07, 
            -0.00038769484, 2.5087667e-07, 0.999999925 ]
  - 
    time: 1.8
    refer: 
      type: Pose
      name: ""
      joints: [ 
        0, 1, 2, 3, 4, 5, 6, 7, 8, 9, 
        10, 11 ]
      q: [ 
        0.000174601055, -2.43584642e-05, -0.882161676, 1.44198284, -0.384963836, 5.44025983e-05, 0.000174600187, -2.43535013e-05, -0.882128318, 1.44202323, 
        -0.385037584, 5.439756e-05 ]
      ikLinks: 
        - 
          name: WAIST
          index: 0
          isBaseLink: true
          translation: [ 0.75, 5.55111512e-17, 0.8 ]
          rotation: [ 
            0.984807753, -2.71050543e-20, -0.173648178, 
            2.71050543e-20, 1, 2.03287907e-20, 
            0.173648178, 3.38813179e-21, 0.984807753 ]
        - 
          name: LLEG_JOINT5
          index: 25
          translation: [ 0.954999546, 0.0999999998, 0.103600002 ]
          rotation: [ 
            0.999999933, -0.000167701029, 0.000324404466, 
            0.000167701051, 0.999999986, -4.06331525e-08, 
            -0.000324404454, 9.50361197e-08, 0.999999947 ]
          isTouching: true
          partingDirection: [ 0, 0, 1 ]
        - 
          name: RLEG_JOINT5
          index: 31
          translation: [ 0.955033115, -0.0999999974, 0.103599952 ]
          rotation: [ 
            0.999999933, -0.000167701021, 0.000324404466, 
            0.000167701043, 0.999999986, -4.06331571e-08, 
            -0.000324404454, 9.50361217e-08, 0.999999947 ]
          isTouching: true
          partingDirection: [ 0, 0, 1 ]
  - 
    time: 2.05
    refer: 
      type: Pose
      name: ""
      ikLinks: 
        - 
          name: WAIST
          index: 0
          isBaseLink: true
          translation: [ 0.95, 2.77555756e-17, 0.72 ]
          rotation: [ 
            0.999999861, -0.000167849467, 0.000499433808, 
            0.000167849571, 0.999999986, -1.67072311e-07, 
            -0.000499433773, 2.50902038e-07, 0.999999875 ]
  - 
    time: 2.1
    refer: 
      type: Pose
      name: ""
      joints: [ 
        0, 1, 2, 3, 4, 5, 6, 7, 8, 9, 
        10, 11 ]
      q: [ 
        -4.22697418e-13, 0.000103801144, -0.241377205, 1.54250849, -1.30113128, -0.000103801144, 4.22819888e-13, 0.000103795213, -0.241462364, 1.5425735, 
        -1.30111114, -0.000103795213 ]
      ikLinks: 
        - 
          name: LLEG_JOINT5
          index: 25
          translation: [ 0.955000068, 0.1, 0.103600122 ]
          rotation: [ 
            0.999999861, -0.000167849467, 0.000499429809, 
            0.000167849571, 0.999999986, -1.67072982e-07, 
            -0.000499429774, 2.50902038e-07, 0.999999875 ]
          isTouching: true
          partingDirection: [ 0, 0, 1 ]
        - 
          name: RLEG_JOINT5
          index: 31
          translation: [ 0.955000068, -0.1, 0.103600122 ]
          rotation: [ 
            0.999999861, -0.000167849467, 0.000499437809, 
            0.000167849571, 0.999999986, -1.6707164e-07, 
            -0.000499437774, 2.50902038e-07, 0.999999875 ]
          isTouching: true
          partingDirection: [ 0, 0, 1 ]
  - 
    time: 2.5
    refer: 
      type: Pose
      name: ""
      joints: [ 
        0, 1, 2, 3, 4, 5, 6, 7, 8, 9, 
        10, 11, 12, 13, 14, 15, 16, 17, 18, 19, 
        20, 21, 22, 23, 24, 25, 26, 27, 28, 29, 
        30 ]
      q: [ 
        1.86769701e-14, -2.08754779e-06, -0.960263078, 1.83153574, -0.871272659, 2.08754779e-06, 3.47068104e-14, -2.09347388e-06, -0.960332976, 1.83153442, 
        -0.871201447, 2.09347388e-06, 0, 0, 0, 0, 0, 0.698131701, -0.34906585, -0.0872664626, 
        -1.3962634, 0, 0, 0, 0.698131701, 0.34906585, 0.0872664626, -1.3962634, 0, 0, 
        0 ]
      ikLinks: 
        - 
          name: WAIST
          index: 0
          isBaseLink: true
          translation: [ 0.95, 2.77555756e-17, 0.72 ]
          rotation: [ 
            0.999999861, -0.000167849467, 0.000499433808, 
            0.000167849571, 0.999999986, -1.67072311e-07, 
            -0.000499433773, 2.50902038e-07, 0.999999875 ]
        - 
          name: LARM_JOINT6
          index: 12
          translation: [ 0.933620688, 0.342276019, 0.661846379 ]
          rotation: [ 
            0.731044141, 0.152245743, -0.665128332, 
            -0.322479821, 0.936142295, -0.140158372, 
            0.601316248, 0.316952422, 0.733457519 ]
        - 
          name: RARM_JOINT6
          index: 19
          translation: [ 0.933735591, -0.342281469, 0.661846208 ]
          rotation: [ 
            0.730935843, -0.152559996, -0.665175346, 
            0.322724911, 0.936091292, 0.139934713, 
            0.60131641, -0.316951952, 0.73345759 ]
        - 
          name: LLEG_JOINT5
          index: 25
          translation: [ 0.954999467, 0.1, 0.103600401 ]
          rotation: [ 
            0.999999861, -0.000167849467, 0.000499434808, 
            0.000167849571, 0.999999986, -1.67072143e-07, 
            -0.000499434773, 2.50902038e-07, 0.999999875 ]
          isTouching: true
          partingDirection: [ 0, 0, 1 ]
        - 
          name: RLEG_JOINT5
          index: 31
          translation: [ 0.954999468, -0.1, 0.103600401 ]
          rotation: [ 
            0.999999861, -0.000167849467, 0.000499441808, 
            0.000167849571, 0.999999986, -1.67070968e-07, 
            -0.000499441773, 2.50902038e-07, 0.999999875 ]
          isTouching: true
          partingDirection: [ 0, 0, 1 ]
