# Body pose sequence format version 1.0 defined by cnoid-Robotics

type: PoseSeq
name: "jump-300msec"
targetBody: "JAXON_RED"
refs: 
  - 
    time: 0
    refer: 
      type: Pose
      name: ""
      joints: [ 
        0, 1, 2, 3, 4, 5, 6, 7, 8, 9, 
        10, 11, 12, 13, 14, 15, 16, 17, 18, 19, 
        20, 21, 22, 23, 24, 25, 26, 27, 28, 29, 
        30, 31, 32, 33, 34, 35, 36 ]
      q: [ 
        1.90226153e-19, 4.6590047e-18, -0.291687718, 0.687644268, -0.395956552, -5.91459122e-18, 1.9399532e-19, 4.75821124e-18, -0.291687718, 0.687644268, 
        -0.395956552, -6.01057139e-18, 0, 0, 0, 0, 0, 0, 0.698132, -0.349066, 
        -0.087266, -1.396263, 0, 0, 0, 0, 0.698132, 0.349066, 0.087266, -1.396263, 
        0, 0, 0, 0, 0, 0, 0 ]
      ikLinks: 
        - 
          name: WAIST
          index: 0
          isBaseLink: true
          translation: [ 2.49800181e-18, 0, 0.9775 ]
          rotation: [ 
            1, -7.22223729e-35, -2.77555756e-16, 
            -1.6851887e-34, 1, 1.54074396e-33, 
            2.77555756e-16, 1.59354232e-33, 1 ]
        - 
          name: LARM_JOINT7
          index: 13
          translation: [ -0.0162930225, 0.342278723, 0.919338074 ]
          rotation: [ 
            0.730689996, 0.152245103, -0.665517511, 
            -0.322602529, 0.936116794, -0.140046267, 
            0.601680761, 0.317028039, 0.733125832 ]
        - 
          name: RARM_JOINT7
          index: 23
          translation: [ -0.0162930225, -0.342278723, 0.919338074 ]
          rotation: [ 
            0.730689996, -0.152245103, -0.665517511, 
            0.322602529, 0.936116794, 0.140046267, 
            0.601680761, -0.317028039, 0.733125832 ]
        - 
          name: LLEG_JOINT5
          index: 32
          translation: [ -0.0449984727, 0.1, 0.0995007704 ]
          rotation: [ 
            1, -2.09724826e-19, -1.99999373e-09, 
            2.09724829e-19, 1, 1.2542447e-18, 
            1.99999373e-09, -1.25424471e-18, 1 ]
          isTouching: true
          partingDirection: [ 0, 0, 1 ]
        - 
          name: RLEG_JOINT5
          index: 38
          translation: [ -0.0449999938, -0.1, 0.0995004856 ]
          rotation: [ 
            1, -2.06473844e-19, -1.99999345e-09, 
            2.06473847e-19, 1, 1.25037268e-18, 
            1.99999345e-09, -1.25037268e-18, 1 ]
          isTouching: true
          partingDirection: [ 0, 0, 1 ]
  - 
    time: 0.2
    refer: 
      type: Pose
      name: ""
      joints: [ 
        0, 1, 2, 3, 4, 5, 6, 7, 8, 9, 
        10, 11, 12, 13, 14, 15, 16, 17, 18, 19, 
        20, 21, 22, 23, 24, 25, 26, 27, 28, 29, 
        30, 31, 32, 33, 34, 35, 36 ]
      q: [ 
        1.90226153e-19, 4.6590047e-18, -0.291687718, 0.687644268, -0.395956552, -5.91659344e-18, 1.9399532e-19, 4.75821124e-18, -0.291687718, 0.687644268, 
        -0.395956552, -6.00289732e-18, 0, 0, 0, 0, 0, 0, 0.698132, -0.349066, 
        -0.087266, -1.396263, 0, 0, 0, 0, 0.698132, 0.349066, 0.087266, -1.396263, 
        0, 0, 0, 0, 0, 0, 0 ]
      ikLinks: 
        - 
          name: WAIST
          index: 0
          isBaseLink: true
          translation: [ 2.49800181e-18, 0, 0.9775 ]
          rotation: [ 
            1, -7.22223729e-35, -2.77555756e-16, 
            -1.6851887e-34, 1, 1.54074396e-33, 
            2.77555756e-16, 1.59354232e-33, 1 ]
        - 
          name: LARM_JOINT7
          index: 13
          translation: [ -0.0162930225, 0.342278723, 0.919338074 ]
          rotation: [ 
            0.730689996, 0.152245103, -0.665517511, 
            -0.322602529, 0.936116794, -0.140046267, 
            0.601680761, 0.317028039, 0.733125832 ]
        - 
          name: RARM_JOINT7
          index: 23
          translation: [ -0.0162930225, -0.342278723, 0.919338074 ]
          rotation: [ 
            0.730689996, -0.152245103, -0.665517511, 
            0.322602529, 0.936116794, 0.140046267, 
            0.601680761, -0.317028039, 0.733125832 ]
        - 
          name: LLEG_JOINT5
          index: 32
          translation: [ -0.0449999938, 0.1, 0.0995004856 ]
          rotation: [ 
            1, -2.10285585e-19, -1.9999935e-09, 
            2.10285588e-19, 1, 1.26854743e-18, 
            1.9999935e-09, -1.26854743e-18, 1 ]
          isTouching: true
          partingDirection: [ 0, 0, 1 ]
        - 
          name: RLEG_JOINT5
          index: 38
          translation: [ -0.0449999938, -0.1, 0.0995004834 ]
          rotation: [ 
            1, -2.06527077e-19, -1.9999935e-09, 
            2.0652708e-19, 1, 1.25082518e-18, 
            1.9999935e-09, -1.25082518e-18, 1 ]
          isTouching: true
          partingDirection: [ 0, 0, 1 ]
  - 
    time: 1
    refer: 
      type: Pose
      name: ""
      joints: [ 
        0, 1, 2, 3, 4, 5, 6, 7, 8, 9, 
        10, 11, 12, 13, 14, 15, 16, 17, 18, 19, 
        20, 21, 22, 23, 24, 25, 26, 27, 28, 29, 
        30, 31, 32, 33, 34, 35, 36 ]
      q: [ 
        -1.91647358e-19, -6.91140755e-18, -0.550268375, 1.14377453, -0.593506155, 8.41861439e-18, 2.05272457e-19, 7.11682983e-18, -0.550268375, 1.14377453, 
        -0.593506155, -8.67517198e-18, 0, 0, 0, 0, 0, 0, 0.698132, -0.349066, 
        -0.087266, -1.396263, 0, 0, 0, 0, 0.698132, 0.349066, 0.087266, -1.396263, 
        0, 0, 0, 0, 0, 0, 0 ]
      ikLinks: 
        - 
          name: WAIST
          index: 0
          isBaseLink: true
          translation: [ -0.02, 0, 0.9 ]
          rotation: [ 
            1, -2.16667119e-34, -1.11022302e-16, 
            1.20370622e-34, 1, -7.70371978e-34, 
            1.11022302e-16, -1.56202109e-33, 1 ]
        - 
          name: LARM_JOINT7
          index: 13
          translation: [ -0.0362930225, 0.342278723, 0.841838074 ]
          rotation: [ 
            0.730689996, 0.152245103, -0.665517511, 
            -0.322602529, 0.936116794, -0.140046267, 
            0.601680761, 0.317028039, 0.733125832 ]
        - 
          name: RARM_JOINT7
          index: 23
          translation: [ -0.0362930225, -0.342278723, 0.841838074 ]
          rotation: [ 
            0.730689996, -0.152245103, -0.665517511, 
            0.322602529, 0.936116794, 0.140046267, 
            0.601680761, -0.317028039, 0.733125832 ]
        - 
          name: LLEG_JOINT5
          index: 32
          translation: [ -0.0449999981, 0.1, 0.0995004315 ]
          rotation: [ 
            1, -2.05232089e-19, 2.12052598e-14, 
            2.05232089e-19, 1, 1.53170155e-18, 
            -2.12052598e-14, -1.53170155e-18, 1 ]
          isTouching: true
          partingDirection: [ 0, 0, 1 ]
        - 
          name: RLEG_JOINT5
          index: 38
          translation: [ -0.0449999981, -0.1, 0.0995004315 ]
          rotation: [ 
            1, 1.91548956e-19, 2.05946371e-14, 
            -1.91548956e-19, 1, -1.48423476e-18, 
            -2.05946371e-14, 1.48423476e-18, 1 ]
          isTouching: true
          partingDirection: [ 0, 0, 1 ]
  - 
    time: 1.15
    refer: 
      type: Pose
      name: ""
      joints: [ 
        0, 1, 2, 3, 4, 5, 6, 7, 8, 9, 
        10, 11, 12, 13, 14, 15, 16, 17, 18, 19, 
        20, 21, 22, 23, 24, 25, 26, 27, 28, 29, 
        30, 31, 32, 33, 34, 35, 36 ]
      q: [ 
        -1.67673961e-21, 9.40502497e-19, -0.405246763, 0.857545277, -0.452298514, -1.29213741e-18, -2.13017068e-20, 4.50167292e-19, -0.405246763, 0.857545277, 
        -0.452298514, -6.78831035e-19, 0, 0, 0, 0, 0, 0, 0.698131701, -0.34906585, 
        -0.0872664626, -1.3962634, 0, 0, 0, 0, 0.698131701, 0.34906585, 0.0872664626, -1.3962634, 
        0, 0, 0, 0, 0, 0, 0 ]
      ikLinks: 
        - 
          name: WAIST
          index: 0
          isBaseLink: true
          translation: [ -0.02, 0, 1 ]
          rotation: [ 
            1, 9.02967741e-34, 1.11022302e-16, 
            -6.75203955e-34, 1, 7.70371978e-34, 
            -1.11022302e-16, 9.63151128e-34, 1 ]
        - 
          name: LARM_JOINT7
          index: 13
          translation: [ -0.0362928149, 0.342278749, 0.941838149 ]
          rotation: [ 
            0.730689593, 0.152244556, -0.665518079, 
            -0.322602371, 0.936116807, -0.140046544, 
            0.601681335, 0.317028262, 0.733125264 ]
        - 
          name: RARM_JOINT7
          index: 23
          translation: [ -0.0362928149, -0.342278749, 0.941838149 ]
          rotation: [ 
            0.730689593, -0.152244556, -0.665518079, 
            0.322602371, 0.936116807, 0.140046544, 
            0.601681335, -0.317028262, 0.733125264 ]
        - 
          name: LLEG_JOINT5
          index: 32
          translation: [ -0.0450003211, 0.1, 0.150000067 ]
          rotation: [ 
            1, 2.13017068e-20, -3.90798505e-14, 
            -2.13017068e-20, 1, 2.28663743e-19, 
            3.90798505e-14, -2.28663743e-19, 1 ]
        - 
          name: RLEG_JOINT5
          index: 38
          translation: [ -0.0450003211, -0.1, 0.150000067 ]
          rotation: [ 
            1, 1.67673961e-21, -3.91908728e-14, 
            -1.67673961e-21, 1, 3.51634915e-19, 
            3.91908728e-14, -3.51634915e-19, 1 ]
  - 
    time: 1.3
    refer: 
      type: Pose
      name: ""
      joints: [ 
        0, 1, 2, 3, 4, 5, 6, 7, 8, 9, 
        10, 11, 12, 13, 14, 15, 16, 17, 18, 19, 
        20, 21, 22, 23, 24, 25, 26, 27, 28, 29, 
        30, 31, 32, 33, 34, 35, 36 ]
      q: [ 
        -4.85873777e-19, -1.40352157e-17, -0.550268453, 1.14377469, -0.593506236, 1.70532041e-17, -4.9768803e-19, -1.4420153e-17, -0.550268453, 1.14377469, 
        -0.593506236, 1.75132469e-17, 0, 0, 0, 0, 0, 0, 0.698132, -0.349066, 
        -0.087266, -1.396263, 0, 0, 0, 0, 0.698132, 0.349066, 0.087266, -1.396263, 
        0, 0, 0, 0, 0, 0, 0 ]
      ikLinks: 
        - 
          name: WAIST
          index: 0
          isBaseLink: true
          translation: [ -0.02, 0, 0.9 ]
          rotation: [ 
            1, 0, -1.66533454e-16, 
            1.54074396e-33, 1, -3.08148791e-33, 
            1.66533454e-16, 3.00057367e-33, 1 ]
        - 
          name: LARM_JOINT7
          index: 13
          translation: [ -0.0362930225, 0.342278723, 0.841838074 ]
          rotation: [ 
            0.730689996, 0.152245103, -0.665517511, 
            -0.322602529, 0.936116794, -0.140046267, 
            0.601680761, 0.317028039, 0.733125832 ]
        - 
          name: RARM_JOINT7
          index: 23
          translation: [ -0.0362930225, -0.342278723, 0.841838074 ]
          rotation: [ 
            0.730689996, -0.152245103, -0.665517511, 
            0.322602529, 0.936116794, 0.140046267, 
            0.601680761, -0.317028039, 0.733125832 ]
        - 
          name: LLEG_JOINT5
          index: 32
          translation: [ -0.0449999981, 0.1, 0.0995004325 ]
          rotation: [ 
            1, 5.95359362e-19, 1.00002112e-09, 
            -5.95359359e-19, 1, -3.08909269e-18, 
            -1.00002112e-09, 3.08909269e-18, 1 ]
          isTouching: true
          partingDirection: [ 0, 0, 1 ]
        - 
          name: RLEG_JOINT5
          index: 38
          translation: [ -0.0449999981, -0.1, 0.0995004325 ]
          rotation: [ 
            1, 5.83650403e-19, 1.00002107e-09, 
            -5.836504e-19, 1, -3.00812723e-18, 
            -1.00002107e-09, 3.00812723e-18, 1 ]
          isTouching: true
          partingDirection: [ 0, 0, 1 ]
  - 
    time: 1.6
    refer: 
      type: Pose
      name: ""
      joints: [ 
        0, 1, 2, 3, 4, 5, 6, 7, 8, 9, 
        10, 11, 12, 13, 14, 15, 16, 17, 18, 19, 
        20, 21, 22, 23, 24, 25, 26, 27, 28, 29, 
        30, 31, 32, 33, 34, 35, 36 ]
      q: [ 
        -1.01835412e-18, 1.93903692e-17, -0.994229207, 1.89518976, -0.900960567, -1.55497194e-17, -1.23387768e-18, 1.1198465e-17, -0.994229207, 1.89518976, 
        -0.900960567, -6.43303951e-18, 0, 0, 0, 0, 0, 0, 0.698132, -0.349066, 
        -0.087266, -1.396263, 0, 0, 0, 0, 0.698132, 0.349066, 0.087266, -1.396263, 
        0, 0, 0, 0, 0, 0, 0 ]
      ikLinks: 
        - 
          name: WAIST
          index: 0
          isBaseLink: true
          translation: [ -0.05, 0, 0.7 ]
          rotation: [ 
            1, -1.92592994e-33, -1.11022302e-16, 
            -1.15555797e-33, 1, 0, 
            1.11022302e-16, -6.27603584e-33, 1 ]
        - 
          name: LARM_JOINT7
          index: 13
          translation: [ -0.0662930225, 0.342278723, 0.641838074 ]
          rotation: [ 
            0.730689996, 0.152245103, -0.665517511, 
            -0.322602529, 0.936116794, -0.140046267, 
            0.601680761, 0.317028039, 0.733125832 ]
        - 
          name: RARM_JOINT7
          index: 23
          translation: [ -0.0662930225, -0.342278723, 0.641838074 ]
          rotation: [ 
            0.730689996, -0.152245103, -0.665517511, 
            0.322602529, 0.936116794, 0.140046267, 
            0.601680761, -0.317028039, 0.733125832 ]
        - 
          name: LLEG_JOINT5
          index: 32
          translation: [ -0.0450000005, 0.1, 0.0995004152 ]
          rotation: [ 
            1, 1.23608155e-18, -1.39999497e-08, 
            -1.23608162e-18, 1, -4.88281031e-18, 
            1.39999497e-08, 4.88281033e-18, 1 ]
          isTouching: true
          partingDirection: [ 0, 0, 1 ]
        - 
          name: RLEG_JOINT5
          index: 38
          translation: [ -0.0450000005, -0.1, 0.0995004152 ]
          rotation: [ 
            1, 1.02158841e-18, -1.39999499e-08, 
            -1.02158847e-18, 1, -4.02977452e-18, 
            1.39999499e-08, 4.02977453e-18, 1 ]
          isTouching: true
          partingDirection: [ 0, 0, 1 ]
  - 
    time: 1.8
    refer: 
      type: Pose
      name: ""
      joints: [ 
        0, 1, 2, 3, 4, 5, 6, 7, 8, 9, 
        10, 11, 12, 13, 14, 15, 16, 17, 18, 19, 
        20, 21, 22, 23, 24, 25, 26, 27, 28, 29, 
        30, 31, 32, 33, 34, 35, 36 ]
      q: [ 
        -1.01835412e-18, 1.93903692e-17, -0.994229207, 1.89518976, -0.900960567, -1.55497194e-17, -1.23387768e-18, 1.1198465e-17, -0.994229207, 1.89518976, 
        -0.900960567, -6.43303951e-18, 0, 0, 0, 0, 0, 0, 0.698132, -0.349066, 
        -0.087266, -1.396263, 0, 0, 0, 0, 0.698132, 0.349066, 0.087266, -1.396263, 
        0, 0, 0, 0, 0, 0, 0 ]
      ikLinks: 
        - 
          name: WAIST
          index: 0
          isBaseLink: true
          translation: [ -0.05, 0, 0.7 ]
          rotation: [ 
            1, -1.92592994e-33, -1.11022302e-16, 
            -1.15555797e-33, 1, 0, 
            1.11022302e-16, -6.27603584e-33, 1 ]
        - 
          name: LARM_JOINT7
          index: 13
          translation: [ -0.0662930225, 0.342278723, 0.641838074 ]
          rotation: [ 
            0.730689996, 0.152245103, -0.665517511, 
            -0.322602529, 0.936116794, -0.140046267, 
            0.601680761, 0.317028039, 0.733125832 ]
        - 
          name: RARM_JOINT7
          index: 23
          translation: [ -0.0662930225, -0.342278723, 0.641838074 ]
          rotation: [ 
            0.730689996, -0.152245103, -0.665517511, 
            0.322602529, 0.936116794, 0.140046267, 
            0.601680761, -0.317028039, 0.733125832 ]
        - 
          name: LLEG_JOINT5
          index: 32
          translation: [ -0.0450000005, 0.1, 0.0995004152 ]
          rotation: [ 
            1, 1.23608155e-18, -1.39999497e-08, 
            -1.23608162e-18, 1, -4.88281031e-18, 
            1.39999497e-08, 4.88281033e-18, 1 ]
          isTouching: true
          partingDirection: [ 0, 0, 1 ]
        - 
          name: RLEG_JOINT5
          index: 38
          translation: [ -0.0450000005, -0.1, 0.0995004152 ]
          rotation: [ 
            1, 1.02158841e-18, -1.39999499e-08, 
            -1.02158847e-18, 1, -4.02977452e-18, 
            1.39999499e-08, 4.02977453e-18, 1 ]
          isTouching: true
          partingDirection: [ 0, 0, 1 ]
