# Body pose sequence format version 1.0 defined by cnoid-Robotics

type: PoseSeq
name: "jump-250msec"
targetBody: "JAXON_BLUE"
refs: 
  - 
    time: 0
    refer: 
      type: Pose
      name: ""
      joints: [ 
        0, 1, 2, 3, 4, 5, 6, 7, 8, 9, 
        10, 11, 12, 13, 14, 15, 16, 17, 18, 19, 
        20, 21, 22, 23, 24, 25, 26, 27, 28, 29, 
        30 ]
      q: [ 
        1.90226153e-19, 4.6590047e-18, -0.291687718, 0.687644268, -0.395956552, -5.90674691e-18, 1.9399532e-19, 4.75821124e-18, -0.291687718, 0.687644268, 
        -0.395956552, -6.03253236e-18, 0, 0, 0, 0, 0, 0.698132, -0.349066, -0.087266, 
        -1.396263, 0, 0, 0, 0.698132, 0.349066, 0.087266, -1.396263, 0, 0, 
        0 ]
      ikLinks: 
        - 
          name: WAIST
          index: 0
          isBaseLink: true
          translation: [ 1.18237484e-07, 0, 0.996999985 ]
          rotation: [ 
            1, 4.81482486e-34, -3.33066907e-16, 
            7.22223729e-35, 1, 2.31111593e-33, 
            3.33066907e-16, -2.24650251e-33, 1 ]
        - 
          name: LARM_JOINT6
          index: 12
          translation: [ -0.0162929043, 0.342278723, 0.938838059 ]
          rotation: [ 
            0.730689996, 0.152245103, -0.665517511, 
            -0.322602529, 0.936116794, -0.140046267, 
            0.601680761, 0.317028039, 0.733125832 ]
        - 
          name: RARM_JOINT6
          index: 19
          translation: [ -0.0162929043, -0.342278723, 0.938838059 ]
          rotation: [ 
            0.730689996, -0.152245103, -0.665517511, 
            0.322602529, 0.936116794, 0.140046267, 
            0.601680761, -0.317028039, 0.733125832 ]
        - 
          name: LLEG_JOINT5
          index: 25
          translation: [ -0.045, 0.1, 0.123 ]
          rotation: [ 
            1, -1.93995308e-19, -2.00000033e-09, 
            1.9399531e-19, 1, 1.27432112e-18, 
            2.00000033e-09, -1.27432112e-18, 1 ]
          isTouching: true
          partingDirection: [ 0, 0, 1 ]
        - 
          name: RLEG_JOINT5
          index: 31
          translation: [ -0.045, -0.1, 0.123 ]
          rotation: [ 
            1, -1.90226141e-19, -2.00000033e-09, 
            1.90226144e-19, 1, 1.24774221e-18, 
            2.00000033e-09, -1.24774221e-18, 1 ]
          isTouching: true
          partingDirection: [ 0, 0, 1 ]
  - 
    time: 0.2
    refer: 
      type: Pose
      name: ""
      joints: [ 
        0, 1, 2, 3, 4, 5, 6, 7, 8, 9, 
        10, 11, 12, 13, 14, 15, 16, 17, 18, 19, 
        20, 21, 22, 23, 24, 25, 26, 27, 28, 29, 
        30 ]
      q: [ 
        1.90226153e-19, 4.6590047e-18, -0.291687718, 0.687644268, -0.395956552, -5.90674691e-18, 1.9399532e-19, 4.75821124e-18, -0.291687718, 0.687644268, 
        -0.395956552, -6.03253236e-18, 0, 0, 0, 0, 0, 0.698132, -0.349066, -0.087266, 
        -1.396263, 0, 0, 0, 0.698132, 0.349066, 0.087266, -1.396263, 0, 0, 
        0 ]
      ikLinks: 
        - 
          name: WAIST
          index: 0
          isBaseLink: true
          translation: [ 1.18237484e-07, 0, 0.996999985 ]
          rotation: [ 
            1, 4.81482486e-34, -3.33066907e-16, 
            7.22223729e-35, 1, 2.31111593e-33, 
            3.33066907e-16, -2.24650251e-33, 1 ]
        - 
          name: LARM_JOINT6
          index: 12
          translation: [ -0.0162929043, 0.342278723, 0.938838059 ]
          rotation: [ 
            0.730689996, 0.152245103, -0.665517511, 
            -0.322602529, 0.936116794, -0.140046267, 
            0.601680761, 0.317028039, 0.733125832 ]
        - 
          name: RARM_JOINT6
          index: 19
          translation: [ -0.0162929043, -0.342278723, 0.938838059 ]
          rotation: [ 
            0.730689996, -0.152245103, -0.665517511, 
            0.322602529, 0.936116794, 0.140046267, 
            0.601680761, -0.317028039, 0.733125832 ]
        - 
          name: LLEG_JOINT5
          index: 25
          translation: [ -0.045, 0.1, 0.123 ]
          rotation: [ 
            1, -1.93995308e-19, -2.00000033e-09, 
            1.9399531e-19, 1, 1.27432112e-18, 
            2.00000033e-09, -1.27432112e-18, 1 ]
          isTouching: true
          partingDirection: [ 0, 0, 1 ]
        - 
          name: RLEG_JOINT5
          index: 31
          translation: [ -0.045, -0.1, 0.123 ]
          rotation: [ 
            1, -1.90226141e-19, -2.00000033e-09, 
            1.90226144e-19, 1, 1.24774221e-18, 
            2.00000033e-09, -1.24774221e-18, 1 ]
          isTouching: true
          partingDirection: [ 0, 0, 1 ]
  - 
    time: 1.15
    refer: 
      type: Pose
      name: ""
      joints: [ 
        0, 1, 2, 3, 4, 5, 6, 7, 8, 9, 
        10, 11, 12, 13, 14, 15, 16, 17, 18, 19, 
        20, 21, 22, 23, 24, 25, 26, 27, 28, 29, 
        30 ]
      q: [ 
        -6.12272309e-07, 7.02890645e-09, -1.02848296, 1.95776872, -0.929455844, 1.75139583e-08, -6.08099763e-07, 6.98049053e-09, -1.02848296, 1.95776872, 
        -0.929455844, 1.91918309e-08, -3.28678554e-05, 0, 0.000108645879, 5.30235365e-05, 0.00328566667, 0.704197886, -0.34985285, -0.0867770556, 
        -1.39420616, 6.13345455e-05, 0.000528746502, 2.37059821e-05, 0.704168753, 0.349849667, 0.0867443478, -1.39420058, -8.53761772e-05, 0.000528474775, 
        -2.38604177e-05 ]
      ikLinks: 
        - 
          name: WAIST
          index: 0
          isBaseLink: true
          translation: [ -0.049999365, 1.94941285e-13, 0.699487699 ]
          rotation: [ 
            1, -3.17637355e-22, 1.92520597e-16, 
            1.05879118e-22, 1, 3.96219513e-22, 
            -2.22044605e-16, -3.40603581e-22, 1 ]
        - 
          name: LARM_JOINT6
          index: 12
          translation: [ -0.0692527264, 0.34259001, 0.641208263 ]
          rotation: [ 
            0.73586314, 0.155013979, -0.659148015, 
            -0.323033919, 0.935895086, -0.140532826, 
            0.595108835, 0.316340093, 0.73876547 ]
        - 
          name: RARM_JOINT6
          index: 19
          translation: [ -0.0691880854, -0.342613056, 0.641235511 ]
          rotation: [ 
            0.735810724, -0.155185234, -0.659166232, 
            0.323208742, 0.935844587, 0.140467143, 
            0.595078723, -0.316405519, 0.738761708 ]
        - 
          name: LLEG_JOINT5
          index: 25
          translation: [ -0.045, 0.1, 0.123 ]
          rotation: [ 
            0.999999986, 6.08096499e-07, -0.000170083999, 
            -6.08100941e-07, 1, -2.60688933e-08, 
            0.000170083999, 2.61723212e-08, 0.999999986 ]
          isTouching: true
          partingDirection: [ 0, 0, 1 ]
        - 
          name: RLEG_JOINT5
          index: 31
          translation: [ -0.045, -0.1, 0.123 ]
          rotation: [ 
            0.999999986, 6.1226933e-07, -0.000170083999, 
            -6.12273496e-07, 1, -2.44387269e-08, 
            0.000170083999, 2.45428645e-08, 0.999999986 ]
          isTouching: true
          partingDirection: [ 0, 0, 1 ]
  - 
    time: 1.5
    refer: 
      type: Pose
      name: ""
      joints: [ 
        0, 1, 2, 3, 4, 5, 6, 7, 8, 9, 
        10, 11, 12, 13, 14, 15, 16, 17, 18, 19, 
        20, 21, 22, 23, 24, 25, 26, 27, 28, 29, 
        30 ]
      q: [ 
        -2.39238268e-19, -6.6917504e-18, -0.550268453, 1.14377469, -0.593506236, 8.12531667e-18, -2.45995345e-19, -7.16669444e-18, -0.550268453, 1.14377469, 
        -0.593506236, 8.70220068e-18, 0, 0, 0, 0, 0, 0.698132, -0.349066, -0.087266, 
        -1.396263, 0, 0, 0, 0.698132, 0.349066, 0.087266, -1.396263, 0, 0, 
        0 ]
      ikLinks: 
        - 
          name: WAIST
          index: 0
          isBaseLink: true
          translation: [ -0.0199996789, 0, 0.919499923 ]
          rotation: [ 
            1, -9.14816724e-34, -4.4408921e-16, 
            1.92592994e-34, 1, -1.54074396e-33, 
            4.4408921e-16, -1.09243878e-34, 1 ]
        - 
          name: LARM_JOINT6
          index: 12
          translation: [ -0.0362927014, 0.342278723, 0.861337997 ]
          rotation: [ 
            0.730689996, 0.152245103, -0.665517511, 
            -0.322602529, 0.936116794, -0.140046267, 
            0.601680761, 0.317028039, 0.733125832 ]
        - 
          name: RARM_JOINT6
          index: 19
          translation: [ -0.0362927014, -0.342278723, 0.861337997 ]
          rotation: [ 
            0.730689996, -0.152245103, -0.665517511, 
            0.322602529, 0.936116794, 0.140046267, 
            0.601680761, -0.317028039, 0.733125832 ]
        - 
          name: LLEG_JOINT5
          index: 25
          translation: [ -0.045, 0.1, 0.123 ]
          rotation: [ 
            1, 2.45995354e-19, 9.99999694e-10, 
            -2.45995352e-19, 1, -1.53550624e-18, 
            -9.99999694e-10, 1.53550624e-18, 1 ]
          isTouching: true
          partingDirection: [ 0, 0, 1 ]
        - 
          name: RLEG_JOINT5
          index: 31
          translation: [ -0.045, -0.1, 0.123 ]
          rotation: [ 
            1, 2.39238276e-19, 9.99999694e-10, 
            -2.39238275e-19, 1, -1.43356627e-18, 
            -9.99999694e-10, 1.43356627e-18, 1 ]
          isTouching: true
          partingDirection: [ 0, 0, 1 ]
  - 
    time: 1.626
    refer: 
      type: Pose
      name: ""
      joints: [ 
        0, 1, 2, 3, 4, 5, 6, 7, 8, 9, 
        10, 11, 12, 13, 14, 15, 16, 17, 18, 19, 
        20, 21, 22, 23, 24, 25, 26, 27, 28, 29, 
        30 ]
      q: [ 
        -1.41664576e-19, -3.05703668e-18, -0.45002596, 0.945831409, -0.495805446, 3.85194225e-18, 2.72554395e-19, 7.74494673e-18, -0.450024262, 0.945828144, 
        -0.495803877, -9.56162351e-18, 0, 0, 0, 0, 0, 0.698132, -0.349066, -0.087266, 
        -1.396263, 0, 0, 0, 0.698132, 0.349066, 0.087266, -1.396263, 0, 0, 
        0 ]
      ikLinks: 
        - 
          name: WAIST
          index: 0
          isBaseLink: true
          translation: [ -0.0199996492, 0, 0.995000511 ]
          rotation: [ 
            1, 2.21481944e-33, -4.4408921e-16, 
            -4.81482486e-34, 1, -1.54074396e-33, 
            4.4408921e-16, -1.41970549e-33, 1 ]
        - 
          name: LARM_JOINT6
          index: 12
          translation: [ -0.0362926717, 0.342278723, 0.936838585 ]
          rotation: [ 
            0.730689996, 0.152245103, -0.665517511, 
            -0.322602529, 0.936116794, -0.140046267, 
            0.601680761, 0.317028039, 0.733125832 ]
        - 
          name: RARM_JOINT6
          index: 19
          translation: [ -0.0362926717, -0.342278723, 0.936838585 ]
          rotation: [ 
            0.730689996, -0.152245103, -0.665517511, 
            0.322602529, 0.936116794, 0.140046267, 
            0.601680761, -0.317028039, 0.733125832 ]
        - 
          name: LLEG_JOINT5
          index: 25
          translation: [ -0.045, 0.1, 0.16 ]
          rotation: [ 
            1, -2.72554443e-19, 4.99999964e-09, 
            2.72554434e-19, 1, 1.81667678e-18, 
            -4.99999964e-09, -1.81667678e-18, 1 ]
        - 
          name: RLEG_JOINT5
          index: 31
          translation: [ -0.0449999703, -0.1, 0.160000579 ]
          rotation: [ 
            1, 1.41664588e-19, 2.99999953e-09, 
            -1.41664585e-19, 1, -7.9490557e-19, 
            -2.99999953e-09, 7.9490557e-19, 1 ]
  - 
    time: 1.75
    refer: 
      type: Pose
      name: ""
      joints: [ 
        0, 1, 2, 3, 4, 5, 6, 7, 8, 9, 
        10, 11, 12, 13, 14, 15, 16, 17, 18, 19, 
        20, 21, 22, 23, 24, 25, 26, 27, 28, 29, 
        30 ]
      q: [ 
        -4.85873777e-19, -1.40352157e-17, -0.550268453, 1.14377469, -0.593506236, 1.70469628e-17, -4.9768803e-19, -1.4420153e-17, -0.550268453, 1.14377469, 
        -0.593506236, 1.75143979e-17, 0, 0, 0, 0, 0, 0.698132, -0.349066, -0.087266, 
        -1.396263, 0, 0, 0, 0.698132, 0.349066, 0.087266, -1.396263, 0, 0, 
        0 ]
      ikLinks: 
        - 
          name: WAIST
          index: 0
          isBaseLink: true
          translation: [ -0.0199996789, 0, 0.919499923 ]
          rotation: [ 
            1, 9.62964972e-35, -1.66533454e-16, 
            1.34815096e-33, 1, -3.08148791e-33, 
            1.66533454e-16, 2.9986062e-33, 1 ]
        - 
          name: LARM_JOINT6
          index: 12
          translation: [ -0.0362927014, 0.342278723, 0.861337997 ]
          rotation: [ 
            0.730689996, 0.152245103, -0.665517511, 
            -0.322602529, 0.936116794, -0.140046267, 
            0.601680761, 0.317028039, 0.733125832 ]
        - 
          name: RARM_JOINT6
          index: 19
          translation: [ -0.0362927014, -0.342278723, 0.861337997 ]
          rotation: [ 
            0.730689996, -0.152245103, -0.665517511, 
            0.322602529, 0.936116794, 0.140046267, 
            0.601680761, -0.317028039, 0.733125832 ]
        - 
          name: LLEG_JOINT5
          index: 25
          translation: [ -0.045, 0.1, 0.123 ]
          rotation: [ 
            1, 4.97688048e-19, 9.99999916e-10, 
            -4.97688044e-19, 1, -3.0942449e-18, 
            -9.99999916e-10, 3.0942449e-18, 1 ]
          isTouching: true
          partingDirection: [ 0, 0, 1 ]
        - 
          name: RLEG_JOINT5
          index: 31
          translation: [ -0.045, -0.1, 0.123 ]
          rotation: [ 
            1, 4.85873794e-19, 9.99999972e-10, 
            -4.85873791e-19, 1, -3.0117471e-18, 
            -9.99999972e-10, 3.0117471e-18, 1 ]
          isTouching: true
          partingDirection: [ 0, 0, 1 ]
  - 
    time: 2.1
    refer: 
      type: Pose
      name: ""
      joints: [ 
        0, 1, 2, 3, 4, 5, 6, 7, 8, 9, 
        10, 11, 12, 13, 14, 15, 16, 17, 18, 19, 
        20, 21, 22, 23, 24, 25, 26, 27, 28, 29, 
        30 ]
      q: [ 
        -6.12272309e-07, 7.02890645e-09, -1.02848296, 1.95776872, -0.929455844, 1.75139583e-08, -6.08099763e-07, 6.98049053e-09, -1.02848296, 1.95776872, 
        -0.929455844, 1.91918309e-08, -3.28678554e-05, 0, 0.000108645879, 5.30235365e-05, 0.00328566667, 0.704197886, -0.34985285, -0.0867770556, 
        -1.39420616, 6.13345455e-05, 0.000528746502, 2.37059821e-05, 0.704168753, 0.349849667, 0.0867443478, -1.39420058, -8.53761772e-05, 0.000528474775, 
        -2.38604177e-05 ]
      ikLinks: 
        - 
          name: WAIST
          index: 0
          isBaseLink: true
          translation: [ -0.049999365, 1.94941285e-13, 0.699487699 ]
          rotation: [ 
            1, -3.17637355e-22, 1.92520597e-16, 
            1.05879118e-22, 1, 3.96219513e-22, 
            -2.22044605e-16, -3.40603581e-22, 1 ]
        - 
          name: LARM_JOINT6
          index: 12
          translation: [ -0.0692527264, 0.34259001, 0.641208263 ]
          rotation: [ 
            0.73586314, 0.155013979, -0.659148015, 
            -0.323033919, 0.935895086, -0.140532826, 
            0.595108835, 0.316340093, 0.73876547 ]
        - 
          name: RARM_JOINT6
          index: 19
          translation: [ -0.0691880854, -0.342613056, 0.641235511 ]
          rotation: [ 
            0.735810724, -0.155185234, -0.659166232, 
            0.323208742, 0.935844587, 0.140467143, 
            0.595078723, -0.316405519, 0.738761708 ]
        - 
          name: LLEG_JOINT5
          index: 25
          translation: [ -0.045, 0.1, 0.123 ]
          rotation: [ 
            0.999999986, 6.08096499e-07, -0.000170083999, 
            -6.08100941e-07, 1, -2.60688933e-08, 
            0.000170083999, 2.61723212e-08, 0.999999986 ]
          isTouching: true
          partingDirection: [ 0, 0, 1 ]
        - 
          name: RLEG_JOINT5
          index: 31
          translation: [ -0.045, -0.1, 0.123 ]
          rotation: [ 
            0.999999986, 6.1226933e-07, -0.000170083999, 
            -6.12273496e-07, 1, -2.44387269e-08, 
            0.000170083999, 2.45428645e-08, 0.999999986 ]
          isTouching: true
          partingDirection: [ 0, 0, 1 ]
  - 
    time: 2.3
    refer: 
      type: Pose
      name: ""
      joints: [ 
        0, 1, 2, 3, 4, 5, 6, 7, 8, 9, 
        10, 11, 12, 13, 14, 15, 16, 17, 18, 19, 
        20, 21, 22, 23, 24, 25, 26, 27, 28, 29, 
        30 ]
      q: [ 
        -6.12272309e-07, 7.02890645e-09, -1.02848296, 1.95776872, -0.929455844, 1.75139583e-08, -6.08099763e-07, 6.98049053e-09, -1.02848296, 1.95776872, 
        -0.929455844, 1.91918309e-08, -3.28678554e-05, 0, 0.000108645879, 5.30235365e-05, 0.00328566667, 0.704197886, -0.34985285, -0.0867770556, 
        -1.39420616, 6.13345455e-05, 0.000528746502, 2.37059821e-05, 0.704168753, 0.349849667, 0.0867443478, -1.39420058, -8.53761772e-05, 0.000528474775, 
        -2.38604177e-05 ]
      ikLinks: 
        - 
          name: WAIST
          index: 0
          isBaseLink: true
          translation: [ -0.049999365, 1.94941285e-13, 0.699487699 ]
          rotation: [ 
            1, -3.17637355e-22, 1.92520597e-16, 
            1.05879118e-22, 1, 3.96219513e-22, 
            -2.22044605e-16, -3.40603581e-22, 1 ]
        - 
          name: LARM_JOINT6
          index: 12
          translation: [ -0.0692527264, 0.34259001, 0.641208263 ]
          rotation: [ 
            0.73586314, 0.155013979, -0.659148015, 
            -0.323033919, 0.935895086, -0.140532826, 
            0.595108835, 0.316340093, 0.73876547 ]
        - 
          name: RARM_JOINT6
          index: 19
          translation: [ -0.0691880854, -0.342613056, 0.641235511 ]
          rotation: [ 
            0.735810724, -0.155185234, -0.659166232, 
            0.323208742, 0.935844587, 0.140467143, 
            0.595078723, -0.316405519, 0.738761708 ]
        - 
          name: LLEG_JOINT5
          index: 25
          translation: [ -0.045, 0.1, 0.123 ]
          rotation: [ 
            0.999999986, 6.08096499e-07, -0.000170083999, 
            -6.08100941e-07, 1, -2.60688933e-08, 
            0.000170083999, 2.61723212e-08, 0.999999986 ]
          isTouching: true
          partingDirection: [ 0, 0, 1 ]
        - 
          name: RLEG_JOINT5
          index: 31
          translation: [ -0.045, -0.1, 0.123 ]
          rotation: [ 
            0.999999986, 6.1226933e-07, -0.000170083999, 
            -6.12273496e-07, 1, -2.44387269e-08, 
            0.000170083999, 2.45428645e-08, 0.999999986 ]
          isTouching: true
          partingDirection: [ 0, 0, 1 ]
