# Body pose sequence format version 1.0 defined by cnoid-Robotics

type: PoseSeq
name: "jump-350msec"
targetBody: "JAXON_BLUE"
refs: 
  - 
    time: 0
    refer: 
      type: Pose
      name: ""
      joints: [ 
        0, 1, 2, 3, 4, 5, 6, 7, 8, 9, 
        10, 11, 12, 13, 14, 15, 16, 17, 18, 19, 
        20, 21, 22, 23, 24, 25, 26, 27, 28, 29, 
        30 ]
      q: [ 
        6.46044284e-21, 1.72215893e-19, -0.272453752, 0.681396503, -0.408942752, -2.18174205e-19, 6.46044284e-21, 1.72215893e-19, -0.272453752, 0.681396503, 
        -0.408942752, -2.18174205e-19, 0, 0, 0, 0, 0, 0.698132, -0.349066, -0.087266, 
        -1.396263, 0, 0, 0, 0.698132, 0.349066, 0.087266, -1.396263, 0, 0, 
        0 ]
      ikLinks: 
        - 
          name: WAIST
          index: 0
          isBaseLink: true
          translation: [ 0.05, 0, 0.9775 ]
          rotation: [ 
            1, 0, -1.66533454e-16, 
            0, 1, 0, 
            1.66533454e-16, 0, 1 ]
        - 
          name: LARM_JOINT6
          index: 12
          translation: [ 0.0337069775, 0.342278723, 0.919338074 ]
          rotation: [ 
            0.730689996, 0.152245103, -0.665517511, 
            -0.322602529, 0.936116794, -0.140046267, 
            0.601680761, 0.317028039, 0.733125832 ]
        - 
          name: RARM_JOINT6
          index: 19
          translation: [ 0.0337069775, -0.342278723, 0.919338074 ]
          rotation: [ 
            0.730689996, -0.152245103, -0.665517511, 
            0.322602529, 0.936116794, 0.140046267, 
            0.601680761, -0.317028039, 0.733125832 ]
        - 
          name: LLEG_JOINT5
          index: 25
          translation: [ -0.00679950774, 0.1, 0.103500173 ]
          rotation: [ 
            1, -6.46044284e-21, 5.96189764e-14, 
            6.46044284e-21, 1, 4.5958312e-20, 
            -5.96189764e-14, -4.5958312e-20, 1 ]
          isTouching: true
          partingDirection: [ 0, 0, 1 ]
        - 
          name: RLEG_JOINT5
          index: 31
          translation: [ -0.00679950774, -0.1, 0.103500173 ]
          rotation: [ 
            1, -6.46044284e-21, 5.96189764e-14, 
            6.46044284e-21, 1, 4.5958312e-20, 
            -5.96189764e-14, -4.5958312e-20, 1 ]
          isTouching: true
          partingDirection: [ 0, 0, 1 ]
  - 
    time: 1
    refer: 
      type: Pose
      name: ""
      joints: [ 
        0, 1, 2, 3, 4, 5, 6, 7, 8, 9, 
        10, 11, 12, 13, 14, 15, 16, 17, 18, 19, 
        20, 21, 22, 23, 24, 25, 26, 27, 28, 29, 
        30 ]
      q: [ 
        -3.91718717e-20, -1.13282108e-18, -0.497075116, 1.13435661, -0.637281491, 1.37396675e-18, -3.91724221e-20, -1.13294159e-18, -0.497075116, 1.13435661, 
        -0.637281491, 1.37411304e-18, 0, 0, 0, 0, 0, 0.698132, -0.349066, -0.087266, 
        -1.396263, 0, 0, 0, 0.698132, 0.349066, 0.087266, -1.396263, 0, 0, 
        0 ]
      ikLinks: 
        - 
          name: WAIST
          index: 0
          isBaseLink: true
          translation: [ 0.05, 0, 0.9 ]
          rotation: [ 
            1, 7.75826272e-37, -1.11022302e-16, 
            -7.75826272e-37, 1, 1.50463277e-36, 
            1.11022302e-16, -1.50463277e-36, 1 ]
        - 
          name: LARM_JOINT6
          index: 12
          translation: [ 0.0337069775, 0.342278723, 0.841838074 ]
          rotation: [ 
            0.730689996, 0.152245103, -0.665517511, 
            -0.322602529, 0.936116794, -0.140046267, 
            0.601680761, 0.317028039, 0.733125832 ]
        - 
          name: RARM_JOINT6
          index: 19
          translation: [ 0.0337069775, -0.342278723, 0.841838074 ]
          rotation: [ 
            0.730689996, -0.152245103, -0.665517511, 
            0.322602529, 0.936116794, 0.140046267, 
            0.601680761, -0.317028039, 0.733125832 ]
        - 
          name: LLEG_JOINT5
          index: 25
          translation: [ -0.00679956042, 0.1, 0.103500684 ]
          rotation: [ 
            1, 3.91724207e-20, -9.9992975e-10, 
            -3.9172421e-20, 1, -2.41171454e-19, 
            9.9992975e-10, 2.41171454e-19, 1 ]
          isTouching: true
          partingDirection: [ 0, 0, 1 ]
        - 
          name: RLEG_JOINT5
          index: 31
          translation: [ -0.00679956042, -0.1, 0.103500684 ]
          rotation: [ 
            1, 3.91718703e-20, -9.9992975e-10, 
            -3.91718705e-20, 1, -2.41145673e-19, 
            9.9992975e-10, 2.41145673e-19, 1 ]
          isTouching: true
          partingDirection: [ 0, 0, 1 ]
  - 
    time: 1.176
    refer: 
      type: Pose
      name: ""
      joints: [ 
        0, 1, 2, 3, 4, 5, 6, 7, 8, 9, 
        10, 11, 12, 13, 14, 15, 16, 17, 18, 19, 
        20, 21, 22, 23, 24, 25, 26, 27, 28, 29, 
        30 ]
      q: [ 
        2.40580718e-19, 3.57139309e-18, -0.268652672, 0.673807459, -0.405154787, -4.59118349e-18, 2.40580718e-19, 3.57139308e-18, -0.268652672, 0.673807459, 
        -0.405154787, -4.59118348e-18, 0, 0, 0, 0, 0, 0.698131701, -0.34906585, -0.0872664626, 
        -1.3962634, 0, 0, 0, 0.698131701, 0.34906585, 0.0872664626, -1.3962634, 0, 0, 
        0 ]
      ikLinks: 
        - 
          name: WAIST
          index: 0
          isBaseLink: true
          translation: [ 0.05, 0, 1.04998536 ]
          rotation: [ 
            1, 2.40717826e-34, -5.55165683e-17, 
            -2.40717826e-34, 1, -3.85148253e-34, 
            5.55165683e-17, 3.85148253e-34, 1 ]
        - 
          name: LARM_JOINT6
          index: 12
          translation: [ 0.0337071851, 0.342278749, 0.991823511 ]
          rotation: [ 
            0.730689593, 0.152244556, -0.665518079, 
            -0.322602371, 0.936116807, -0.140046544, 
            0.601681335, 0.317028262, 0.733125264 ]
        - 
          name: RARM_JOINT6
          index: 19
          translation: [ 0.0337071851, -0.342278749, 0.991823511 ]
          rotation: [ 
            0.730689593, -0.152244556, -0.665518079, 
            0.322602371, 0.936116807, 0.140046544, 
            0.601681335, -0.317028262, 0.733125264 ]
        - 
          name: LLEG_JOINT5
          index: 25
          translation: [ -0.00679999002, 0.1, 0.174999633 ]
          rotation: [ 
            1, -2.40580718e-19, 2.0639046e-13, 
            2.40580718e-19, 1, 1.01979039e-18, 
            -2.0639046e-13, -1.01979039e-18, 1 ]
        - 
          name: RLEG_JOINT5
          index: 31
          translation: [ -0.00679999002, -0.1, 0.174999633 ]
          rotation: [ 
            1, -2.40580718e-19, 2.0639046e-13, 
            2.40580718e-19, 1, 1.0197904e-18, 
            -2.0639046e-13, -1.0197904e-18, 1 ]
  - 
    time: 1.35
    refer: 
      type: Pose
      name: ""
      joints: [ 
        0, 1, 2, 3, 4, 5, 6, 7, 8, 9, 
        10, 11, 12, 13, 14, 15, 16, 17, 18, 19, 
        20, 21, 22, 23, 24, 25, 26, 27, 28, 29, 
        30 ]
      q: [ 
        -5.68585554e-20, -1.70757881e-18, -0.497074506, 1.13435522, -0.637280711, 2.07529877e-18, -5.68585554e-20, -1.70757881e-18, -0.497074506, 1.13435522, 
        -0.637280711, 2.07529877e-18, 0, 0, 0, 0, 0, 0.698132, -0.349066, -0.087266, 
        -1.396263, 0, 0, 0, 0.698132, 0.349066, 0.087266, -1.396263, 0, 0, 
        0 ]
      ikLinks: 
        - 
          name: WAIST
          index: 0
          isBaseLink: true
          translation: [ 0.05, 0, 0.9 ]
          rotation: [ 
            1, -3.71456215e-36, -3.33066907e-16, 
            3.71456215e-36, 1, 0, 
            3.33066907e-16, -1.23719773e-51, 1 ]
        - 
          name: LARM_JOINT6
          index: 12
          translation: [ 0.0337069775, 0.342278723, 0.841838074 ]
          rotation: [ 
            0.730689996, 0.152245103, -0.665517511, 
            -0.322602529, 0.936116794, -0.140046267, 
            0.601680761, 0.317028039, 0.733125832 ]
        - 
          name: RARM_JOINT6
          index: 19
          translation: [ 0.0337069775, -0.342278723, 0.841838074 ]
          rotation: [ 
            0.730689996, -0.152245103, -0.665517511, 
            0.322602529, 0.936116794, 0.140046267, 
            0.601680761, -0.317028039, 0.733125832 ]
        - 
          name: LLEG_JOINT5
          index: 25
          translation: [ -0.0067995134, 0.1, 0.103500388 ]
          rotation: [ 
            1, 5.68585533e-20, -9.99929861e-10, 
            -5.68585537e-20, 1, -3.67719966e-19, 
            9.99929861e-10, 3.67719966e-19, 1 ]
          isTouching: true
          partingDirection: [ 0, 0, 1 ]
        - 
          name: RLEG_JOINT5
          index: 31
          translation: [ -0.0067995134, -0.1, 0.103500388 ]
          rotation: [ 
            1, 5.68585533e-20, -9.99929861e-10, 
            -5.68585537e-20, 1, -3.67719966e-19, 
            9.99929861e-10, 3.67719966e-19, 1 ]
          isTouching: true
          partingDirection: [ 0, 0, 1 ]
  - 
    time: 1.8
    refer: 
      type: Pose
      name: ""
      joints: [ 
        0, 1, 2, 3, 4, 5, 6, 7, 8, 9, 
        10, 11, 12, 13, 14, 15, 16, 17, 18, 19, 
        20, 21, 22, 23, 24, 25, 26, 27, 28, 29, 
        30 ]
      q: [ 
        -2.05878638e-19, -7.70173431e-18, -0.85323871, 1.88409913, -1.03086043, 8.79575409e-18, -2.05878638e-19, -7.70173431e-18, -0.85323871, 1.88409913, 
        -1.03086043, 8.79575409e-18, 0, 0, 0, 0, 0, 0.698132, -0.349066, -0.087266, 
        -1.396263, 0, 0, 0, 0.698132, 0.349066, 0.087266, -1.396263, 0, 0, 
        0 ]
      ikLinks: 
        - 
          name: WAIST
          index: 0
          isBaseLink: true
          translation: [ 0.05, 2.77555756e-17, 0.7 ]
          rotation: [ 
            1, -1.20370622e-34, -1.66533454e-16, 
            1.01111322e-33, 1, 1.54074396e-33, 
            1.66533454e-16, 3.04720223e-33, 1 ]
        - 
          name: LARM_JOINT6
          index: 12
          translation: [ 0.0337069775, 0.342278723, 0.641838074 ]
          rotation: [ 
            0.730689996, 0.152245103, -0.665517511, 
            -0.322602529, 0.936116794, -0.140046267, 
            0.601680761, 0.317028039, 0.733125832 ]
        - 
          name: RARM_JOINT6
          index: 19
          translation: [ 0.0337069775, -0.342278723, 0.641838074 ]
          rotation: [ 
            0.730689996, -0.152245103, -0.665517511, 
            0.322602529, 0.936116794, 0.140046267, 
            0.601680761, -0.317028039, 0.733125832 ]
        - 
          name: LLEG_JOINT5
          index: 25
          translation: [ -0.00679935079, 0.1, 0.103499921 ]
          rotation: [ 
            1, 2.05878603e-19, -3.99982031e-09, 
            -2.05878607e-19, 1, -1.09401978e-18, 
            3.99982031e-09, 1.09401978e-18, 1 ]
          isTouching: true
          partingDirection: [ 0, 0, 1 ]
        - 
          name: RLEG_JOINT5
          index: 31
          translation: [ -0.00679935079, -0.1, 0.103499921 ]
          rotation: [ 
            1, 2.05878603e-19, -3.99982031e-09, 
            -2.05878607e-19, 1, -1.09401978e-18, 
            3.99982031e-09, 1.09401978e-18, 1 ]
          isTouching: true
          partingDirection: [ 0, 0, 1 ]
