# Body pose sequence format version 1.0 defined by cnoid-Robotics

type: PoseSeq
name: "jump-350msec"
targetBody: "JAXON_BLUE"
refs: 
  - 
    time: 0
    refer: 
      type: Pose
      name: ""
      joints: [ 
        0, 1, 2, 3, 4, 5, 6, 7, 8, 9, 
        10, 11, 12, 13, 14, 15, 16, 17, 18, 19, 
        20, 21, 22, 23, 24, 25, 26, 27, 28, 29, 
        30 ]
      q: [ 
        1.90226153e-19, 4.6590047e-18, -0.291687718, 0.687644268, -0.395956552, -5.90674691e-18, 1.9399532e-19, 4.75821124e-18, -0.291687718, 0.687644268, 
        -0.395956552, -6.03253236e-18, 0, 0, 0, 0, 0, 0.698132, -0.349066, -0.087266, 
        -1.396263, 0, 0, 0, 0.698132, 0.349066, 0.087266, -1.396263, 0, 0, 
        0 ]
      ikLinks: 
        - 
          name: WAIST
          index: 0
          isBaseLink: true
          translation: [ 2.49800181e-18, 0, 0.9775 ]
          rotation: [ 
            1, -7.22223729e-35, -2.77555756e-16, 
            -1.6851887e-34, 1, 1.54074396e-33, 
            2.77555756e-16, 1.59354232e-33, 1 ]
        - 
          name: LARM_JOINT6
          index: 12
          translation: [ -0.0162930225, 0.342278723, 0.919338074 ]
          rotation: [ 
            0.730689996, 0.152245103, -0.665517511, 
            -0.322602529, 0.936116794, -0.140046267, 
            0.601680761, 0.317028039, 0.733125832 ]
        - 
          name: RARM_JOINT6
          index: 19
          translation: [ -0.0162930225, -0.342278723, 0.919338074 ]
          rotation: [ 
            0.730689996, -0.152245103, -0.665517511, 
            0.322602529, 0.936116794, 0.140046267, 
            0.601680761, -0.317028039, 0.733125832 ]
        - 
          name: LLEG_JOINT5
          index: 25
          translation: [ -0.0450001185, 0.1, 0.103500015 ]
          rotation: [ 
            1, -1.93995314e-19, -1.00001329e-09, 
            1.93995316e-19, 1, 1.27432112e-18, 
            1.00001329e-09, -1.27432112e-18, 1 ]
          isTouching: true
          partingDirection: [ 0, 0, 1 ]
        - 
          name: RLEG_JOINT5
          index: 31
          translation: [ -0.0450001185, -0.1, 0.103500015 ]
          rotation: [ 
            1, -1.90226147e-19, -1.00001335e-09, 
            1.90226148e-19, 1, 1.24774221e-18, 
            1.00001335e-09, -1.24774221e-18, 1 ]
          isTouching: true
          partingDirection: [ 0, 0, 1 ]
  - 
    time: 0.2
    refer: 
      type: Pose
      name: ""
      joints: [ 
        0, 1, 2, 3, 4, 5, 6, 7, 8, 9, 
        10, 11, 12, 13, 14, 15, 16, 17, 18, 19, 
        20, 21, 22, 23, 24, 25, 26, 27, 28, 29, 
        30 ]
      q: [ 
        1.90226153e-19, 4.6590047e-18, -0.291687718, 0.687644268, -0.395956552, -5.90674691e-18, 1.9399532e-19, 4.75821124e-18, -0.291687718, 0.687644268, 
        -0.395956552, -6.03253236e-18, 0, 0, 0, 0, 0, 0.698132, -0.349066, -0.087266, 
        -1.396263, 0, 0, 0, 0.698132, 0.349066, 0.087266, -1.396263, 0, 0, 
        0 ]
      ikLinks: 
        - 
          name: WAIST
          index: 0
          isBaseLink: true
          translation: [ 2.49800181e-18, 0, 0.9775 ]
          rotation: [ 
            1, -7.22223729e-35, -2.77555756e-16, 
            -1.6851887e-34, 1, 1.54074396e-33, 
            2.77555756e-16, 1.59354232e-33, 1 ]
        - 
          name: LARM_JOINT6
          index: 12
          translation: [ -0.0162930225, 0.342278723, 0.919338074 ]
          rotation: [ 
            0.730689996, 0.152245103, -0.665517511, 
            -0.322602529, 0.936116794, -0.140046267, 
            0.601680761, 0.317028039, 0.733125832 ]
        - 
          name: RARM_JOINT6
          index: 19
          translation: [ -0.0162930225, -0.342278723, 0.919338074 ]
          rotation: [ 
            0.730689996, -0.152245103, -0.665517511, 
            0.322602529, 0.936116794, 0.140046267, 
            0.601680761, -0.317028039, 0.733125832 ]
        - 
          name: LLEG_JOINT5
          index: 25
          translation: [ -0.0450001185, 0.1, 0.103500015 ]
          rotation: [ 
            1, -1.93995314e-19, -1.00001329e-09, 
            1.93995316e-19, 1, 1.27432112e-18, 
            1.00001329e-09, -1.27432112e-18, 1 ]
          isTouching: true
          partingDirection: [ 0, 0, 1 ]
        - 
          name: RLEG_JOINT5
          index: 31
          translation: [ -0.0450001185, -0.1, 0.103500015 ]
          rotation: [ 
            1, -1.90226147e-19, -1.00001335e-09, 
            1.90226148e-19, 1, 1.24774221e-18, 
            1.00001335e-09, -1.24774221e-18, 1 ]
          isTouching: true
          partingDirection: [ 0, 0, 1 ]
  - 
    time: 1
    refer: 
      type: Pose
      name: ""
      joints: [ 
        0, 1, 2, 3, 4, 5, 6, 7, 8, 9, 
        10, 11, 12, 13, 14, 15, 16, 17, 18, 19, 
        20, 21, 22, 23, 24, 25, 26, 27, 28, 29, 
        30 ]
      q: [ 
        -1.44111005e-19, -4.27751731e-18, -0.550268453, 1.14377469, -0.593506236, 5.19344875e-18, -1.55613585e-19, -4.54414702e-18, -0.550268453, 1.14377469, 
        -0.593506236, 5.51725903e-18, 0, 0, 0, 0, 0, 0.698132, -0.349066, -0.087266, 
        -1.396263, 0, 0, 0, 0.698132, 0.349066, 0.087266, -1.396263, 0, 0, 
        0 ]
      ikLinks: 
        - 
          name: WAIST
          index: 0
          isBaseLink: true
          translation: [ -0.02, 0, 0.9 ]
          rotation: [ 
            1, 1.03518735e-33, 2.22044605e-16, 
            -3.85185989e-34, 1, 0, 
            -2.22044605e-16, 3.19990713e-35, 1 ]
        - 
          name: LARM_JOINT6
          index: 12
          translation: [ -0.0362930225, 0.342278723, 0.841838074 ]
          rotation: [ 
            0.730689996, 0.152245103, -0.665517511, 
            -0.322602529, 0.936116794, -0.140046267, 
            0.601680761, 0.317028039, 0.733125832 ]
        - 
          name: RARM_JOINT6
          index: 19
          translation: [ -0.0362930225, -0.342278723, 0.841838074 ]
          rotation: [ 
            0.730689996, -0.152245103, -0.665517511, 
            0.322602529, 0.936116794, 0.140046267, 
            0.601680761, -0.317028039, 0.733125832 ]
        - 
          name: LLEG_JOINT5
          index: 25
          translation: [ -0.0450003217, 0.1, 0.103500077 ]
          rotation: [ 
            1, 1.55613601e-19, 2.99995678e-09, 
            -1.55613598e-19, 1, -9.73112018e-19, 
            -2.99995678e-09, 9.73112017e-19, 1 ]
          isTouching: true
          partingDirection: [ 0, 0, 1 ]
        - 
          name: RLEG_JOINT5
          index: 31
          translation: [ -0.0450003217, -0.1, 0.103500077 ]
          rotation: [ 
            1, 1.44111021e-19, 2.99995628e-09, 
            -1.44111018e-19, 1, -9.1593144e-19, 
            -2.99995628e-09, 9.15931439e-19, 1 ]
          isTouching: true
          partingDirection: [ 0, 0, 1 ]
  - 
    time: 1.176
    refer: 
      type: Pose
      name: ""
      joints: [ 
        0, 1, 2, 3, 4, 5, 6, 7, 8, 9, 
        10, 11, 12, 13, 14, 15, 16, 17, 18, 19, 
        20, 21, 22, 23, 24, 25, 26, 27, 28, 29, 
        30 ]
      q: [ 
        3.63265243e-19, 8.24442536e-18, -0.318776756, 0.687297324, -0.368520568, -1.05248928e-17, 3.63265243e-19, 8.24442535e-18, -0.318776756, 0.687297324, 
        -0.368520568, -1.05248928e-17, 0, 0, 0, 0, 0, 0.698131701, -0.34906585, -0.0872664626, 
        -1.3962634, 0, 0, 0, 0.698131701, 0.34906585, 0.0872664626, -1.3962634, 0, 0, 
        0 ]
      ikLinks: 
        - 
          name: WAIST
          index: 0
          isBaseLink: true
          translation: [ -0.02, 0, 1.05 ]
          rotation: [ 
            1, -3.85185989e-34, -5.55111512e-17, 
            -3.85185989e-34, 1, 1.54074396e-33, 
            5.55111512e-17, 2.01652718e-35, 1 ]
        - 
          name: LARM_JOINT6
          index: 12
          translation: [ -0.0362928149, 0.342278749, 0.991838149 ]
          rotation: [ 
            0.730689593, 0.152244556, -0.665518079, 
            -0.322602371, 0.936116807, -0.140046544, 
            0.601681335, 0.317028262, 0.733125264 ]
        - 
          name: RARM_JOINT6
          index: 19
          translation: [ -0.0362928149, -0.342278749, 0.991838149 ]
          rotation: [ 
            0.730689593, -0.152244556, -0.665518079, 
            0.322602371, 0.936116807, 0.140046544, 
            0.601681335, -0.317028262, 0.733125264 ]
        - 
          name: LLEG_JOINT5
          index: 25
          translation: [ -0.0450003208, 0.1, 0.175000066 ]
          rotation: [ 
            1, -3.63265243e-19, -3.65263375e-14, 
            3.63265243e-19, 1, 2.28046748e-18, 
            3.65263375e-14, -2.28046748e-18, 1 ]
        - 
          name: RLEG_JOINT5
          index: 31
          translation: [ -0.0450003208, -0.1, 0.175000066 ]
          rotation: [ 
            1, -3.63265243e-19, -3.65263375e-14, 
            3.63265243e-19, 1, 2.28046748e-18, 
            3.65263375e-14, -2.28046748e-18, 1 ]
  - 
    time: 1.35
    refer: 
      type: Pose
      name: ""
      joints: [ 
        0, 1, 2, 3, 4, 5, 6, 7, 8, 9, 
        10, 11, 12, 13, 14, 15, 16, 17, 18, 19, 
        20, 21, 22, 23, 24, 25, 26, 27, 28, 29, 
        30 ]
      q: [ 
        -3.80107969e-19, -1.17008931e-17, -0.550268637, 1.14377507, -0.593506432, 1.42153541e-17, -5.05420181e-19, -1.53434435e-17, -0.550268637, 1.14377507, 
        -0.593506432, 1.86395603e-17, 0, 0, 0, 0, 0, 0.698132, -0.349066, -0.087266, 
        -1.396263, 0, 0, 0, 0.698132, 0.349066, 0.087266, -1.396263, 0, 0, 
        0 ]
      ikLinks: 
        - 
          name: WAIST
          index: 0
          isBaseLink: true
          translation: [ -0.02, 0, 0.9 ]
          rotation: [ 
            1, 1.49259571e-33, -1.11022302e-16, 
            8.18520226e-34, 1, -3.08148791e-33, 
            1.11022302e-16, -1.58294442e-33, 1 ]
        - 
          name: LARM_JOINT6
          index: 12
          translation: [ -0.0362930225, 0.342278723, 0.841838074 ]
          rotation: [ 
            0.730689996, 0.152245103, -0.665517511, 
            -0.322602529, 0.936116794, -0.140046267, 
            0.601680761, 0.317028039, 0.733125832 ]
        - 
          name: RARM_JOINT6
          index: 19
          translation: [ -0.0362930225, -0.342278723, 0.841838074 ]
          rotation: [ 
            0.730689996, -0.152245103, -0.665517511, 
            0.322602529, 0.936116794, 0.140046267, 
            0.601680761, -0.317028039, 0.733125832 ]
        - 
          name: LLEG_JOINT5
          index: 25
          translation: [ -0.0450003272, 0.1, 0.103500158 ]
          rotation: [ 
            1, 5.05420236e-19, 2.99995612e-09, 
            -5.05420227e-19, 1, -3.29611686e-18, 
            -2.99995612e-09, 3.29611686e-18, 1 ]
          isTouching: true
          partingDirection: [ 0, 0, 1 ]
        - 
          name: RLEG_JOINT5
          index: 31
          translation: [ -0.0450003272, -0.1, 0.103500158 ]
          rotation: [ 
            1, 3.80108012e-19, 2.99995634e-09, 
            -3.80108004e-19, 1, -2.51446099e-18, 
            -2.99995634e-09, 2.51446099e-18, 1 ]
          isTouching: true
          partingDirection: [ 0, 0, 1 ]
  - 
    time: 1.8
    refer: 
      type: Pose
      name: ""
      joints: [ 
        0, 1, 2, 3, 4, 5, 6, 7, 8, 9, 
        10, 11, 12, 13, 14, 15, 16, 17, 18, 19, 
        20, 21, 22, 23, 24, 25, 26, 27, 28, 29, 
        30 ]
      q: [ 
        -1.03181489e-18, 1.89761894e-17, -1.10331176, 2.04843882, -0.945127068, -1.47204655e-17, -1.22461168e-18, 9.47850618e-18, -1.10331176, 2.04843882, 
        -0.945127068, -4.34982213e-18, 0, 0, 0, 0, 0, 0.698132, -0.349066, -0.087266, 
        -1.396263, 0, 0, 0, 0.698132, 0.349066, 0.087266, -1.396263, 0, 0, 
        0 ]
      ikLinks: 
        - 
          name: WAIST
          index: 0
          isBaseLink: true
          translation: [ -0.06, 0, 0.65 ]
          rotation: [ 
            1, 3.85185989e-33, -2.22044605e-16, 
            -2.11852294e-33, 1, 0, 
            2.22044605e-16, 2.85237898e-33, 1 ]
        - 
          name: LARM_JOINT6
          index: 12
          translation: [ -0.0762930225, 0.342278723, 0.591838074 ]
          rotation: [ 
            0.730689996, 0.152245103, -0.665517511, 
            -0.322602529, 0.936116794, -0.140046267, 
            0.601680761, 0.317028039, 0.733125832 ]
        - 
          name: RARM_JOINT6
          index: 19
          translation: [ -0.0762930225, -0.342278723, 0.591838074 ]
          rotation: [ 
            0.730689996, -0.152245103, -0.665517511, 
            0.322602529, 0.936116794, 0.140046267, 
            0.601680761, -0.317028039, 0.733125832 ]
        - 
          name: LLEG_JOINT5
          index: 25
          translation: [ -0.0450007635, 0.1, 0.103500016 ]
          rotation: [ 
            1, 1.22461175e-18, -1.39999557e-08, 
            -1.22461182e-18, 1, -5.12868403e-18, 
            1.39999557e-08, 5.12868405e-18, 1 ]
          isTouching: true
          partingDirection: [ 0, 0, 1 ]
        - 
          name: RLEG_JOINT5
          index: 31
          translation: [ -0.0450007635, -0.1, 0.103500016 ]
          rotation: [ 
            1, 1.0318151e-18, -1.39999553e-08, 
            -1.03181516e-18, 1, -4.25572386e-18, 
            1.39999553e-08, 4.25572387e-18, 1 ]
          isTouching: true
          partingDirection: [ 0, 0, 1 ]
  - 
    time: 2
    refer: 
      type: Pose
      name: ""
      joints: [ 
        0, 1, 2, 3, 4, 5, 6, 7, 8, 9, 
        10, 11, 12, 13, 14, 15, 16, 17, 18, 19, 
        20, 21, 22, 23, 24, 25, 26, 27, 28, 29, 
        30 ]
      q: [ 
        -1.03181489e-18, 1.89761894e-17, -1.10331176, 2.04843882, -0.945127068, -1.47204655e-17, -1.22461168e-18, 9.47850618e-18, -1.10331176, 2.04843882, 
        -0.945127068, -4.34982213e-18, 0, 0, 0, 0, 0, 0.698132, -0.349066, -0.087266, 
        -1.396263, 0, 0, 0, 0.698132, 0.349066, 0.087266, -1.396263, 0, 0, 
        0 ]
      ikLinks: 
        - 
          name: WAIST
          index: 0
          isBaseLink: true
          translation: [ -0.06, 0, 0.65 ]
          rotation: [ 
            1, 3.4666739e-33, -2.22044605e-16, 
            -1.54074396e-33, 1, -3.08148791e-33, 
            2.22044605e-16, 2.85237898e-33, 1 ]
        - 
          name: LARM_JOINT6
          index: 12
          translation: [ -0.0762930225, 0.342278723, 0.591838074 ]
          rotation: [ 
            0.730689996, 0.152245103, -0.665517511, 
            -0.322602529, 0.936116794, -0.140046267, 
            0.601680761, 0.317028039, 0.733125832 ]
        - 
          name: RARM_JOINT6
          index: 19
          translation: [ -0.0762930225, -0.342278723, 0.591838074 ]
          rotation: [ 
            0.730689996, -0.152245103, -0.665517511, 
            0.322602529, 0.936116794, 0.140046267, 
            0.601680761, -0.317028039, 0.733125832 ]
        - 
          name: LLEG_JOINT5
          index: 25
          translation: [ -0.0450007635, 0.1, 0.103500016 ]
          rotation: [ 
            1, 1.22461175e-18, -1.39999557e-08, 
            -1.22461182e-18, 1, -5.12868403e-18, 
            1.39999557e-08, 5.12868405e-18, 1 ]
          isTouching: true
          partingDirection: [ 0, 0, 1 ]
        - 
          name: RLEG_JOINT5
          index: 31
          translation: [ -0.0450007635, -0.1, 0.103500016 ]
          rotation: [ 
            1, 1.0318151e-18, -1.39999553e-08, 
            -1.03181516e-18, 1, -4.25572386e-18, 
            1.39999553e-08, 4.25572387e-18, 1 ]
          isTouching: true
          partingDirection: [ 0, 0, 1 ]
