# Body pose sequence format version 1.0 defined by cnoid-Robotics

type: PoseSeq
name: "jump-150msec"
targetBody: "JAXON_BLUE"
refs: 
  - 
    time: 0
    refer: 
      type: Pose
      name: ""
      joints: [ 
        0, 1, 2, 3, 4, 5, 6, 7, 8, 9, 
        10, 11, 12, 13, 14, 15, 16, 17, 18, 19, 
        20, 21, 22, 23, 24, 25, 26, 27, 28, 29, 
        30 ]
      q: [ 
        6.46044284e-21, 1.72215893e-19, -0.272453752, 0.681396503, -0.408942752, -2.18174205e-19, 6.46044284e-21, 1.72215893e-19, -0.272453752, 0.681396503, 
        -0.408942752, -2.18174205e-19, 0, 0, 0, 0, 0, 0.698132, -0.349066, -0.087266, 
        -1.396263, 0, 0, 0, 0.698132, 0.349066, 0.087266, -1.396263, 0, 0, 
        0 ]
      ikLinks: 
        - 
          name: WAIST
          index: 0
          isBaseLink: true
          translation: [ 0.05, 0, 0.9775 ]
          rotation: [ 
            1, 0, -1.66533454e-16, 
            0, 1, 0, 
            1.66533454e-16, 0, 1 ]
        - 
          name: LARM_JOINT6
          index: 12
          translation: [ 0.0337069775, 0.342278723, 0.919338074 ]
          rotation: [ 
            0.730689996, 0.152245103, -0.665517511, 
            -0.322602529, 0.936116794, -0.140046267, 
            0.601680761, 0.317028039, 0.733125832 ]
        - 
          name: RARM_JOINT6
          index: 19
          translation: [ 0.0337069775, -0.342278723, 0.919338074 ]
          rotation: [ 
            0.730689996, -0.152245103, -0.665517511, 
            0.322602529, 0.936116794, 0.140046267, 
            0.601680761, -0.317028039, 0.733125832 ]
        - 
          name: LLEG_JOINT5
          index: 25
          translation: [ -0.00679950774, 0.1, 0.103500173 ]
          rotation: [ 
            1, -6.46044284e-21, 5.96189764e-14, 
            6.46044284e-21, 1, 4.5958312e-20, 
            -5.96189764e-14, -4.5958312e-20, 1 ]
          isTouching: true
          partingDirection: [ 0, 0, 1 ]
        - 
          name: RLEG_JOINT5
          index: 31
          translation: [ -0.00679950774, -0.1, 0.103500173 ]
          rotation: [ 
            1, -6.46044284e-21, 5.96189764e-14, 
            6.46044284e-21, 1, 4.5958312e-20, 
            -5.96189764e-14, -4.5958312e-20, 1 ]
          isTouching: true
          partingDirection: [ 0, 0, 1 ]
  - 
    time: 1
    refer: 
      type: Pose
      name: ""
      joints: [ 
        0, 1, 2, 3, 4, 5, 6, 7, 8, 9, 
        10, 11, 12, 13, 14, 15, 16, 17, 18, 19, 
        20, 21, 22, 23, 24, 25, 26, 27, 28, 29, 
        30 ]
      q: [ 
        -3.91718717e-20, -1.13282108e-18, -0.497075116, 1.13435661, -0.637281491, 1.37396675e-18, -3.91724221e-20, -1.13294159e-18, -0.497075116, 1.13435661, 
        -0.637281491, 1.37411304e-18, 0, 0, 0, 0, 0, 0.698132, -0.349066, -0.087266, 
        -1.396263, 0, 0, 0, 0.698132, 0.349066, 0.087266, -1.396263, 0, 0, 
        0 ]
      ikLinks: 
        - 
          name: WAIST
          index: 0
          isBaseLink: true
          translation: [ 0.05, 0, 0.9 ]
          rotation: [ 
            1, 7.75826272e-37, -1.11022302e-16, 
            -7.75826272e-37, 1, 1.50463277e-36, 
            1.11022302e-16, -1.50463277e-36, 1 ]
        - 
          name: LARM_JOINT6
          index: 12
          translation: [ 0.0337069775, 0.342278723, 0.841838074 ]
          rotation: [ 
            0.730689996, 0.152245103, -0.665517511, 
            -0.322602529, 0.936116794, -0.140046267, 
            0.601680761, 0.317028039, 0.733125832 ]
        - 
          name: RARM_JOINT6
          index: 19
          translation: [ 0.0337069775, -0.342278723, 0.841838074 ]
          rotation: [ 
            0.730689996, -0.152245103, -0.665517511, 
            0.322602529, 0.936116794, 0.140046267, 
            0.601680761, -0.317028039, 0.733125832 ]
        - 
          name: LLEG_JOINT5
          index: 25
          translation: [ -0.00679956042, 0.1, 0.103500684 ]
          rotation: [ 
            1, 3.91724207e-20, -9.9992975e-10, 
            -3.9172421e-20, 1, -2.41171454e-19, 
            9.9992975e-10, 2.41171454e-19, 1 ]
          isTouching: true
          partingDirection: [ 0, 0, 1 ]
        - 
          name: RLEG_JOINT5
          index: 31
          translation: [ -0.00679956042, -0.1, 0.103500684 ]
          rotation: [ 
            1, 3.91718703e-20, -9.9992975e-10, 
            -3.91718705e-20, 1, -2.41145673e-19, 
            9.9992975e-10, 2.41145673e-19, 1 ]
          isTouching: true
          partingDirection: [ 0, 0, 1 ]
  - 
    time: 1.074
    refer: 
      type: Pose
      name: ""
      joints: [ 
        0, 1, 2, 3, 4, 5, 6, 7, 8, 9, 
        10, 11, 12, 13, 14, 15, 16, 17, 18, 19, 
        20, 21, 22, 23, 24, 25, 26, 27, 28, 29, 
        30 ]
      q: [ 
        -8.82484111e-20, -2.37640615e-18, -0.439358113, 1.01704864, -0.577690525, 2.91143162e-18, -7.18625092e-20, -1.86282653e-18, -0.439359236, 1.01705091, 
        -0.577691669, 2.28569995e-18, 0, 0, 0, 0, 0, 0.698132, -0.349066, -0.087266, 
        -1.396263, 0, 0, 0, 0.698132, 0.349066, 0.087266, -1.396263, 0, 0, 
        0 ]
      ikLinks: 
        - 
          name: WAIST
          index: 0
          isBaseLink: true
          translation: [ 0.05, 0, 0.93 ]
          rotation: [ 
            1, 7.94446102e-34, -1.11022302e-16, 
            -9.75002034e-34, 1, -1.54074396e-33, 
            1.11022302e-16, 3.77207648e-34, 1 ]
        - 
          name: LARM_JOINT6
          index: 12
          translation: [ 0.0337069775, 0.342278723, 0.871838074 ]
          rotation: [ 
            0.730689996, 0.152245103, -0.665517511, 
            -0.322602529, 0.936116794, -0.140046267, 
            0.601680761, 0.317028039, 0.733125832 ]
        - 
          name: RARM_JOINT6
          index: 19
          translation: [ 0.0337069775, -0.342278723, 0.871838074 ]
          rotation: [ 
            0.730689996, -0.152245103, -0.665517511, 
            0.322602529, 0.936116794, 0.140046267, 
            0.601680761, -0.317028039, 0.733125832 ]
        - 
          name: LLEG_JOINT5
          index: 25
          translation: [ -0.00679999489, 0.1, 0.110000551 ]
          rotation: [ 
            1, 7.1862523e-20, 5.99997346e-09, 
            -7.18625204e-20, 1, -4.22873429e-19, 
            -5.99997346e-09, 4.22873428e-19, 1 ]
        - 
          name: RLEG_JOINT5
          index: 31
          translation: [ -0.00679999798, -0.1, 0.11000012 ]
          rotation: [ 
            1, 8.82484285e-20, 5.99997368e-09, 
            -8.82484253e-20, 1, -5.3502547e-19, 
            -5.99997368e-09, 5.35025469e-19, 1 ]
  - 
    time: 1.15
    refer: 
      type: Pose
      name: ""
      joints: [ 
        0, 1, 2, 3, 4, 5, 6, 7, 8, 9, 
        10, 11, 12, 13, 14, 15, 16, 17, 18, 19, 
        20, 21, 22, 23, 24, 25, 26, 27, 28, 29, 
        30 ]
      q: [ 
        -5.68585554e-20, -1.70757881e-18, -0.497074506, 1.13435522, -0.637280711, 2.07529877e-18, -5.68585554e-20, -1.70757881e-18, -0.497074506, 1.13435522, 
        -0.637280711, 2.07529877e-18, 0, 0, 0, 0, 0, 0.698132, -0.349066, -0.087266, 
        -1.396263, 0, 0, 0, 0.698132, 0.349066, 0.087266, -1.396263, 0, 0, 
        0 ]
      ikLinks: 
        - 
          name: WAIST
          index: 0
          isBaseLink: true
          translation: [ 0.05, 0, 0.9 ]
          rotation: [ 
            1, -3.71456215e-36, -3.33066907e-16, 
            3.71456215e-36, 1, 0, 
            3.33066907e-16, -1.23719773e-51, 1 ]
        - 
          name: LARM_JOINT6
          index: 12
          translation: [ 0.0337069775, 0.342278723, 0.841838074 ]
          rotation: [ 
            0.730689996, 0.152245103, -0.665517511, 
            -0.322602529, 0.936116794, -0.140046267, 
            0.601680761, 0.317028039, 0.733125832 ]
        - 
          name: RARM_JOINT6
          index: 19
          translation: [ 0.0337069775, -0.342278723, 0.841838074 ]
          rotation: [ 
            0.730689996, -0.152245103, -0.665517511, 
            0.322602529, 0.936116794, 0.140046267, 
            0.601680761, -0.317028039, 0.733125832 ]
        - 
          name: LLEG_JOINT5
          index: 25
          translation: [ -0.0067995134, 0.1, 0.103500388 ]
          rotation: [ 
            1, 5.68585533e-20, -9.99929861e-10, 
            -5.68585537e-20, 1, -3.67719966e-19, 
            9.99929861e-10, 3.67719966e-19, 1 ]
          isTouching: true
          partingDirection: [ 0, 0, 1 ]
        - 
          name: RLEG_JOINT5
          index: 31
          translation: [ -0.0067995134, -0.1, 0.103500388 ]
          rotation: [ 
            1, 5.68585533e-20, -9.99929861e-10, 
            -5.68585537e-20, 1, -3.67719966e-19, 
            9.99929861e-10, 3.67719966e-19, 1 ]
          isTouching: true
          partingDirection: [ 0, 0, 1 ]
  - 
    time: 1.6
    refer: 
      type: Pose
      name: ""
      joints: [ 
        0, 1, 2, 3, 4, 5, 6, 7, 8, 9, 
        10, 11, 12, 13, 14, 15, 16, 17, 18, 19, 
        20, 21, 22, 23, 24, 25, 26, 27, 28, 29, 
        30 ]
      q: [ 
        1.24209258e-18, 5.09919297e-17, -0.69634016, 1.54643289, -0.850092733, -5.01313465e-17, 1.29092816e-18, 5.4193463e-17, -0.69634016, 1.54643289, 
        -0.850092733, -5.37633749e-17, 0, 0, 0, 0, 0, 0.698132, -0.349066, -0.087266, 
        -1.396263, 0, 0, 0, 0.698132, 0.349066, 0.087266, -1.396263, 0, 0, 
        0 ]
      ikLinks: 
        - 
          name: WAIST
          index: 0
          isBaseLink: true
          translation: [ 0.05, 0, 0.8 ]
          rotation: [ 
            1, 1.09778007e-32, -1.11022302e-16, 
            -1.67555905e-32, 1, 0, 
            1.11022302e-16, 1.24692735e-32, 1 ]
        - 
          name: LARM_JOINT6
          index: 12
          translation: [ 0.0337069775, 0.342278723, 0.741838074 ]
          rotation: [ 
            0.730689996, 0.152245103, -0.665517511, 
            -0.322602529, 0.936116794, -0.140046267, 
            0.601680761, 0.317028039, 0.733125832 ]
        - 
          name: RARM_JOINT6
          index: 19
          translation: [ 0.0337069775, -0.342278723, 0.741838074 ]
          rotation: [ 
            0.730689996, -0.152245103, -0.665517511, 
            0.322602529, 0.936116794, 0.140046267, 
            0.601680761, -0.317028039, 0.733125832 ]
        - 
          name: LLEG_JOINT5
          index: 25
          translation: [ -0.00679925224, 0.1, 0.103500587 ]
          rotation: [ 
            1, -1.29092784e-18, -6.00000044e-09, 
            1.29092783e-18, 1, -4.30088151e-19, 
            6.00000044e-09, 4.30088143e-19, 1 ]
          isTouching: true
          partingDirection: [ 0, 0, 1 ]
        - 
          name: RLEG_JOINT5
          index: 31
          translation: [ -0.00679925224, -0.1, 0.103500587 ]
          rotation: [ 
            1, -1.24209228e-18, -6.00000027e-09, 
            1.24209227e-18, 1, -8.60583177e-19, 
            6.00000027e-09, 8.6058317e-19, 1 ]
          isTouching: true
          partingDirection: [ 0, 0, 1 ]
