# Body pose sequence format version 1.0 defined by cnoid-Robotics

type: PoseSeq
name: "jump-300msec"
targetBody: "JAXON_BLUE"
refs: 
  - 
    time: 0
    refer: 
      type: Pose
      name: ""
      joints: [ 
        0, 1, 2, 3, 4, 5, 6, 7, 8, 9, 
        10, 11, 12, 13, 14, 15, 16, 17, 18, 19, 
        20, 21, 22, 23, 24, 25, 26, 27, 28, 29, 
        30 ]
      q: [ 
        1.90226153e-19, 4.6590047e-18, -0.291687718, 0.687644268, -0.395956552, -5.90674691e-18, 1.9399532e-19, 4.75821124e-18, -0.291687718, 0.687644268, 
        -0.395956552, -6.03253236e-18, 0, 0, 0, 0, 0, 0.698132, -0.349066, -0.087266, 
        -1.396263, 0, 0, 0, 0.698132, 0.349066, 0.087266, -1.396263, 0, 0, 
        0 ]
      ikLinks: 
        - 
          name: WAIST
          index: 0
          isBaseLink: true
          translation: [ 2.49800181e-18, 0, 0.9775 ]
          rotation: [ 
            1, -7.22223729e-35, -2.77555756e-16, 
            -1.6851887e-34, 1, 1.54074396e-33, 
            2.77555756e-16, 1.59354232e-33, 1 ]
        - 
          name: LARM_JOINT6
          index: 12
          translation: [ -0.0162930225, 0.342278723, 0.919338074 ]
          rotation: [ 
            0.730689996, 0.152245103, -0.665517511, 
            -0.322602529, 0.936116794, -0.140046267, 
            0.601680761, 0.317028039, 0.733125832 ]
        - 
          name: RARM_JOINT6
          index: 19
          translation: [ -0.0162930225, -0.342278723, 0.919338074 ]
          rotation: [ 
            0.730689996, -0.152245103, -0.665517511, 
            0.322602529, 0.936116794, 0.140046267, 
            0.601680761, -0.317028039, 0.733125832 ]
        - 
          name: LLEG_JOINT5
          index: 25
          translation: [ -0.0450001185, 0.1, 0.103500015 ]
          rotation: [ 
            1, -1.93995314e-19, -1.00001329e-09, 
            1.93995316e-19, 1, 1.27432112e-18, 
            1.00001329e-09, -1.27432112e-18, 1 ]
          isTouching: true
          partingDirection: [ 0, 0, 1 ]
        - 
          name: RLEG_JOINT5
          index: 31
          translation: [ -0.0450001185, -0.1, 0.103500015 ]
          rotation: [ 
            1, -1.90226147e-19, -1.00001335e-09, 
            1.90226148e-19, 1, 1.24774221e-18, 
            1.00001335e-09, -1.24774221e-18, 1 ]
          isTouching: true
          partingDirection: [ 0, 0, 1 ]
  - 
    time: 0.2
    refer: 
      type: Pose
      name: ""
      joints: [ 
        0, 1, 2, 3, 4, 5, 6, 7, 8, 9, 
        10, 11, 12, 13, 14, 15, 16, 17, 18, 19, 
        20, 21, 22, 23, 24, 25, 26, 27, 28, 29, 
        30 ]
      q: [ 
        1.90226153e-19, 4.6590047e-18, -0.291687718, 0.687644268, -0.395956552, -5.90674691e-18, 1.9399532e-19, 4.75821124e-18, -0.291687718, 0.687644268, 
        -0.395956552, -6.03253236e-18, 0, 0, 0, 0, 0, 0.698132, -0.349066, -0.087266, 
        -1.396263, 0, 0, 0, 0.698132, 0.349066, 0.087266, -1.396263, 0, 0, 
        0 ]
      ikLinks: 
        - 
          name: WAIST
          index: 0
          isBaseLink: true
          translation: [ 2.49800181e-18, 0, 0.9775 ]
          rotation: [ 
            1, -7.22223729e-35, -2.77555756e-16, 
            -1.6851887e-34, 1, 1.54074396e-33, 
            2.77555756e-16, 1.59354232e-33, 1 ]
        - 
          name: LARM_JOINT6
          index: 12
          translation: [ -0.0162930225, 0.342278723, 0.919338074 ]
          rotation: [ 
            0.730689996, 0.152245103, -0.665517511, 
            -0.322602529, 0.936116794, -0.140046267, 
            0.601680761, 0.317028039, 0.733125832 ]
        - 
          name: RARM_JOINT6
          index: 19
          translation: [ -0.0162930225, -0.342278723, 0.919338074 ]
          rotation: [ 
            0.730689996, -0.152245103, -0.665517511, 
            0.322602529, 0.936116794, 0.140046267, 
            0.601680761, -0.317028039, 0.733125832 ]
        - 
          name: LLEG_JOINT5
          index: 25
          translation: [ -0.0450001185, 0.1, 0.103500015 ]
          rotation: [ 
            1, -1.93995314e-19, -1.00001329e-09, 
            1.93995316e-19, 1, 1.27432112e-18, 
            1.00001329e-09, -1.27432112e-18, 1 ]
          isTouching: true
          partingDirection: [ 0, 0, 1 ]
        - 
          name: RLEG_JOINT5
          index: 31
          translation: [ -0.0450001185, -0.1, 0.103500015 ]
          rotation: [ 
            1, -1.90226147e-19, -1.00001335e-09, 
            1.90226148e-19, 1, 1.24774221e-18, 
            1.00001335e-09, -1.24774221e-18, 1 ]
          isTouching: true
          partingDirection: [ 0, 0, 1 ]
  - 
    time: 1.1
    refer: 
      type: Pose
      name: ""
      joints: [ 
        0, 1, 2, 3, 4, 5, 6, 7, 8, 9, 
        10, 11, 12, 13, 14, 15, 16, 17, 18, 19, 
        20, 21, 22, 23, 24, 25, 26, 27, 28, 29, 
        30 ]
      q: [ 
        -1.0397652e-18, 2.10133947e-17, -1.07907287, 2.04917967, -0.970106814, -1.69268694e-17, -1.23705291e-18, 1.26864789e-17, -1.07907287, 2.04917967, 
        -0.970106814, -7.82376509e-18, 0, 0, 0, 0, 0, 0.698132, -0.349066, -0.087266, 
        -1.396263, 0, 0, 0, 0.698132, 0.349066, 0.087266, -1.396263, 0, 0, 
        0 ]
      ikLinks: 
        - 
          name: WAIST
          index: 0
          isBaseLink: true
          translation: [ -0.05, 0, 0.65 ]
          rotation: [ 
            1, 2.11852294e-33, -1.66533454e-16, 
            -2.11852294e-33, 1, 4.62223187e-33, 
            1.66533454e-16, 2.87547722e-33, 1 ]
        - 
          name: LARM_JOINT6
          index: 12
          translation: [ -0.0662930225, 0.342278723, 0.591838074 ]
          rotation: [ 
            0.730689996, 0.152245103, -0.665517511, 
            -0.322602529, 0.936116794, -0.140046267, 
            0.601680761, 0.317028039, 0.733125832 ]
        - 
          name: RARM_JOINT6
          index: 19
          translation: [ -0.0662930225, -0.342278723, 0.591838074 ]
          rotation: [ 
            0.730689996, -0.152245103, -0.665517511, 
            0.322602529, 0.936116794, 0.140046267, 
            0.601680761, -0.317028039, 0.733125832 ]
        - 
          name: LLEG_JOINT5
          index: 25
          translation: [ -0.0450006638, 0.1, 0.103500005 ]
          rotation: [ 
            1, 1.23705302e-18, -1.39999307e-08, 
            -1.23705309e-18, 1, -4.8627138e-18, 
            1.39999307e-08, 4.86271382e-18, 1 ]
          isTouching: true
          partingDirection: [ 0, 0, 1 ]
        - 
          name: RLEG_JOINT5
          index: 31
          translation: [ -0.0450006638, -0.1, 0.103500005 ]
          rotation: [ 
            1, 1.03976544e-18, -1.39999308e-08, 
            -1.03976549e-18, 1, -4.08652534e-18, 
            1.39999308e-08, 4.08652536e-18, 1 ]
          isTouching: true
          partingDirection: [ 0, 0, 1 ]
  - 
    time: 1.5
    refer: 
      type: Pose
      name: ""
      joints: [ 
        0, 1, 2, 3, 4, 5, 6, 7, 8, 9, 
        10, 11, 12, 13, 14, 15, 16, 17, 18, 19, 
        20, 21, 22, 23, 24, 25, 26, 27, 28, 29, 
        30 ]
      q: [ 
        -1.91647358e-19, -6.91140755e-18, -0.550268375, 1.14377453, -0.593506155, 8.39265189e-18, 2.05272457e-19, 7.11682983e-18, -0.550268375, 1.14377453, 
        -0.593506155, -8.64478779e-18, 0, 0, 0, 0, 0, 0.698132, -0.349066, -0.087266, 
        -1.396263, 0, 0, 0, 0.698132, 0.349066, 0.087266, -1.396263, 0, 0, 
        0 ]
      ikLinks: 
        - 
          name: WAIST
          index: 0
          isBaseLink: true
          translation: [ -0.02, 0, 0.9 ]
          rotation: [ 
            1, -2.16667119e-34, -1.11022302e-16, 
            1.20370622e-34, 1, -7.70371978e-34, 
            1.11022302e-16, -1.56202109e-33, 1 ]
        - 
          name: LARM_JOINT6
          index: 12
          translation: [ -0.0362930225, 0.342278723, 0.841838074 ]
          rotation: [ 
            0.730689996, 0.152245103, -0.665517511, 
            -0.322602529, 0.936116794, -0.140046267, 
            0.601680761, 0.317028039, 0.733125832 ]
        - 
          name: RARM_JOINT6
          index: 19
          translation: [ -0.0362930225, -0.342278723, 0.841838074 ]
          rotation: [ 
            0.730689996, -0.152245103, -0.665517511, 
            0.322602529, 0.936116794, 0.140046267, 
            0.601680761, -0.317028039, 0.733125832 ]
        - 
          name: LLEG_JOINT5
          index: 25
          translation: [ -0.04500032, 0.1, 0.103500044 ]
          rotation: [ 
            1, -2.05272483e-19, 2.99995645e-09, 
            2.05272479e-19, 1, 1.52795796e-18, 
            -2.99995645e-09, -1.52795796e-18, 1 ]
          isTouching: true
          partingDirection: [ 0, 0, 1 ]
        - 
          name: RLEG_JOINT5
          index: 31
          translation: [ -0.04500032, -0.1, 0.103500044 ]
          rotation: [ 
            1, 1.91647383e-19, 2.99995589e-09, 
            -1.91647379e-19, 1, -1.48124434e-18, 
            -2.99995589e-09, 1.48124434e-18, 1 ]
          isTouching: true
          partingDirection: [ 0, 0, 1 ]
  - 
    time: 1.65
    refer: 
      type: Pose
      name: ""
      joints: [ 
        0, 1, 2, 3, 4, 5, 6, 7, 8, 9, 
        10, 11, 12, 13, 14, 15, 16, 17, 18, 19, 
        20, 21, 22, 23, 24, 25, 26, 27, 28, 29, 
        30 ]
      q: [ 
        -1.67673961e-21, 9.40502497e-19, -0.405246763, 0.857545277, -0.452298514, -1.29213741e-18, -2.13017068e-20, 4.50167292e-19, -0.405246763, 0.857545277, 
        -0.452298514, -6.78831035e-19, 0, 0, 0, 0, 0, 0.698131701, -0.34906585, -0.0872664626, 
        -1.3962634, 0, 0, 0, 0.698131701, 0.34906585, 0.0872664626, -1.3962634, 0, 0, 
        0 ]
      ikLinks: 
        - 
          name: WAIST
          index: 0
          isBaseLink: true
          translation: [ -0.02, 0, 1 ]
          rotation: [ 
            1, 9.02967741e-34, 1.11022302e-16, 
            -6.75203955e-34, 1, 7.70371978e-34, 
            -1.11022302e-16, 9.63151128e-34, 1 ]
        - 
          name: LARM_JOINT6
          index: 12
          translation: [ -0.0362928149, 0.342278749, 0.941838149 ]
          rotation: [ 
            0.730689593, 0.152244556, -0.665518079, 
            -0.322602371, 0.936116807, -0.140046544, 
            0.601681335, 0.317028262, 0.733125264 ]
        - 
          name: RARM_JOINT6
          index: 19
          translation: [ -0.0362928149, -0.342278749, 0.941838149 ]
          rotation: [ 
            0.730689593, -0.152244556, -0.665518079, 
            0.322602371, 0.936116807, 0.140046544, 
            0.601681335, -0.317028262, 0.733125264 ]
        - 
          name: LLEG_JOINT5
          index: 25
          translation: [ -0.0450003211, 0.1, 0.150000067 ]
          rotation: [ 
            1, 2.13017068e-20, -3.90798505e-14, 
            -2.13017068e-20, 1, 2.28663743e-19, 
            3.90798505e-14, -2.28663743e-19, 1 ]
        - 
          name: RLEG_JOINT5
          index: 31
          translation: [ -0.0450003211, -0.1, 0.150000067 ]
          rotation: [ 
            1, 1.67673961e-21, -3.91908728e-14, 
            -1.67673961e-21, 1, 3.51634915e-19, 
            3.91908728e-14, -3.51634915e-19, 1 ]
  - 
    time: 1.8
    refer: 
      type: Pose
      name: ""
      joints: [ 
        0, 1, 2, 3, 4, 5, 6, 7, 8, 9, 
        10, 11, 12, 13, 14, 15, 16, 17, 18, 19, 
        20, 21, 22, 23, 24, 25, 26, 27, 28, 29, 
        30 ]
      q: [ 
        -4.85873777e-19, -1.40352157e-17, -0.550268453, 1.14377469, -0.593506236, 1.70469628e-17, -4.9768803e-19, -1.4420153e-17, -0.550268453, 1.14377469, 
        -0.593506236, 1.75143979e-17, 0, 0, 0, 0, 0, 0.698132, -0.349066, -0.087266, 
        -1.396263, 0, 0, 0, 0.698132, 0.349066, 0.087266, -1.396263, 0, 0, 
        0 ]
      ikLinks: 
        - 
          name: WAIST
          index: 0
          isBaseLink: true
          translation: [ -0.02, 0, 0.9 ]
          rotation: [ 
            1, 0, -1.66533454e-16, 
            1.54074396e-33, 1, -3.08148791e-33, 
            1.66533454e-16, 3.00057367e-33, 1 ]
        - 
          name: LARM_JOINT6
          index: 12
          translation: [ -0.0362930225, 0.342278723, 0.841838074 ]
          rotation: [ 
            0.730689996, 0.152245103, -0.665517511, 
            -0.322602529, 0.936116794, -0.140046267, 
            0.601680761, 0.317028039, 0.733125832 ]
        - 
          name: RARM_JOINT6
          index: 19
          translation: [ -0.0362930225, -0.342278723, 0.841838074 ]
          rotation: [ 
            0.730689996, -0.152245103, -0.665517511, 
            0.322602529, 0.936116794, 0.140046267, 
            0.601680761, -0.317028039, 0.733125832 ]
        - 
          name: LLEG_JOINT5
          index: 25
          translation: [ -0.0450003217, 0.1, 0.103500077 ]
          rotation: [ 
            1, 4.97688083e-19, 2.99995567e-09, 
            -4.97688073e-19, 1, -3.0942449e-18, 
            -2.99995567e-09, 3.0942449e-18, 1 ]
          isTouching: true
          partingDirection: [ 0, 0, 1 ]
        - 
          name: RLEG_JOINT5
          index: 31
          translation: [ -0.0450003217, -0.1, 0.103500077 ]
          rotation: [ 
            1, 4.85873828e-19, 2.99995567e-09, 
            -4.85873819e-19, 1, -3.01174713e-18, 
            -2.99995567e-09, 3.01174713e-18, 1 ]
          isTouching: true
          partingDirection: [ 0, 0, 1 ]
  - 
    time: 2.2
    refer: 
      type: Pose
      name: ""
      joints: [ 
        0, 1, 2, 3, 4, 5, 6, 7, 8, 9, 
        10, 11, 12, 13, 14, 15, 16, 17, 18, 19, 
        20, 21, 22, 23, 24, 25, 26, 27, 28, 29, 
        30 ]
      q: [ 
        -1.0397652e-18, 2.10133947e-17, -1.07907287, 2.04917967, -0.970106814, -1.69268694e-17, -1.23705291e-18, 1.26864789e-17, -1.07907287, 2.04917967, 
        -0.970106814, -7.82376509e-18, 0, 0, 0, 0, 0, 0.698132, -0.349066, -0.087266, 
        -1.396263, 0, 0, 0, 0.698132, 0.349066, 0.087266, -1.396263, 0, 0, 
        0 ]
      ikLinks: 
        - 
          name: WAIST
          index: 0
          isBaseLink: true
          translation: [ -0.05, 0, 0.65 ]
          rotation: [ 
            1, 2.11852294e-33, -1.66533454e-16, 
            -2.11852294e-33, 1, 4.62223187e-33, 
            1.66533454e-16, 2.87547722e-33, 1 ]
        - 
          name: LARM_JOINT6
          index: 12
          translation: [ -0.0662930225, 0.342278723, 0.591838074 ]
          rotation: [ 
            0.730689996, 0.152245103, -0.665517511, 
            -0.322602529, 0.936116794, -0.140046267, 
            0.601680761, 0.317028039, 0.733125832 ]
        - 
          name: RARM_JOINT6
          index: 19
          translation: [ -0.0662930225, -0.342278723, 0.591838074 ]
          rotation: [ 
            0.730689996, -0.152245103, -0.665517511, 
            0.322602529, 0.936116794, 0.140046267, 
            0.601680761, -0.317028039, 0.733125832 ]
        - 
          name: LLEG_JOINT5
          index: 25
          translation: [ -0.0450006638, 0.1, 0.103500005 ]
          rotation: [ 
            1, 1.23705302e-18, -1.39999307e-08, 
            -1.23705309e-18, 1, -4.8627138e-18, 
            1.39999307e-08, 4.86271382e-18, 1 ]
          isTouching: true
          partingDirection: [ 0, 0, 1 ]
        - 
          name: RLEG_JOINT5
          index: 31
          translation: [ -0.0450006638, -0.1, 0.103500005 ]
          rotation: [ 
            1, 1.03976544e-18, -1.39999308e-08, 
            -1.03976549e-18, 1, -4.08652534e-18, 
            1.39999308e-08, 4.08652536e-18, 1 ]
          isTouching: true
          partingDirection: [ 0, 0, 1 ]
  - 
    time: 2.4
    refer: 
      type: Pose
      name: ""
      joints: [ 
        0, 1, 2, 3, 4, 5, 6, 7, 8, 9, 
        10, 11, 12, 13, 14, 15, 16, 17, 18, 19, 
        20, 21, 22, 23, 24, 25, 26, 27, 28, 29, 
        30 ]
      q: [ 
        -1.04226163e-18, 2.20806717e-17, -1.07907252, 2.04917851, -0.970106005, -1.81075075e-17, -1.23894581e-18, 1.35182536e-17, -1.07907252, 2.04917851, 
        -0.970106005, -8.74110692e-18, 0, 0, 0, 0, 0, 0.698132, -0.349066, -0.087266, 
        -1.396263, 0, 0, 0, 0.698132, 0.349066, 0.087266, -1.396263, 0, 0, 
        0 ]
      ikLinks: 
        - 
          name: WAIST
          index: 0
          isBaseLink: true
          translation: [ -0.05, 2.77555756e-17, 0.65 ]
          rotation: [ 
            1, 2.69630192e-33, -2.77555756e-16, 
            -1.73333695e-33, 1, -9.24446373e-33, 
            2.77555756e-16, -6.50685236e-33, 1 ]
        - 
          name: LARM_JOINT6
          index: 12
          translation: [ -0.0662930225, 0.342278723, 0.591838074 ]
          rotation: [ 
            0.730689996, 0.152245103, -0.665517511, 
            -0.322602529, 0.936116794, -0.140046267, 
            0.601680761, 0.317028039, 0.733125832 ]
        - 
          name: RARM_JOINT6
          index: 19
          translation: [ -0.0662930225, -0.342278723, 0.591838074 ]
          rotation: [ 
            0.730689996, -0.152245103, -0.665517511, 
            0.322602529, 0.936116794, 0.140046267, 
            0.601680761, -0.317028039, 0.733125832 ]
        - 
          name: LLEG_JOINT5
          index: 25
          translation: [ -0.0450005435, 0.1, 0.103499621 ]
          rotation: [ 
            1, 1.23894594e-18, -1.39999307e-08, 
            -1.238946e-18, 1, -4.77714661e-18, 
            1.39999307e-08, 4.77714663e-18, 1 ]
          isTouching: true
          partingDirection: [ 0, 0, 1 ]
        - 
          name: RLEG_JOINT5
          index: 31
          translation: [ -0.0450005435, -0.1, 0.103499621 ]
          rotation: [ 
            1, 1.04226188e-18, -1.39999311e-08, 
            -1.04226194e-18, 1, -3.97316426e-18, 
            1.39999311e-08, 3.97316428e-18, 1 ]
          isTouching: true
          partingDirection: [ 0, 0, 1 ]
