# Body pose sequence format version 1.0 defined by cnoid-Robotics

type: PoseSeq
name: "jump-500msec"
targetBody: "JAXON_BLUE"
refs: 
  - 
    time: 0
    refer: 
      type: Pose
      name: ""
      joints: [ 
        0, 1, 2, 3, 4, 5, 6, 7, 8, 9, 
        10, 11, 12, 13, 14, 15, 16, 17, 18, 19, 
        20, 21, 22, 23, 24, 25, 26, 27, 28, 29, 
        30 ]
      q: [ 
        1.90226153e-19, 4.6590047e-18, -0.291687718, 0.687644268, -0.395956552, -5.90674691e-18, 1.9399532e-19, 4.75821124e-18, -0.291687718, 0.687644268, 
        -0.395956552, -6.03253236e-18, 0, 0, 0, 0, 0, 0.698132, -0.349066, -0.087266, 
        -1.396263, 0, 0, 0, 0.698132, 0.349066, 0.087266, -1.396263, 0, 0, 
        0 ]
      ikLinks: 
        - 
          name: WAIST
          index: 0
          isBaseLink: true
          translation: [ 1.18237484e-07, 0, 0.996999985 ]
          rotation: [ 
            1, 4.81482486e-34, -3.33066907e-16, 
            7.22223729e-35, 1, 2.31111593e-33, 
            3.33066907e-16, -2.24650251e-33, 1 ]
        - 
          name: LARM_JOINT6
          index: 12
          translation: [ -0.0162929043, 0.342278723, 0.938838059 ]
          rotation: [ 
            0.730689996, 0.152245103, -0.665517511, 
            -0.322602529, 0.936116794, -0.140046267, 
            0.601680761, 0.317028039, 0.733125832 ]
        - 
          name: RARM_JOINT6
          index: 19
          translation: [ -0.0162929043, -0.342278723, 0.938838059 ]
          rotation: [ 
            0.730689996, -0.152245103, -0.665517511, 
            0.322602529, 0.936116794, 0.140046267, 
            0.601680761, -0.317028039, 0.733125832 ]
        - 
          name: LLEG_JOINT5
          index: 25
          translation: [ -0.045, 0.1, 0.123 ]
          rotation: [ 
            1, -1.93995308e-19, -2.00000033e-09, 
            1.9399531e-19, 1, 1.27432112e-18, 
            2.00000033e-09, -1.27432112e-18, 1 ]
          isTouching: true
          partingDirection: [ 0, 0, 1 ]
        - 
          name: RLEG_JOINT5
          index: 31
          translation: [ -0.045, -0.1, 0.123 ]
          rotation: [ 
            1, -1.90226141e-19, -2.00000033e-09, 
            1.90226144e-19, 1, 1.24774221e-18, 
            2.00000033e-09, -1.24774221e-18, 1 ]
          isTouching: true
          partingDirection: [ 0, 0, 1 ]
  - 
    time: 0.2
    refer: 
      type: Pose
      name: ""
      joints: [ 
        0, 1, 2, 3, 4, 5, 6, 7, 8, 9, 
        10, 11, 12, 13, 14, 15, 16, 17, 18, 19, 
        20, 21, 22, 23, 24, 25, 26, 27, 28, 29, 
        30 ]
      q: [ 
        1.90226153e-19, 4.6590047e-18, -0.291687718, 0.687644268, -0.395956552, -5.90674691e-18, 1.9399532e-19, 4.75821124e-18, -0.291687718, 0.687644268, 
        -0.395956552, -6.03253236e-18, 0, 0, 0, 0, 0, 0.698132, -0.349066, -0.087266, 
        -1.396263, 0, 0, 0, 0.698132, 0.349066, 0.087266, -1.396263, 0, 0, 
        0 ]
      ikLinks: 
        - 
          name: WAIST
          index: 0
          isBaseLink: true
          translation: [ 1.18237484e-07, 0, 0.996999985 ]
          rotation: [ 
            1, 4.81482486e-34, -3.33066907e-16, 
            7.22223729e-35, 1, 2.31111593e-33, 
            3.33066907e-16, -2.24650251e-33, 1 ]
        - 
          name: LARM_JOINT6
          index: 12
          translation: [ -0.0162929043, 0.342278723, 0.938838059 ]
          rotation: [ 
            0.730689996, 0.152245103, -0.665517511, 
            -0.322602529, 0.936116794, -0.140046267, 
            0.601680761, 0.317028039, 0.733125832 ]
        - 
          name: RARM_JOINT6
          index: 19
          translation: [ -0.0162929043, -0.342278723, 0.938838059 ]
          rotation: [ 
            0.730689996, -0.152245103, -0.665517511, 
            0.322602529, 0.936116794, 0.140046267, 
            0.601680761, -0.317028039, 0.733125832 ]
        - 
          name: LLEG_JOINT5
          index: 25
          translation: [ -0.045, 0.1, 0.123 ]
          rotation: [ 
            1, -1.93995308e-19, -2.00000033e-09, 
            1.9399531e-19, 1, 1.27432112e-18, 
            2.00000033e-09, -1.27432112e-18, 1 ]
          isTouching: true
          partingDirection: [ 0, 0, 1 ]
        - 
          name: RLEG_JOINT5
          index: 31
          translation: [ -0.045, -0.1, 0.123 ]
          rotation: [ 
            1, -1.90226141e-19, -2.00000033e-09, 
            1.90226144e-19, 1, 1.24774221e-18, 
            2.00000033e-09, -1.24774221e-18, 1 ]
          isTouching: true
          partingDirection: [ 0, 0, 1 ]
  - 
    time: 1.05
    refer: 
      type: Pose
      name: ""
      joints: [ 
        0, 1, 2, 3, 4, 5, 6, 7, 8, 9, 
        10, 11, 12, 13, 14, 15, 16, 17, 18, 19, 
        20, 21, 22, 23, 24, 25, 26, 27, 28, 29, 
        30 ]
      q: [ 
        -9.85986617e-19, -1.75348633e-19, -1.2778762, 2.33722471, -1.05934852, 3.44700327e-18, -1.34567372e-18, 3.06123402e-17, -1.2778762, 2.33722471, 
        -1.05934852, -2.65207902e-17, 0, 0, 0, 0, 0, 0.698132, -0.349066, -0.087266, 
        -1.396263, 0, 0, 0, 0.698132, 0.349066, 0.087266, -1.396263, 0, 0, 
        0 ]
      ikLinks: 
        - 
          name: WAIST
          index: 0
          isBaseLink: true
          translation: [ -0.0599990935, 2.77555756e-17, 0.569500818 ]
          rotation: [ 
            1, 2.69630192e-33, -1.11022302e-16, 
            -4.42963887e-33, 1, -1.23259516e-32, 
            1.11022302e-16, -6.31237562e-33, 1 ]
        - 
          name: LARM_JOINT6
          index: 12
          translation: [ -0.076292116, 0.342278723, 0.511338892 ]
          rotation: [ 
            0.730689996, 0.152245103, -0.665517511, 
            -0.322602529, 0.936116794, -0.140046267, 
            0.601680761, 0.317028039, 0.733125832 ]
        - 
          name: RARM_JOINT6
          index: 19
          translation: [ -0.076292116, -0.342278723, 0.511338892 ]
          rotation: [ 
            0.730689996, -0.152245103, -0.665517511, 
            0.322602529, 0.936116794, 0.140046267, 
            0.601680761, -0.317028039, 0.733125832 ]
        - 
          name: LLEG_JOINT5
          index: 25
          translation: [ -0.045, 0.1, 0.123 ]
          rotation: [ 
            1, 1.34567399e-18, -9.99999988e-09, 
            -1.34567403e-18, 1, -4.09154999e-18, 
            9.99999988e-09, 4.09155e-18, 1 ]
          isTouching: true
          partingDirection: [ 0, 0, 1 ]
        - 
          name: RLEG_JOINT5
          index: 31
          translation: [ -0.045, -0.1, 0.123 ]
          rotation: [ 
            1, 9.85986583e-19, -9.99999983e-09, 
            -9.85986615e-19, 1, -3.27165463e-18, 
            9.99999983e-09, 3.27165464e-18, 1 ]
          isTouching: true
          partingDirection: [ 0, 0, 1 ]
  - 
    time: 1.5
    refer: 
      type: Pose
      name: ""
      joints: [ 
        0, 1, 2, 3, 4, 5, 6, 7, 8, 9, 
        10, 11, 12, 13, 14, 15, 16, 17, 18, 19, 
        20, 21, 22, 23, 24, 25, 26, 27, 28, 29, 
        30 ]
      q: [ 
        -1.53823778e-19, -4.84072832e-18, -0.416074414, 0.878885315, -0.462810901, 5.95343772e-18, -1.64984983e-19, -5.08554718e-18, -0.416074414, 0.878885315, 
        -0.462810901, 6.25495254e-18, 0, 0, 0, 0, 0, 0.698132, -0.349066, -0.087266, 
        -1.396263, 0, 0, 0, 0.698132, 0.349066, 0.087266, -1.396263, 0, 0, 
        0 ]
      ikLinks: 
        - 
          name: WAIST
          index: 0
          isBaseLink: true
          translation: [ -0.0199996804, 0, 0.969499814 ]
          rotation: [ 
            1, 1.6851887e-34, 2.22044605e-16, 
            0, 1, 0, 
            -2.22044605e-16, -7.33737952e-34, 1 ]
        - 
          name: LARM_JOINT6
          index: 12
          translation: [ -0.0362927029, 0.342278723, 0.911337888 ]
          rotation: [ 
            0.730689996, 0.152245103, -0.665517511, 
            -0.322602529, 0.936116794, -0.140046267, 
            0.601680761, 0.317028039, 0.733125832 ]
        - 
          name: RARM_JOINT6
          index: 19
          translation: [ -0.0362927029, -0.342278723, 0.911337888 ]
          rotation: [ 
            0.730689996, -0.152245103, -0.665517511, 
            0.322602529, 0.936116794, 0.140046267, 
            0.601680761, -0.317028039, 0.733125832 ]
        - 
          name: LLEG_JOINT5
          index: 25
          translation: [ -0.045, 0.1, 0.123 ]
          rotation: [ 
            1, 1.64984983e-19, 1.66533454e-16, 
            -1.64984983e-19, 1, -1.16940536e-18, 
            -1.66533454e-16, 1.16940536e-18, 1 ]
          isTouching: true
          partingDirection: [ 0, 0, 1 ]
        - 
          name: RLEG_JOINT5
          index: 31
          translation: [ -0.045, -0.1, 0.123 ]
          rotation: [ 
            1, 1.53823778e-19, 1.66533454e-16, 
            -1.53823778e-19, 1, -1.1127094e-18, 
            -1.66533454e-16, 1.1127094e-18, 1 ]
          isTouching: true
          partingDirection: [ 0, 0, 1 ]
  - 
    time: 1.54
    refer: 
      type: Pose
      name: ""
      joints: [ 
        0, 1, 2, 3, 4, 5, 6, 7, 8, 9, 
        10, 11 ]
      q: [ 
        9.02832769e-05, 3.17159712e-06, -0.395890904, 0.839109928, -0.445387269, -4.82713527e-05, 0.000119389079, 4.19361149e-06, -0.395890895, 0.839109909, 
        -0.446251577, -6.93253142e-05 ]
      ikLinks: 
        - 
          name: LLEG_JOINT5
          index: 25
          translation: [ -0.045, 0.1, 0.185 ]
          rotation: [ 
            0.999995395, -0.000119178845, -0.00303256634, 
            0.000119375812, 0.999999991, 6.47696671e-05, 
            0.00303255859, -6.51313839e-05, 0.9999954 ]
        - 
          name: RLEG_JOINT5
          index: 31
          translation: [ -0.0450000005, -0.1, 0.185000003 ]
          rotation: [ 
            0.999997645, -9.01786127e-05, -0.00216824743, 
            9.02761878e-05, 0.999999995, 4.49040067e-05, 
            0.00216824337, -4.50996421e-05, 0.999997648 ]
  - 
    time: 1.68
    refer: 
      type: Pose
      name: ""
      joints: [ 
        0, 1, 2, 3, 4, 5, 6, 7, 8, 9, 
        10, 11 ]
      q: [ 
        3.11674123e-19, 8.39189447e-18, -0.362055339, 0.772468282, -0.41041329, -1.07171783e-17, 3.32449741e-19, 9.63655797e-18, -0.362055339, 0.772468282, 
        -0.41041329, -1.22442492e-17 ]
      ikLinks: 
        - 
          name: LLEG_JOINT5
          index: 25
          translation: [ -0.045, 0.1, 0.373 ]
          rotation: [ 
            1, -3.32445492e-19, -3.47000022e-07, 
            3.32446397e-19, 1, 2.60769111e-18, 
            3.47000022e-07, -2.60769122e-18, 1 ]
        - 
          name: RLEG_JOINT5
          index: 31
          translation: [ -0.045, -0.1, 0.373 ]
          rotation: [ 
            1, -3.11670404e-19, -3.47000022e-07, 
            3.11671211e-19, 1, 2.32528376e-18, 
            3.47000022e-07, -2.32528387e-18, 1 ]
  - 
    time: 1.75
    refer: 
      type: Pose
      name: ""
      joints: [ 
        0, 1, 2, 3, 4, 5, 6, 7, 8, 9, 
        10, 11 ]
      q: [ 
        3.6331932e-19, 8.24413965e-18, -0.318692992, 0.687132556, -0.368439564, -1.05245952e-17, 3.63319452e-19, 8.24414689e-18, -0.318692992, 0.687132556, 
        -0.368439564, -1.05246044e-17 ]
      ikLinks: 
        - 
          name: WAIST
          index: 0
          isBaseLink: true
          translation: [ -0.0199996789, 0, 1.27502158 ]
          rotation: [ 
            1, 2.74445017e-33, -4.99600361e-16, 
            -2.88889492e-33, 1, 2.00296714e-32, 
            4.99600361e-16, -1.6766669e-32, 1 ]
        - 
          name: LLEG_JOINT5
          index: 25
          translation: [ -0.045, 0.1, 0.4 ]
          rotation: [ 
            1, -3.63319452e-19, -5.55111512e-16, 
            3.63319452e-19, 1, 2.28045751e-18, 
            5.55111512e-16, -2.28045751e-18, 1 ]
        - 
          name: RLEG_JOINT5
          index: 31
          translation: [ -0.045, -0.1, 0.4 ]
          rotation: [ 
            1, -3.6331932e-19, -4.4408921e-16, 
            3.6331932e-19, 1, 2.28045555e-18, 
            4.4408921e-16, -2.28045555e-18, 1 ]
  - 
    time: 1.82
    refer: 
      type: Pose
      name: ""
      joints: [ 
        0, 1, 2, 3, 4, 5, 6, 7, 8, 9, 
        10, 11 ]
      q: [ 
        3.36818794e-19, 8.2979202e-18, -0.320089301, 0.689879051, -0.369790097, -1.06361887e-17, 3.56793868e-19, 9.49533285e-18, -0.320089301, 0.689879051, 
        -0.369790097, -1.21095211e-17 ]
      ikLinks: 
        - 
          name: LLEG_JOINT5
          index: 25
          translation: [ -0.045, 0.1, 0.373 ]
          rotation: [ 
            1, -3.56789666e-19, -3.47000063e-07, 
            3.56790573e-19, 1, 2.61418817e-18, 
            3.47000063e-07, -2.6141883e-18, 1 ]
        - 
          name: RLEG_JOINT5
          index: 31
          translation: [ -0.045, -0.1, 0.373 ]
          rotation: [ 
            1, -3.36815103e-19, -3.47000063e-07, 
            3.36815914e-19, 1, 2.33826839e-18, 
            3.47000063e-07, -2.33826851e-18, 1 ]
  - 
    time: 1.96
    refer: 
      type: Pose
      name: ""
      joints: [ 
        0, 1, 2, 3, 4, 5, 6, 7, 8, 9, 
        10, 11 ]
      q: [ 
        -1.11917745e-20, 1.37967919e-18, -0.451314861, 0.948372964, -0.497059041, -4.09257029e-18, -3.60047687e-21, 1.76351128e-18, -0.451314488, 0.948372234, 
        -0.497058683, -3.21999458e-18 ]
      ikLinks: 
        - 
          name: LLEG_JOINT5
          index: 25
          translation: [ -0.045, 0.1, 0.19 ]
          rotation: [ 
            1, 3.60349401e-21, -9.37000164e-07, 
            -3.60212928e-21, 1, 1.45648331e-18, 
            9.37000164e-07, -1.45648331e-18, 1 ]
        - 
          name: RLEG_JOINT5
          index: 31
          translation: [ -0.0449999985, -0.1, 0.19000013 ]
          rotation: [ 
            1, 1.11956092e-20, -9.37000164e-07, 
            -1.11930673e-20, 1, 2.71289112e-18, 
            9.37000164e-07, -2.71289111e-18, 1 ]
  - 
    time: 2
    refer: 
      type: Pose
      name: ""
      joints: [ 
        0, 1, 2, 3, 4, 5, 6, 7, 8, 9, 
        10, 11, 12, 13, 14, 15, 16, 17, 18, 19, 
        20, 21, 22, 23, 24, 25, 26, 27, 28, 29, 
        30 ]
      q: [ 
        -4.98405144e-19, -1.69975892e-17, -0.416074651, 0.878885799, -0.462811146, 2.0869088e-17, -1.61880275e-19, 1.52344014e-17, -0.416074651, 0.878885799, 
        -0.462811146, -1.05293846e-17, 0, 0, 0, 0, 0, 0.698132, -0.349066, -0.087266, 
        -1.396263, 0, 0, 0, 0.698132, 0.349066, 0.087266, -1.396263, 0, 0, 
        0 ]
      ikLinks: 
        - 
          name: WAIST
          index: 0
          isBaseLink: true
          translation: [ -0.0199996744, 0, 0.969499733 ]
          rotation: [ 
            1, -1.08333559e-33, -1.11022302e-16, 
            1.15555797e-33, 1, -9.24446373e-33, 
            1.11022302e-16, -1.79723209e-35, 1 ]
        - 
          name: LARM_JOINT6
          index: 12
          translation: [ -0.0362926969, 0.342278723, 0.911337807 ]
          rotation: [ 
            0.730689996, 0.152245103, -0.665517511, 
            -0.322602529, 0.936116794, -0.140046267, 
            0.601680761, 0.317028039, 0.733125832 ]
        - 
          name: RARM_JOINT6
          index: 19
          translation: [ -0.0362926969, -0.342278723, 0.911337807 ]
          rotation: [ 
            0.730689996, -0.152245103, -0.665517511, 
            0.322602529, 0.936116794, 0.140046267, 
            0.601680761, -0.317028039, 0.733125832 ]
        - 
          name: LLEG_JOINT5
          index: 25
          translation: [ -0.045, 0.1, 0.123 ]
          rotation: [ 
            1, 1.61880254e-19, 1.99999983e-09, 
            -1.61880245e-19, 1, -4.7050168e-18, 
            -1.99999983e-09, 4.7050168e-18, 1 ]
          isTouching: true
          partingDirection: [ 0, 0, 1 ]
        - 
          name: RLEG_JOINT5
          index: 31
          translation: [ -0.045, -0.1, 0.123 ]
          rotation: [ 
            1, 4.98405186e-19, 1.99999983e-09, 
            -4.98405178e-19, 1, -3.8714988e-18, 
            -1.99999983e-09, 3.8714988e-18, 1 ]
          isTouching: true
          partingDirection: [ 0, 0, 1 ]
  - 
    time: 2.35
    refer: 
      type: Pose
      name: ""
      joints: [ 
        0, 1, 2, 3, 4, 5, 6, 7, 8, 9, 
        10, 11, 12, 13, 14, 15, 16, 17, 18, 19, 
        20, 21, 22, 23, 24, 25, 26, 27, 28, 29, 
        30 ]
      q: [ 
        -1.08513767e-18, 2.80039527e-17, -1.18996956, 2.19549184, -1.00552229, -2.42190978e-17, -1.24735962e-18, 1.3242585e-17, -1.18996956, 2.19549184, 
        -1.00552229, -8.27865061e-18, 0, 0, 0, 0, 0, 0.698132, -0.349066, -0.087266, 
        -1.396263, 0, 0, 0, 0.698132, 0.349066, 0.087266, -1.396263, 0, 0, 
        0 ]
      ikLinks: 
        - 
          name: WAIST
          index: 0
          isBaseLink: true
          translation: [ -0.0599991724, 0, 0.619500391 ]
          rotation: [ 
            1, 3.08148791e-33, -1.11022302e-16, 
            -1.54074396e-33, 1, 0, 
            1.11022302e-16, 1.0646723e-32, 1 ]
        - 
          name: LARM_JOINT6
          index: 12
          translation: [ -0.076292195, 0.342278723, 0.561338465 ]
          rotation: [ 
            0.730689996, 0.152245103, -0.665517511, 
            -0.322602529, 0.936116794, -0.140046267, 
            0.601680761, 0.317028039, 0.733125832 ]
        - 
          name: RARM_JOINT6
          index: 19
          translation: [ -0.076292195, -0.342278723, 0.561338465 ]
          rotation: [ 
            0.730689996, -0.152245103, -0.665517511, 
            0.322602529, 0.936116794, 0.140046267, 
            0.601680761, -0.317028039, 0.733125832 ]
        - 
          name: LLEG_JOINT5
          index: 25
          translation: [ -0.045, 0.1, 0.123 ]
          rotation: [ 
            1, 1.2473597e-18, -1.00000002e-08, 
            -1.24735975e-18, 1, -4.96393438e-18, 
            1.00000002e-08, 4.96393439e-18, 1 ]
          isTouching: true
          partingDirection: [ 0, 0, 1 ]
        - 
          name: RLEG_JOINT5
          index: 31
          translation: [ -0.045, -0.1, 0.123 ]
          rotation: [ 
            1, 1.08513791e-18, -1.00000002e-08, 
            -1.08513795e-18, 1, -3.78485489e-18, 
            1.00000002e-08, 3.7848549e-18, 1 ]
          isTouching: true
          partingDirection: [ 0, 0, 1 ]
  - 
    time: 2.55
    refer: 
      type: Pose
      name: ""
      joints: [ 
        0, 1, 2, 3, 4, 5, 6, 7, 8, 9, 
        10, 11, 12, 13, 14, 15, 16, 17, 18, 19, 
        20, 21, 22, 23, 24, 25, 26, 27, 28, 29, 
        30 ]
      q: [ 
        -1.08513767e-18, 2.80039527e-17, -1.18996956, 2.19549184, -1.00552229, -2.42190978e-17, -1.24735962e-18, 1.3242585e-17, -1.18996956, 2.19549184, 
        -1.00552229, -8.27865061e-18, 0, 0, 0, 0, 0, 0.698132, -0.349066, -0.087266, 
        -1.396263, 0, 0, 0, 0.698132, 0.349066, 0.087266, -1.396263, 0, 0, 
        0 ]
      ikLinks: 
        - 
          name: WAIST
          index: 0
          isBaseLink: true
          translation: [ -0.0599991724, 0, 0.619500391 ]
          rotation: [ 
            1, 2.11852294e-33, -1.11022302e-16, 
            7.70371978e-34, 1, -4.62223187e-33, 
            1.11022302e-16, 1.52689548e-32, 1 ]
        - 
          name: LARM_JOINT6
          index: 12
          translation: [ -0.076292195, 0.342278723, 0.561338465 ]
          rotation: [ 
            0.730689996, 0.152245103, -0.665517511, 
            -0.322602529, 0.936116794, -0.140046267, 
            0.601680761, 0.317028039, 0.733125832 ]
        - 
          name: RARM_JOINT6
          index: 19
          translation: [ -0.076292195, -0.342278723, 0.561338465 ]
          rotation: [ 
            0.730689996, -0.152245103, -0.665517511, 
            0.322602529, 0.936116794, 0.140046267, 
            0.601680761, -0.317028039, 0.733125832 ]
        - 
          name: LLEG_JOINT5
          index: 25
          translation: [ -0.045, 0.1, 0.123 ]
          rotation: [ 
            1, 1.2473597e-18, -1.00000002e-08, 
            -1.24735975e-18, 1, -4.96393438e-18, 
            1.00000002e-08, 4.96393439e-18, 1 ]
          isTouching: true
          partingDirection: [ 0, 0, 1 ]
        - 
          name: RLEG_JOINT5
          index: 31
          translation: [ -0.045, -0.1, 0.123 ]
          rotation: [ 
            1, 1.08513791e-18, -1.00000002e-08, 
            -1.08513795e-18, 1, -3.78485489e-18, 
            1.00000002e-08, 3.7848549e-18, 1 ]
          isTouching: true
          partingDirection: [ 0, 0, 1 ]
