# Body pose sequence format version 1.0 defined by cnoid-Robotics

type: PoseSeq
name: "jump-off-400mm"
targetBody: "JAXON_BLUE"
refs: 
  - 
    time: 0
    refer: 
      type: Pose
      name: ""
      joints: [ 
        0, 1, 2, 3, 4, 5, 6, 7, 8, 9, 
        10, 11, 12, 13, 14, 15, 16, 17, 18, 19, 
        20, 21, 22, 23, 24, 25, 26, 27, 28, 29, 
        30 ]
      q: [ 
        7.14743789e-19, -1.40321111e-17, -0.365123231, 0.697946263, -0.332823034, 8.62698462e-18, 7.20365698e-19, -1.38395382e-17, -0.365123231, 0.697946263, 
        -0.332823034, 8.38260639e-18, 0, 0, 0, 0, 0, 0.698132, -0.349066, -0.087266, 
        -1.396263, 0, 0, 0, 0.698132, 0.349066, 0.087266, -1.396263, 0, 0, 
        0 ]
      ikLinks: 
        - 
          name: WAIST
          index: 0
          isBaseLink: true
          translation: [ -0.05, 0, 1.3775 ]
          rotation: [ 
            1, 7.70371978e-34, -2.77555756e-16, 
            9.62964972e-34, 1, 0, 
            2.77555756e-16, -2.88154627e-33, 1 ]
        - 
          name: LARM_JOINT6
          index: 12
          translation: [ -0.0662930225, 0.342278723, 1.31933807 ]
          rotation: [ 
            0.730689996, 0.152245103, -0.665517511, 
            -0.322602529, 0.936116794, -0.140046267, 
            0.601680761, 0.317028039, 0.733125832 ]
        - 
          name: RARM_JOINT6
          index: 19
          translation: [ -0.0662930225, -0.342278723, 1.31933807 ]
          rotation: [ 
            0.730689996, -0.152245103, -0.665517511, 
            0.322602529, 0.936116794, 0.140046267, 
            0.601680761, -0.317028039, 0.733125832 ]
        - 
          name: LLEG_JOINT5
          index: 25
          translation: [ -0.0450005026, 0.1, 0.503500172 ]
          rotation: [ 
            1, -7.20365715e-19, -2.00006361e-09, 
            7.20365725e-19, 1, 5.45693186e-18, 
            2.00006361e-09, -5.45693186e-18, 1 ]
          isTouching: true
          partingDirection: [ 0, 0, 1 ]
        - 
          name: RLEG_JOINT5
          index: 31
          translation: [ -0.0450005026, -0.1, 0.503500172 ]
          rotation: [ 
            1, -7.14743806e-19, -2.0000635e-09, 
            7.14743817e-19, 1, 5.40512653e-18, 
            2.0000635e-09, -5.40512653e-18, 1 ]
          isTouching: true
          partingDirection: [ 0, 0, 1 ]
  - 
    time: 0.2
    refer: 
      type: Pose
      name: ""
      joints: [ 
        0, 1, 2, 3, 4, 5, 6, 7, 8, 9, 
        10, 11, 12, 13, 14, 15, 16, 17, 18, 19, 
        20, 21, 22, 23, 24, 25, 26, 27, 28, 29, 
        30 ]
      q: [ 
        7.14743789e-19, -1.40321111e-17, -0.365123231, 0.697946263, -0.332823034, 8.62698462e-18, 7.20365698e-19, -1.38395382e-17, -0.365123231, 0.697946263, 
        -0.332823034, 8.38260639e-18, 0, 0, 0, 0, 0, 0.698132, -0.349066, -0.087266, 
        -1.396263, 0, 0, 0, 0.698132, 0.349066, 0.087266, -1.396263, 0, 0, 
        0 ]
      ikLinks: 
        - 
          name: WAIST
          index: 0
          isBaseLink: true
          translation: [ -0.05, 0, 1.3775 ]
          rotation: [ 
            1, 7.70371978e-34, -2.77555756e-16, 
            9.62964972e-34, 1, 0, 
            2.77555756e-16, -2.88154627e-33, 1 ]
        - 
          name: LARM_JOINT6
          index: 12
          translation: [ -0.0662930225, 0.342278723, 1.31933807 ]
          rotation: [ 
            0.730689996, 0.152245103, -0.665517511, 
            -0.322602529, 0.936116794, -0.140046267, 
            0.601680761, 0.317028039, 0.733125832 ]
        - 
          name: RARM_JOINT6
          index: 19
          translation: [ -0.0662930225, -0.342278723, 1.31933807 ]
          rotation: [ 
            0.730689996, -0.152245103, -0.665517511, 
            0.322602529, 0.936116794, 0.140046267, 
            0.601680761, -0.317028039, 0.733125832 ]
        - 
          name: LLEG_JOINT5
          index: 25
          translation: [ -0.0450005026, 0.1, 0.503500172 ]
          rotation: [ 
            1, -7.20365715e-19, -2.00006361e-09, 
            7.20365725e-19, 1, 5.45693186e-18, 
            2.00006361e-09, -5.45693186e-18, 1 ]
          isTouching: true
          partingDirection: [ 0, 0, 1 ]
        - 
          name: RLEG_JOINT5
          index: 31
          translation: [ -0.0450005026, -0.1, 0.503500172 ]
          rotation: [ 
            1, -7.14743806e-19, -2.0000635e-09, 
            7.14743817e-19, 1, 5.40512653e-18, 
            2.0000635e-09, -5.40512653e-18, 1 ]
          isTouching: true
          partingDirection: [ 0, 0, 1 ]
  - 
    time: 1
    refer: 
      type: Pose
      name: ""
      joints: [ 
        0, 1, 2, 3, 4, 5, 6, 7, 8, 9, 
        10, 11, 12, 13, 14, 15, 16, 17, 18, 19, 
        20, 21, 22, 23, 24, 25, 26, 27, 28, 29, 
        30 ]
      q: [ 
        -1.89042296e-05, -0.107575744, -0.842791849, 1.85249256, -1.00987076, 0.107575769, -1.8900044e-05, -0.107575743, -0.842791849, 1.85249256, 
        -1.00987076, 0.107575771, -3.28678554e-05, 0, 0.000108645879, 5.30235365e-05, 0.00328566667, 0.704197886, -0.34985285, -0.0867770556, 
        -1.39420616, 6.13345455e-05, 0.000528746502, 2.37059821e-05, 0.704168753, 0.349849667, 0.0867443478, -1.39420058, -8.53761772e-05, 0.000528474775, 
        -2.38604177e-05 ]
      ikLinks: 
        - 
          name: WAIST
          index: 0
          isBaseLink: true
          translation: [ 0.01, 0.05, 1.1075 ]
          rotation: [ 
            1, 2.07014852e-18, -1.23408889e-16, 
            -5.7666003e-18, 1, 3.05311332e-16, 
            2.22039097e-16, -2.91437741e-16, 1 ]
        - 
          name: LARM_JOINT6
          index: 12
          translation: [ -0.00925336139, 0.39259001, 1.04922056 ]
          rotation: [ 
            0.73586314, 0.155013979, -0.659148015, 
            -0.323033919, 0.935895086, -0.140532826, 
            0.595108835, 0.316340093, 0.73876547 ]
        - 
          name: RARM_JOINT6
          index: 19
          translation: [ -0.00918872034, -0.292613056, 1.04924781 ]
          rotation: [ 
            0.735810724, -0.155185234, -0.659166232, 
            0.323208742, 0.935844587, 0.140467143, 
            0.595078723, -0.316405519, 0.738761708 ]
        - 
          name: LLEG_JOINT5
          index: 25
          translation: [ -0.0449986012, 0.100000602, 0.503501464 ]
          rotation: [ 
            0.999999986, 6.42287867e-07, -0.000169064763, 
            -6.42292299e-07, 1, -2.61611024e-08, 
            0.000169064763, 2.62696911e-08, 0.999999986 ]
          isTouching: true
          partingDirection: [ 0, 0, 1 ]
        - 
          name: RLEG_JOINT5
          index: 31
          translation: [ -0.0449986014, -0.0999993984, 0.503501464 ]
          rotation: [ 
            0.999999986, 6.46580996e-07, -0.00016906377, 
            -6.4658509e-07, 1, -2.41603976e-08, 
            0.00016906377, 2.42697114e-08, 0.999999986 ]
          isTouching: true
          partingDirection: [ 0, 0, 1 ]
  - 
    time: 1.5
    refer: 
      type: Pose
      name: ""
      joints: [ 0, 1, 2, 3, 4, 5 ]
      q: [ -2.16118048e-05, -0.145373793, -1.37805043, 2.19989516, -0.822001171, 0.145373819 ]
      ikLinks: 
        - 
          name: WAIST
          index: 0
          translation: [ 0.1, 0.05, 1.0325 ]
          rotation: [ 
            1, 2.22329208e-17, 9.99999898e-10, 
            -1.96782694e-17, 1, 2.22044605e-16, 
            -9.99999751e-10, 5.96290616e-18, 1 ]
        - 
          name: RLEG_JOINT5
          index: 31
          translation: [ 0.180000822, -0.0999993961, 0.550001304 ]
          rotation: [ 
            0.999999988, -1.05191005e-06, -0.000154798777, 
            1.05190631e-06, 1, -2.42396222e-08, 
            0.000154798777, 2.40767884e-08, 0.999999988 ]
  - 
    time: 2
    refer: 
      type: Pose
      name: ""
      joints: [ 
        0, 1, 2, 3, 4, 5, 6, 7, 8, 9, 
        10, 11, 12, 13, 14, 15, 16, 17, 18, 19, 
        20, 21, 22, 23, 24, 25, 26, 27, 28, 29, 
        30 ]
      q: [ 
        4.91283085e-15, -1.40633433e-10, -0.400076378, 0.833530655, -0.433454277, 1.40633429e-10, 1.89476632e-06, 1.38571132e-06, -0.27450631, 1.59977585, 
        -1.32476613, -1.38579358e-06, 0, 0, 0, 0, 0, 0.698131701, -0.34906585, -0.0872664626, 
        -1.3962634, 0, 0, 0, 0.698131701, 0.34906585, 0.0872664626, -1.3962634, 0, 0, 
        0 ]
      ikLinks: 
        - 
          name: WAIST
          index: 0
          isBaseLink: true
          translation: [ 0.24, 2.77555756e-17, 1.1075 ]
          rotation: [ 
            1, 3.22046162e-17, 2.00000069e-09, 
            -3.22027103e-17, 1, -4.0234065e-21, 
            -2.00000067e-09, 2.13812133e-21, 1 ]
        - 
          name: LARM_JOINT6
          index: 12
          translation: [ 0.223707185, 0.342278749, 1.04933815 ]
          rotation: [ 
            0.730689595, 0.152244557, -0.665518077, 
            -0.322602371, 0.936116807, -0.140046544, 
            0.601681333, 0.317028262, 0.733125265 ]
        - 
          name: RARM_JOINT6
          index: 19
          translation: [ 0.223707185, -0.342278749, 1.04933815 ]
          rotation: [ 
            0.730689595, -0.152244557, -0.665518077, 
            0.322602371, 0.936116807, 0.140046544, 
            0.601681333, -0.317028262, 0.733125265 ]
        - 
          name: LLEG_JOINT5
          index: 25
          translation: [ -0.0449964966, 0.100000102, 0.503500587 ]
          rotation: [ 
            0.999999873, -1.89546394e-06, 0.000503404979, 
            1.89546365e-06, 1, 1.03626288e-09, 
            -0.000503404979, -8.20769047e-11, 0.999999873 ]
          isTouching: true
          partingDirection: [ 0, 0, 1 ]
        - 
          name: RLEG_JOINT5
          index: 31
          translation: [ 0.220002449, -0.1, 0.253499989 ]
          rotation: [ 
            1, -4.88048558e-15, 3.00010317e-09, 
            4.88048749e-15, 1, 3.97624601e-18, 
            -3.00010311e-09, -3.97811655e-18, 1 ]
  - 
    time: 2.08
    refer: 
      type: Pose
      name: ""
      joints: [ 0, 1, 2, 3, 4, 5 ]
      q: [ 1.1277832e-18, -9.25976322e-17, -0.49483809, 0.849119444, -0.354282475, 9.52851815e-17 ]
      ikLinks: 
        - 
          name: RLEG_JOINT5
          index: 31
          translation: [ 0.219999997, -0.1, 0.197999728 ]
          rotation: [ 
            1, 1.27983905e-17, -1.11850908e-06, 
            -1.27983955e-17, 1, -4.5159615e-18, 
            1.11850909e-06, 4.51606391e-18, 1 ]
  - 
    time: 2.152
    refer: 
      type: Pose
      name: ""
      joints: [ 
        0, 1, 2, 3, 4, 5, 6, 7, 8, 9, 
        10, 11, 12, 13, 14, 15, 16, 17, 18, 19, 
        20, 21, 22, 23, 24, 25, 26, 27, 28, 29, 
        30 ]
      q: [ 
        5.1623372e-15, 0.0409032463, -0.312735345, 0.68881382, -0.376078475, -0.0409032463, -0.023531487, 0.0880257511, -0.546982948, 2.21027226, 
        -1.40163629, -0.0911120979, 0, 0, 0, 0, 0, 0.698131701, -0.34906585, -0.0872664626, 
        -1.3962634, 0, 0, 0, 0.698131701, 0.34906585, 0.0872664626, -1.3962634, 0, 0, 
        0 ]
      ikLinks: 
        - 
          name: WAIST
          index: 0
          isBaseLink: true
          translation: [ 0.25, -0.03, 0.9775 ]
          rotation: [ 
            1, -1.73472348e-17, 2.00000028e-09, 
            3.12250226e-17, 1, -9.71445147e-17, 
            -2.00000031e-09, 5.89523972e-17, 1 ]
        - 
          name: LARM_JOINT6
          index: 12
          translation: [ 0.233707185, 0.312278749, 0.919338149 ]
          rotation: [ 
            0.730689595, 0.152244557, -0.665518077, 
            -0.322602371, 0.936116807, -0.140046544, 
            0.601681333, 0.317028262, 0.733125265 ]
        - 
          name: RARM_JOINT6
          index: 19
          translation: [ 0.233707185, -0.372278749, 0.919338149 ]
          rotation: [ 
            0.730689595, -0.152244557, -0.665518077, 
            0.322602371, 0.936116807, 0.140046544, 
            0.601681333, -0.317028262, 0.733125265 ]
        - 
          name: LLEG_JOINT5
          index: 25
          translation: [ 0.0500030925, 0.0999987305, 0.550000941 ]
          rotation: [ 
            0.966231345, -6.75589147e-06, 0.257676128, 
            6.14072291e-06, 1, 3.19211764e-06, 
            -0.257676128, -1.50200642e-06, 0.966231345 ]
        - 
          name: RLEG_JOINT5
          index: 31
          translation: [ 0.220001392, -0.100001208, 0.103500468 ]
          rotation: [ 
            1, -7.91790222e-15, 2.00006719e-09, 
            7.92768629e-15, 1, -1.04083409e-16, 
            -2.00006722e-09, 6.9388939e-17, 1 ]
          isTouching: true
          partingDirection: [ 0, 0, 1 ]
  - 
    time: 2.28
    refer: 
      type: Pose
      name: ""
      ikLinks: 
        - 
          name: WAIST
          index: 0
          translation: [ 0.22, -0.05, 0.9 ]
          rotation: [ 
            0.999999996, 3.33116427e-07, -9.25361389e-05, 
            -3.33117661e-07, 1, -1.33221316e-08, 
            9.25361389e-05, 1.33529569e-08, 0.999999996 ]
  - 
    time: 2.4
    refer: 
      type: Pose
      name: ""
      joints: [ 
        6, 7, 8, 9, 10, 11 ]
      q: [ 
        -0.0867944827, 0.149682673, -1.2559452, 2.16630044, -0.381693227, -0.172898638 ]
      ikLinks: 
        - 
          name: LLEG_JOINT5
          index: 25
          translation: [ 0.270000044, 0.0999994091, 0.40000166 ]
          rotation: [ 
            0.866798518, -8.6955718e-05, 0.498658522, 
            8.02322193e-05, 0.999999996, 3.49147725e-05, 
            -0.498658524, 9.74440684e-06, 0.866798521 ]
  - 
    time: 3
    refer: 
      type: Pose
      name: ""
      joints: [ 
        0, 1, 2, 3, 4, 5, 6, 7, 8, 9, 
        10, 11, 12, 13, 14, 15, 16, 17, 18, 19, 
        20, 21, 22, 23, 24, 25, 26, 27, 28, 29, 
        30 ]
      q: [ 
        -4.95281188e-11, 0.0495059683, -0.690257758, 1.36150932, -0.671251563, -0.0495059683, -4.95281203e-11, 0.0495059683, -0.690257758, 1.36150932, 
        -0.671251563, -0.0495059683, 0, 0, 0, 0, 0, 0.698131701, -0.34906585, -0.0872664626, 
        -1.3962634, 0, 0, 0, 0.698131701, 0.34906585, 0.0872664626, -1.3962634, 0, 0, 
        0 ]
      ikLinks: 
        - 
          name: WAIST
          index: 0
          isBaseLink: true
          translation: [ 0.2267, -0.03, 0.85 ]
          rotation: [ 
            0.999999986, 6.1226933e-07, -0.000170083999, 
            -6.12273496e-07, 1, -2.44387269e-08, 
            0.000170083999, 2.45428645e-08, 0.999999986 ]
        - 
          name: LARM_JOINT6
          index: 12
          translation: [ 0.210417287, 0.31227876, 0.791835387 ]
          rotation: [ 
            0.730587049, 0.152191206, -0.665642848, 
            -0.322602833, 0.936116706, -0.140046155, 
            0.601805597, 0.317054175, 0.733012056 ]
        - 
          name: RARM_JOINT6
          index: 19
          translation: [ 0.210416868, -0.372278737, 0.79183537 ]
          rotation: [ 
            0.730587444, -0.152190059, -0.665642676, 
            0.322601908, 0.936116908, 0.140046934, 
            0.601805613, -0.317054129, 0.733012063 ]
        - 
          name: LLEG_JOINT5
          index: 25
          translation: [ 0.220000107, 0.0999997021, 0.103512918 ]
          rotation: [ 
            0.999999986, 6.12269346e-07, -0.000170083, 
            -6.12273511e-07, 1, -2.44387771e-08, 
            0.000170083, 2.4542914e-08, 0.999999986 ]
          isTouching: true
          partingDirection: [ 0, 0, 1 ]
        - 
          name: RLEG_JOINT5
          index: 31
          translation: [ 0.219999984, -0.100000298, 0.103512913 ]
          rotation: [ 
            0.999999986, 6.12269346e-07, -0.000170083, 
            -6.12273511e-07, 1, -2.4438777e-08, 
            0.000170083, 2.4542914e-08, 0.999999986 ]
          isTouching: true
          partingDirection: [ 0, 0, 1 ]
  - 
    time: 3.5
    refer: 
      type: Pose
      name: ""
      joints: [ 
        0, 1, 2, 3, 4, 5, 6, 7, 8, 9, 
        10, 11, 12, 13, 14, 15, 16, 17, 18, 19, 
        20, 21, 22, 23, 24, 25, 26, 27, 28, 29, 
        30 ]
      q: [ 
        4.8026528e-17, -3.70328411e-08, -0.691820888, 1.36453459, -0.672713698, 3.70328411e-08, 4.80265381e-17, -3.70328411e-08, -0.691820888, 1.36453459, 
        -0.672713698, 3.70328411e-08, 0, 0, 0, 0, 0, 0.698131701, -0.34906585, -0.0872664626, 
        -1.3962634, 0, 0, 0, 0.698131701, 0.34906585, 0.0872664626, -1.3962634, 0, 0, 
        0 ]
      ikLinks: 
        - 
          name: WAIST
          index: 0
          isBaseLink: true
          translation: [ 0.2267, 0, 0.85 ]
          rotation: [ 
            0.999999986, 6.1226933e-07, -0.000170083999, 
            -6.12273496e-07, 1, -2.44387269e-08, 
            0.000170083999, 2.45428645e-08, 0.999999986 ]
        - 
          name: LARM_JOINT6
          index: 12
          translation: [ 0.210417287, 0.34227876, 0.791835387 ]
          rotation: [ 
            0.730587049, 0.152191206, -0.665642848, 
            -0.322602833, 0.936116706, -0.140046155, 
            0.601805597, 0.317054175, 0.733012056 ]
        - 
          name: RARM_JOINT6
          index: 19
          translation: [ 0.210416868, -0.342278737, 0.79183537 ]
          rotation: [ 
            0.730587444, -0.152190059, -0.665642676, 
            0.322601908, 0.936116908, 0.140046934, 
            0.601805613, -0.317054129, 0.733012063 ]
        - 
          name: LLEG_JOINT5
          index: 25
          translation: [ 0.220000107, 0.1, 0.103512851 ]
          rotation: [ 
            0.999999986, 6.1226933e-07, -0.000170082999, 
            -6.12273496e-07, 1, -2.44387275e-08, 
            0.000170082999, 2.45428645e-08, 0.999999986 ]
          isTouching: true
          partingDirection: [ 0, 0, 1 ]
        - 
          name: RLEG_JOINT5
          index: 31
          translation: [ 0.219999984, -0.1, 0.103512846 ]
          rotation: [ 
            0.999999986, 6.1226933e-07, -0.000170082999, 
            -6.12273496e-07, 1, -2.44387275e-08, 
            0.000170082999, 2.45428645e-08, 0.999999986 ]
          isTouching: true
          partingDirection: [ 0, 0, 1 ]
