# Body pose sequence format version 1.0 defined by cnoid-Robotics

type: PoseSeq
name: "jump-off-200msec"
targetBody: "JAXON_BLUE"
refs: 
  - 
    time: 0
    refer: 
      type: Pose
      name: ""
      joints: [ 
        0, 1, 2, 3, 4, 5, 6, 7, 8, 9, 
        10, 11, 12, 13, 14, 15, 16, 17, 18, 19, 
        20, 21, 22, 23, 24, 25, 26, 27, 28, 29, 
        30 ]
      q: [ 
        1.90226153e-19, 4.6590047e-18, -0.291687718, 0.687644268, -0.395956552, -5.90674691e-18, 1.9399532e-19, 4.75821124e-18, -0.291687718, 0.687644268, 
        -0.395956552, -6.03253236e-18, 0, 0, 0, 0, 0, 0.698132, -0.349066, -0.087266, 
        -1.396263, 0, 0, 0, 0.698132, 0.349066, 0.087266, -1.396263, 0, 0, 
        0 ]
      ikLinks: 
        - 
          name: WAIST
          index: 0
          isBaseLink: true
          translation: [ 2.49800181e-18, 0, 0.9775 ]
          rotation: [ 
            1, -7.22223729e-35, -2.77555756e-16, 
            -1.6851887e-34, 1, 1.54074396e-33, 
            2.77555756e-16, 1.59354232e-33, 1 ]
        - 
          name: LARM_JOINT6
          index: 12
          translation: [ -0.0162930225, 0.342278723, 0.919338074 ]
          rotation: [ 
            0.730689996, 0.152245103, -0.665517511, 
            -0.322602529, 0.936116794, -0.140046267, 
            0.601680761, 0.317028039, 0.733125832 ]
        - 
          name: RARM_JOINT6
          index: 19
          translation: [ -0.0162930225, -0.342278723, 0.919338074 ]
          rotation: [ 
            0.730689996, -0.152245103, -0.665517511, 
            0.322602529, 0.936116794, 0.140046267, 
            0.601680761, -0.317028039, 0.733125832 ]
        - 
          name: LLEG_JOINT5
          index: 25
          translation: [ -0.0450001185, 0.1, 0.103500015 ]
          rotation: [ 
            1, -1.93995314e-19, -1.00001329e-09, 
            1.93995316e-19, 1, 1.27432112e-18, 
            1.00001329e-09, -1.27432112e-18, 1 ]
          isTouching: true
          partingDirection: [ 0, 0, 1 ]
        - 
          name: RLEG_JOINT5
          index: 31
          translation: [ -0.0450001185, -0.1, 0.103500015 ]
          rotation: [ 
            1, -1.90226147e-19, -1.00001335e-09, 
            1.90226148e-19, 1, 1.24774221e-18, 
            1.00001335e-09, -1.24774221e-18, 1 ]
          isTouching: true
          partingDirection: [ 0, 0, 1 ]
  - 
    time: 0.2
    refer: 
      type: Pose
      name: ""
      joints: [ 
        0, 1, 2, 3, 4, 5, 6, 7, 8, 9, 
        10, 11, 12, 13, 14, 15, 16, 17, 18, 19, 
        20, 21, 22, 23, 24, 25, 26, 27, 28, 29, 
        30 ]
      q: [ 
        1.90226153e-19, 4.6590047e-18, -0.291687718, 0.687644268, -0.395956552, -5.90674691e-18, 1.9399532e-19, 4.75821124e-18, -0.291687718, 0.687644268, 
        -0.395956552, -6.03253236e-18, 0, 0, 0, 0, 0, 0.698132, -0.349066, -0.087266, 
        -1.396263, 0, 0, 0, 0.698132, 0.349066, 0.087266, -1.396263, 0, 0, 
        0 ]
      ikLinks: 
        - 
          name: WAIST
          index: 0
          isBaseLink: true
          translation: [ 2.49800181e-18, 0, 0.9775 ]
          rotation: [ 
            1, -7.22223729e-35, -2.77555756e-16, 
            -1.6851887e-34, 1, 1.54074396e-33, 
            2.77555756e-16, 1.59354232e-33, 1 ]
        - 
          name: LARM_JOINT6
          index: 12
          translation: [ -0.0162930225, 0.342278723, 0.919338074 ]
          rotation: [ 
            0.730689996, 0.152245103, -0.665517511, 
            -0.322602529, 0.936116794, -0.140046267, 
            0.601680761, 0.317028039, 0.733125832 ]
        - 
          name: RARM_JOINT6
          index: 19
          translation: [ -0.0162930225, -0.342278723, 0.919338074 ]
          rotation: [ 
            0.730689996, -0.152245103, -0.665517511, 
            0.322602529, 0.936116794, 0.140046267, 
            0.601680761, -0.317028039, 0.733125832 ]
        - 
          name: LLEG_JOINT5
          index: 25
          translation: [ -0.0450001185, 0.1, 0.103500015 ]
          rotation: [ 
            1, -1.93995314e-19, -1.00001329e-09, 
            1.93995316e-19, 1, 1.27432112e-18, 
            1.00001329e-09, -1.27432112e-18, 1 ]
          isTouching: true
          partingDirection: [ 0, 0, 1 ]
        - 
          name: RLEG_JOINT5
          index: 31
          translation: [ -0.0450001185, -0.1, 0.103500015 ]
          rotation: [ 
            1, -1.90226147e-19, -1.00001335e-09, 
            1.90226148e-19, 1, 1.24774221e-18, 
            1.00001335e-09, -1.24774221e-18, 1 ]
          isTouching: true
          partingDirection: [ 0, 0, 1 ]
  - 
    time: 1.1
    refer: 
      type: Pose
      name: ""
      joints: [ 
        0, 1, 2, 3, 4, 5, 6, 7, 8, 9, 
        10, 11, 12, 13, 14, 15, 16, 17, 18, 19, 
        20, 21, 22, 23, 24, 25, 26, 27, 28, 29, 
        30 ]
      q: [ 
        -2.62398283e-18, 1.29266678e-16, -0.994230141, 1.89519165, -0.900961513, -1.4308435e-16, -2.80393628e-18, 1.24378726e-16, -0.994230141, 1.89519165, 
        -0.900961513, -1.36953772e-16, 0, 0, 0, 0, 0, 0.698132, -0.349066, -0.087266, 
        -1.396263, 0, 0, 0, 0.698132, 0.349066, 0.087266, -1.396263, 0, 0, 
        0 ]
      ikLinks: 
        - 
          name: WAIST
          index: 0
          isBaseLink: true
          translation: [ -0.05, 0, 0.7 ]
          rotation: [ 
            1, 2.77333912e-32, -3.33066907e-16, 
            1.46370676e-32, 1, 2.46519033e-32, 
            3.33066907e-16, 2.37180049e-32, 1 ]
        - 
          name: LARM_JOINT6
          index: 12
          translation: [ -0.0662930225, 0.342278723, 0.641838074 ]
          rotation: [ 
            0.730689996, 0.152245103, -0.665517511, 
            -0.322602529, 0.936116794, -0.140046267, 
            0.601680761, 0.317028039, 0.733125832 ]
        - 
          name: RARM_JOINT6
          index: 19
          translation: [ -0.0662930225, -0.342278723, 0.641838074 ]
          rotation: [ 
            0.730689996, -0.152245103, -0.665517511, 
            0.322602529, 0.936116794, 0.140046267, 
            0.601680761, -0.317028039, 0.733125832 ]
        - 
          name: LLEG_JOINT5
          index: 25
          translation: [ -0.0450006726, 0.1, 0.103500986 ]
          rotation: [ 
            1, 2.80393655e-18, -1.99949707e-09, 
            -2.80393653e-18, 1, 1.25750464e-17, 
            1.99949707e-09, -1.25750464e-17, 1 ]
          isTouching: true
          partingDirection: [ 0, 0, 1 ]
        - 
          name: RLEG_JOINT5
          index: 31
          translation: [ -0.0450006726, -0.1, 0.103500986 ]
          rotation: [ 
            1, 2.62398312e-18, -1.99949568e-09, 
            -2.62398309e-18, 1, 1.38176725e-17, 
            1.99949568e-09, -1.38176725e-17, 1 ]
          isTouching: true
          partingDirection: [ 0, 0, 1 ]
  - 
    time: 1.5
    refer: 
      type: Pose
      name: ""
      joints: [ 
        0, 1, 2, 3, 4, 5, 6, 7, 8, 9, 
        10, 11, 12, 13, 14, 15, 16, 17, 18, 19, 
        20, 21, 22, 23, 24, 25, 26, 27, 28, 29, 
        30 ]
      q: [ 
        -1.44111005e-19, -4.27751731e-18, -0.550268453, 1.14377469, -0.593506236, 5.19344875e-18, -1.55613585e-19, -4.54414702e-18, -0.550268453, 1.14377469, 
        -0.593506236, 5.51725903e-18, 0, 0, 0, 0, 0, 0.698132, -0.349066, -0.087266, 
        -1.396263, 0, 0, 0, 0.698132, 0.349066, 0.087266, -1.396263, 0, 0, 
        0 ]
      ikLinks: 
        - 
          name: WAIST
          index: 0
          isBaseLink: true
          translation: [ -0.02, 0, 0.9 ]
          rotation: [ 
            1, 1.03518735e-33, 2.22044605e-16, 
            -3.85185989e-34, 1, 0, 
            -2.22044605e-16, 3.19990713e-35, 1 ]
        - 
          name: LARM_JOINT6
          index: 12
          translation: [ -0.0362930225, 0.342278723, 0.841838074 ]
          rotation: [ 
            0.730689996, 0.152245103, -0.665517511, 
            -0.322602529, 0.936116794, -0.140046267, 
            0.601680761, 0.317028039, 0.733125832 ]
        - 
          name: RARM_JOINT6
          index: 19
          translation: [ -0.0362930225, -0.342278723, 0.841838074 ]
          rotation: [ 
            0.730689996, -0.152245103, -0.665517511, 
            0.322602529, 0.936116794, 0.140046267, 
            0.601680761, -0.317028039, 0.733125832 ]
        - 
          name: LLEG_JOINT5
          index: 25
          translation: [ -0.0450003217, 0.1, 0.103500077 ]
          rotation: [ 
            1, 1.55613601e-19, 2.99995678e-09, 
            -1.55613598e-19, 1, -9.73112018e-19, 
            -2.99995678e-09, 9.73112017e-19, 1 ]
          isTouching: true
          partingDirection: [ 0, 0, 1 ]
        - 
          name: RLEG_JOINT5
          index: 31
          translation: [ -0.0450003217, -0.1, 0.103500077 ]
          rotation: [ 
            1, 1.44111021e-19, 2.99995628e-09, 
            -1.44111018e-19, 1, -9.1593144e-19, 
            -2.99995628e-09, 9.15931439e-19, 1 ]
          isTouching: true
          partingDirection: [ 0, 0, 1 ]
  - 
    time: 1.6
    refer: 
      type: Pose
      name: ""
      joints: [ 
        0, 1, 2, 3, 4, 5, 6, 7, 8, 9, 
        10, 11, 12, 13, 14, 15, 16, 17, 18, 19, 
        20, 21, 22, 23, 24, 25, 26, 27, 28, 29, 
        30 ]
      q: [ 
        7.4564347e-20, 2.78228692e-18, -0.464104148, 0.973605047, -0.509500895, -3.42344546e-18, 8.6627272e-20, 3.08839175e-18, -0.464104148, 0.973605047, 
        -0.509500895, -3.80096846e-18, 0, 0, 0, 0, 0, 0.698132, -0.349066, -0.087266, 
        -1.396263, 0, 0, 0, 0.698132, 0.349066, 0.087266, -1.396263, 0, 0, 
        0 ]
      ikLinks: 
        - 
          name: WAIST
          index: 0
          isBaseLink: true
          translation: [ -0.02, 0, 0.95 ]
          rotation: [ 
            1, 1.6851887e-34, -5.55111512e-17, 
            -1.6851887e-34, 1, -3.4666739e-33, 
            5.55111512e-17, 4.24118503e-33, 1 ]
        - 
          name: LARM_JOINT6
          index: 12
          translation: [ -0.0362930225, 0.342278723, 0.891838074 ]
          rotation: [ 
            0.730689996, 0.152245103, -0.665517511, 
            -0.322602529, 0.936116794, -0.140046267, 
            0.601680761, 0.317028039, 0.733125832 ]
        - 
          name: RARM_JOINT6
          index: 19
          translation: [ -0.0362930225, -0.342278723, 0.891838074 ]
          rotation: [ 
            0.730689996, -0.152245103, -0.665517511, 
            0.322602529, 0.936116794, 0.140046267, 
            0.601680761, -0.317028039, 0.733125832 ]
        - 
          name: LLEG_JOINT5
          index: 25
          translation: [ -0.0450003213, 0.1, 0.120000068 ]
          rotation: [ 
            1, -8.66272872e-20, 3.99995892e-09, 
            8.66272843e-20, 1, 7.12576708e-19, 
            -3.99995892e-09, -7.12576707e-19, 1 ]
        - 
          name: RLEG_JOINT5
          index: 31
          translation: [ -0.0450003213, -0.1, 0.120000068 ]
          rotation: [ 
            1, -7.45643607e-20, 3.99995886e-09, 
            7.45643581e-20, 1, 6.41158543e-19, 
            -3.99995886e-09, -6.41158542e-19, 1 ]
  - 
    time: 1.7
    refer: 
      type: Pose
      name: ""
      joints: [ 
        0, 1, 2, 3, 4, 5, 6, 7, 8, 9, 
        10, 11, 12, 13, 14, 15, 16, 17, 18, 19, 
        20, 21, 22, 23, 24, 25, 26, 27, 28, 29, 
        30 ]
      q: [ 
        -2.91371612e-19, -8.51810222e-18, -0.550268453, 1.14377469, -0.593506236, 1.03470041e-17, -4.59258626e-19, -1.27823881e-17, -0.550268453, 1.14377469, 
        -0.593506236, 1.55256186e-17, 0, 0, 0, 0, 0, 0.698132, -0.349066, -0.087266, 
        -1.396263, 0, 0, 0, 0.698132, 0.349066, 0.087266, -1.396263, 0, 0, 
        0 ]
      ikLinks: 
        - 
          name: WAIST
          index: 0
          isBaseLink: true
          translation: [ -0.02, 0, 0.9 ]
          rotation: [ 
            1, -2.40741243e-34, -2.77555756e-16, 
            3.85185989e-34, 1, -1.54074396e-33, 
            2.77555756e-16, -8.08718681e-35, 1 ]
        - 
          name: LARM_JOINT6
          index: 12
          translation: [ -0.0362930225, 0.342278723, 0.841838074 ]
          rotation: [ 
            0.730689996, 0.152245103, -0.665517511, 
            -0.322602529, 0.936116794, -0.140046267, 
            0.601680761, 0.317028039, 0.733125832 ]
        - 
          name: RARM_JOINT6
          index: 19
          translation: [ -0.0362930225, -0.342278723, 0.841838074 ]
          rotation: [ 
            0.730689996, -0.152245103, -0.665517511, 
            0.322602529, 0.936116794, 0.140046267, 
            0.601680761, -0.317028039, 0.733125832 ]
        - 
          name: LLEG_JOINT5
          index: 25
          translation: [ -0.0450003217, 0.1, 0.103500077 ]
          rotation: [ 
            1, 4.59258673e-19, 2.99995567e-09, 
            -4.59258665e-19, 1, -2.74323045e-18, 
            -2.99995567e-09, 2.74323045e-18, 1 ]
          isTouching: true
          partingDirection: [ 0, 0, 1 ]
        - 
          name: RLEG_JOINT5
          index: 31
          translation: [ -0.0450003217, -0.1, 0.103500077 ]
          rotation: [ 
            1, 2.91371643e-19, 2.99995567e-09, 
            -2.91371637e-19, 1, -1.82890187e-18, 
            -2.99995567e-09, 1.82890187e-18, 1 ]
          isTouching: true
          partingDirection: [ 0, 0, 1 ]
  - 
    time: 2.1
    refer: 
      type: Pose
      name: ""
      joints: [ 
        0, 1, 2, 3, 4, 5, 6, 7, 8, 9, 
        10, 11, 12, 13, 14, 15, 16, 17, 18, 19, 
        20, 21, 22, 23, 24, 25, 26, 27, 28, 29, 
        30 ]
      q: [ 
        -9.43014377e-19, 2.04819361e-17, -0.994228919, 1.89518995, -0.900961047, -1.67446175e-17, -6.38709949e-19, -2.42274367e-18, -0.994228919, 1.89518995, 
        -0.900961047, 5.79259638e-18, 0, 0, 0, 0, 0, 0.698132, -0.349066, -0.087266, 
        -1.396263, 0, 0, 0, 0.698132, 0.349066, 0.087266, -1.396263, 0, 0, 
        0 ]
      ikLinks: 
        - 
          name: WAIST
          index: 0
          isBaseLink: true
          translation: [ -0.05, 0, 0.7 ]
          rotation: [ 
            1, -1.14592832e-32, 3.33066907e-16, 
            1.16518762e-32, 1, 2.11852294e-32, 
            -3.33066907e-16, -2.02021243e-32, 1 ]
        - 
          name: LARM_JOINT6
          index: 12
          translation: [ -0.0662930225, 0.342278723, 0.641838074 ]
          rotation: [ 
            0.730689996, 0.152245103, -0.665517511, 
            -0.322602529, 0.936116794, -0.140046267, 
            0.601680761, 0.317028039, 0.733125832 ]
        - 
          name: RARM_JOINT6
          index: 19
          translation: [ -0.0662930225, -0.342278723, 0.641838074 ]
          rotation: [ 
            0.730689996, -0.152245103, -0.665517511, 
            0.322602529, 0.936116794, 0.140046267, 
            0.601680761, -0.317028039, 0.733125832 ]
        - 
          name: LLEG_JOINT5
          index: 25
          translation: [ -0.0450008076, 0.1, 0.103500448 ]
          rotation: [ 
            1, 6.3870988e-19, -1.20000003e-08, 
            -6.3870992e-19, 1, -3.3698527e-18, 
            1.20000003e-08, 3.36985271e-18, 1 ]
          isTouching: true
          partingDirection: [ 0, 0, 1 ]
        - 
          name: RLEG_JOINT5
          index: 31
          translation: [ -0.0450008076, -0.1, 0.103500448 ]
          rotation: [ 
            1, 9.43014577e-19, -1.20000002e-08, 
            -9.43014622e-19, 1, -3.73731862e-18, 
            1.20000002e-08, 3.73731863e-18, 1 ]
          isTouching: true
          partingDirection: [ 0, 0, 1 ]
  - 
    time: 2.3
    refer: 
      type: Pose
      name: ""
      joints: [ 
        0, 1, 2, 3, 4, 5, 6, 7, 8, 9, 
        10, 11, 12, 13, 14, 15, 16, 17, 18, 19, 
        20, 21, 22, 23, 24, 25, 26, 27, 28, 29, 
        30 ]
      q: [ 
        -9.58652078e-19, 2.3557911e-17, -0.994228012, 1.89518785, -0.900959848, -2.01072336e-17, -6.35079593e-19, -4.07953147e-18, -0.994228012, 1.89518785, 
        -0.900959848, 7.6260347e-18, 0, 0, 0, 0, 0, 0.698132, -0.349066, -0.087266, 
        -1.396263, 0, 0, 0, 0.698132, 0.349066, 0.087266, -1.396263, 0, 0, 
        0 ]
      ikLinks: 
        - 
          name: WAIST
          index: 0
          isBaseLink: true
          translation: [ -0.05, 0, 0.7 ]
          rotation: [ 
            1, -1.25185446e-32, 3.33066907e-16, 
            1.30000271e-32, 1, 1.69481835e-32, 
            -3.33066907e-16, -1.90477754e-32, 1 ]
        - 
          name: LARM_JOINT6
          index: 12
          translation: [ -0.0662930225, 0.342278723, 0.641838074 ]
          rotation: [ 
            0.730689996, 0.152245103, -0.665517511, 
            -0.322602529, 0.936116794, -0.140046267, 
            0.601680761, 0.317028039, 0.733125832 ]
        - 
          name: RARM_JOINT6
          index: 19
          translation: [ -0.0662930225, -0.342278723, 0.641838074 ]
          rotation: [ 
            0.730689996, -0.152245103, -0.665517511, 
            0.322602529, 0.936116794, 0.140046267, 
            0.601680761, -0.317028039, 0.733125832 ]
        - 
          name: LLEG_JOINT5
          index: 25
          translation: [ -0.0450006976, 0.1, 0.103499782 ]
          rotation: [ 
            1, 6.35079502e-19, -1.19999999e-08, 
            -6.35079544e-19, 1, -3.54650322e-18, 
            1.19999999e-08, 3.54650323e-18, 1 ]
          isTouching: true
          partingDirection: [ 0, 0, 1 ]
        - 
          name: RLEG_JOINT5
          index: 31
          translation: [ -0.0450006976, -0.1, 0.103499782 ]
          rotation: [ 
            1, 9.5865232e-19, -1.20000003e-08, 
            -9.58652361e-19, 1, -3.45067747e-18, 
            1.20000003e-08, 3.45067748e-18, 1 ]
          isTouching: true
          partingDirection: [ 0, 0, 1 ]
