# Body pose sequence format version 1.0 defined by cnoid-Robotics

type: PoseSeq
name: "jump-off-400mm"
targetBody: "JAXON_BLUE"
refs: 
  - 
    time: 0
    refer: 
      type: Pose
      name: ""
      joints: [ 
        0, 1, 2, 3, 4, 5, 6, 7, 8, 9, 
        10, 11, 12, 13, 14, 15, 16, 17, 18, 19, 
        20, 21, 22, 23, 24, 25, 26, 27, 28, 29, 
        30 ]
      q: [ 
        7.14743789e-19, -1.40321111e-17, -0.365123231, 0.697946263, -0.332823034, 8.62698462e-18, 7.20365698e-19, -1.38395382e-17, -0.365123231, 0.697946263, 
        -0.332823034, 8.38260639e-18, 0, 0, 0, 0, 0, 0.698132, -0.349066, -0.087266, 
        -1.396263, 0, 0, 0, 0.698132, 0.349066, 0.087266, -1.396263, 0, 0, 
        0 ]
      ikLinks: 
        - 
          name: WAIST
          index: 0
          isBaseLink: true
          translation: [ -0.0499994972, 0, 1.35749983 ]
          rotation: [ 
            1, -2.31111593e-33, -3.88578059e-16, 
            1.44444746e-33, 1, 1.54074396e-33, 
            3.88578059e-16, 3.36140622e-33, 1 ]
        - 
          name: LARM_JOINT6
          index: 12
          translation: [ -0.0662925198, 0.342278723, 1.2993379 ]
          rotation: [ 
            0.730689996, 0.152245103, -0.665517511, 
            -0.322602529, 0.936116794, -0.140046267, 
            0.601680761, 0.317028039, 0.733125832 ]
        - 
          name: RARM_JOINT6
          index: 19
          translation: [ -0.0662925198, -0.342278723, 1.2993379 ]
          rotation: [ 
            0.730689996, -0.152245103, -0.665517511, 
            0.322602529, 0.936116794, 0.140046267, 
            0.601680761, -0.317028039, 0.733125832 ]
        - 
          name: LLEG_JOINT5
          index: 25
          translation: [ -0.045, 0.1, 0.4835 ]
          rotation: [ 
            1, -7.20365715e-19, -2.00000039e-09, 
            7.20365726e-19, 1, 5.45693181e-18, 
            2.00000039e-09, -5.45693181e-18, 1 ]
          isTouching: true
          partingDirection: [ 0, 0, 1 ]
        - 
          name: RLEG_JOINT5
          index: 31
          translation: [ -0.045, -0.1, 0.4835 ]
          rotation: [ 
            1, -7.14743806e-19, -2.00000044e-09, 
            7.14743817e-19, 1, 5.40512648e-18, 
            2.00000044e-09, -5.40512648e-18, 1 ]
          isTouching: true
          partingDirection: [ 0, 0, 1 ]
  - 
    time: 0.2
    refer: 
      type: Pose
      name: ""
      joints: [ 
        0, 1, 2, 3, 4, 5, 6, 7, 8, 9, 
        10, 11, 12, 13, 14, 15, 16, 17, 18, 19, 
        20, 21, 22, 23, 24, 25, 26, 27, 28, 29, 
        30 ]
      q: [ 
        7.14743789e-19, -1.40321111e-17, -0.365123231, 0.697946263, -0.332823034, 8.62698462e-18, 7.20365698e-19, -1.38395382e-17, -0.365123231, 0.697946263, 
        -0.332823034, 8.38260639e-18, 0, 0, 0, 0, 0, 0.698132, -0.349066, -0.087266, 
        -1.396263, 0, 0, 0, 0.698132, 0.349066, 0.087266, -1.396263, 0, 0, 
        0 ]
      ikLinks: 
        - 
          name: WAIST
          index: 0
          isBaseLink: true
          translation: [ -0.0499994972, 0, 1.35749983 ]
          rotation: [ 
            1, -2.31111593e-33, -3.88578059e-16, 
            1.44444746e-33, 1, 1.54074396e-33, 
            3.88578059e-16, 3.36140622e-33, 1 ]
        - 
          name: LARM_JOINT6
          index: 12
          translation: [ -0.0662925198, 0.342278723, 1.2993379 ]
          rotation: [ 
            0.730689996, 0.152245103, -0.665517511, 
            -0.322602529, 0.936116794, -0.140046267, 
            0.601680761, 0.317028039, 0.733125832 ]
        - 
          name: RARM_JOINT6
          index: 19
          translation: [ -0.0662925198, -0.342278723, 1.2993379 ]
          rotation: [ 
            0.730689996, -0.152245103, -0.665517511, 
            0.322602529, 0.936116794, 0.140046267, 
            0.601680761, -0.317028039, 0.733125832 ]
        - 
          name: LLEG_JOINT5
          index: 25
          translation: [ -0.045, 0.1, 0.4835 ]
          rotation: [ 
            1, -7.20365715e-19, -2.00000039e-09, 
            7.20365726e-19, 1, 5.45693181e-18, 
            2.00000039e-09, -5.45693181e-18, 1 ]
          isTouching: true
          partingDirection: [ 0, 0, 1 ]
        - 
          name: RLEG_JOINT5
          index: 31
          translation: [ -0.045, -0.1, 0.4835 ]
          rotation: [ 
            1, -7.14743806e-19, -2.00000044e-09, 
            7.14743817e-19, 1, 5.40512648e-18, 
            2.00000044e-09, -5.40512648e-18, 1 ]
          isTouching: true
          partingDirection: [ 0, 0, 1 ]
  - 
    time: 1
    refer: 
      type: Pose
      name: ""
      joints: [ 
        0, 1, 2, 3, 4, 5, 6, 7, 8, 9, 
        10, 11, 12, 13, 14, 15, 16, 17, 18, 19, 
        20, 21, 22, 23, 24, 25, 26, 27, 28, 29, 
        30 ]
      q: [ 
        -2.61754758e-05, -0.150050834, -0.972125663, 1.85454268, -0.882587875, 0.15005086, -2.61712903e-05, -0.150050834, -0.972125663, 1.85454268, 
        -0.882587875, 0.150050863, -3.28678554e-05, 0, 0.000108645879, 5.30235365e-05, 0.00328566667, 0.704197886, -0.34985285, -0.0867770556, 
        -1.39420616, 6.13345455e-05, 0.000528746502, 2.37059821e-05, 0.704168753, 0.349849667, 0.0867443478, -1.39420058, -8.53761772e-05, 0.000528474775, 
        -2.38604177e-05 ]
      ikLinks: 
        - 
          name: WAIST
          index: 0
          isBaseLink: true
          translation: [ -0.05, 0.07, 1.0875 ]
          rotation: [ 
            1, -2.20567379e-17, -2.04339922e-16, 
            2.06980971e-17, 1, 3.33066907e-16, 
            5.55060664e-17, -1.94290482e-16, 1 ]
        - 
          name: LARM_JOINT6
          index: 12
          translation: [ -0.0692533614, 0.41259001, 1.02922056 ]
          rotation: [ 
            0.73586314, 0.155013979, -0.659148015, 
            -0.323033919, 0.935895086, -0.140532826, 
            0.595108835, 0.316340093, 0.73876547 ]
        - 
          name: RARM_JOINT6
          index: 19
          translation: [ -0.0691887203, -0.272613056, 1.02924781 ]
          rotation: [ 
            0.735810724, -0.155185234, -0.659166232, 
            0.323208742, 0.935844587, 0.140467143, 
            0.595078723, -0.316405519, 0.738761708 ]
        - 
          name: LLEG_JOINT5
          index: 25
          translation: [ -0.0450000001, 0.100000195, 0.483500038 ]
          rotation: [ 
            0.999999986, 6.30055016e-07, -0.000168937768, 
            -6.30059476e-07, 1, -2.63507313e-08, 
            0.000168937768, 2.64571719e-08, 0.999999986 ]
          isTouching: true
          partingDirection: [ 0, 0, 1 ]
        - 
          name: RLEG_JOINT5
          index: 31
          translation: [ -0.0450000004, -0.099999805, 0.483500038 ]
          rotation: [ 
            0.999999986, 6.34241022e-07, -0.000168937768, 
            -6.34244976e-07, 1, -2.33500242e-08, 
            0.000168937768, 2.34571719e-08, 0.999999986 ]
          isTouching: true
          partingDirection: [ 0, 0, 1 ]
  - 
    time: 1.3
    refer: 
      type: Pose
      name: ""
      joints: [ 0, 1, 2, 3, 4, 5 ]
      q: [ -2.06097309e-05, -0.13903514, -1.43913246, 2.11974999, -0.680773829, 0.139035166 ]
      ikLinks: 
        - 
          name: RLEG_JOINT5
          index: 31
          translation: [ 0.100000326, -0.0999999841, 0.540000114 ]
          rotation: [ 
            0.999999988, -1.05069314e-06, -0.000154785326, 
            1.05068936e-06, 1, -2.4486289e-08, 
            0.000154785326, 2.43236575e-08, 0.999999988 ]
  - 
    time: 1.6
    refer: 
      type: Pose
      name: ""
      joints: [ 0, 1, 2, 3, 4, 5 ]
      q: [ 9.57367499e-05, -0.115672044, -1.38963282, 1.811503, -0.421176876, 0.115672448 ]
      ikLinks: 
        - 
          name: RLEG_JOINT5
          index: 31
          translation: [ 0.259999027, -0.0999999874, 0.451000108 ]
          rotation: [ 
            0.999999763, -1.57181967e-05, 0.000688681442, 
            1.57184522e-05, 1, -3.65565834e-07, 
            -0.000688681437, 3.76390753e-07, 0.999999763 ]
  - 
    time: 1.6
    refer: 
      type: Pose
      name: ""
      ikLinks: 
        - 
          name: WAIST
          index: 0
          translation: [ 0.05, 0.07, 1.0225 ]
          rotation: [ 
            1, 1.619527e-17, 9.99999691e-10, 
            1.76182853e-19, 1, 6.66133815e-16, 
            -9.99999477e-10, -7.19583101e-16, 1 ]
  - 
    time: 2
    refer: 
      type: Pose
      name: ""
      joints: [ 
        0, 1, 2, 3, 4, 5, 6, 7, 8, 9, 
        10, 11, 12, 13, 14, 15, 16, 17, 18, 19, 
        20, 21, 22, 23, 24, 25, 26, 27, 28, 29, 
        30 ]
      q: [ 
        4.89058823e-15, -5.21894622e-16, -0.423127309, 0.58897036, -0.165843051, 4.88576819e-16, 1.89487211e-06, 1.17556641e-06, -0.240674204, 1.54208785, 
        -1.30091023, -1.17564865e-06, 0, 0, 0, 0, 0, 0.698131701, -0.34906585, -0.0872664626, 
        -1.3962634, 0, 0, 0, 0.698131701, 0.34906585, 0.0872664626, -1.3962634, 0, 0, 
        0 ]
      ikLinks: 
        - 
          name: WAIST
          index: 0
          isBaseLink: true
          translation: [ 0.25, 0, 1.1 ]
          rotation: [ 
            1, 3.21984752e-17, 2.00000053e-09, 
            -3.21967811e-17, 1, -4.87043945e-21, 
            -2.00000064e-09, 4.28737581e-21, 1 ]
        - 
          name: LARM_JOINT6
          index: 12
          translation: [ 0.233707185, 0.342278749, 1.04183815 ]
          rotation: [ 
            0.730689595, 0.152244557, -0.665518077, 
            -0.322602371, 0.936116807, -0.140046544, 
            0.601681333, 0.317028262, 0.733125265 ]
        - 
          name: RARM_JOINT6
          index: 19
          translation: [ 0.233707185, -0.342278749, 1.04183815 ]
          rotation: [ 
            0.730689595, -0.152244557, -0.665518077, 
            0.322602371, 0.936116807, 0.140046544, 
            0.601681333, -0.317028262, 0.733125265 ]
        - 
          name: LLEG_JOINT5
          index: 25
          translation: [ -0.0449983183, 0.1, 0.483497982 ]
          rotation: [ 
            0.999999873, -1.89546395e-06, 0.000503419979, 
            1.89546367e-06, 1, 1.03629576e-09, 
            -0.000503419979, -8.20813466e-11, 0.999999873 ]
          isTouching: true
          partingDirection: [ 0, 0, 1 ]
        - 
          name: RLEG_JOINT5
          index: 31
          translation: [ 0.339999756, -0.1, 0.218000659 ]
          rotation: [ 
            1, -4.85838975e-15, 2.20014129e-09, 
            4.85839145e-15, 1, 3.3312934e-17, 
            -2.20014126e-09, -3.33135063e-17, 1 ]
  - 
    time: 2.074
    refer: 
      type: Pose
      name: ""
      joints: [ 0, 1, 2, 3, 4, 5 ]
      q: [ 2.29043691e-08, 0.0204340679, -0.444443315, 0.668368032, -0.223925839, -0.0204340679 ]
      ikLinks: 
        - 
          name: RLEG_JOINT5
          index: 31
          translation: [ 0.379999997, -0.1, 0.176000219 ]
          rotation: [ 
            1, 2.19710671e-11, -1.11981036e-06, 
            -2.19710673e-11, 1, -1.21395949e-14, 
            1.11981036e-06, 1.21465338e-14, 1 ]
  - 
    time: 2.1
    refer: 
      type: Pose
      name: ""
      joints: [ 0, 1, 2, 3, 4, 5 ]
      q: [ 2.02137292e-07, 0.028470517, -0.460890784, 0.742460438, -0.281804138, -0.0284705171 ]
      ikLinks: 
        - 
          name: RLEG_JOINT5
          index: 31
          translation: [ 0.391499998, -0.100000001, 0.154999817 ]
          rotation: [ 
            0.999999973, 6.47284404e-06, -0.00023438706, 
            -6.47284404e-06, 1, 7.56657622e-10, 
            0.00023438706, 7.60493262e-10, 0.999999973 ]
  - 
    time: 2.152
    refer: 
      type: Pose
      name: ""
      joints: [ 
        0, 1, 2, 3, 4, 5, 6, 7, 8, 9, 
        10, 11, 12, 13, 14, 15, 16, 17, 18, 19, 
        20, 21, 22, 23, 24, 25, 26, 27, 28, 29, 
        30 ]
      q: [ 
        4.23127649e-13, 0.0413272025, -0.429161136, 0.742042595, -0.31288146, -0.0413272025, -0.0344996819, 0.0739476754, -0.323916842, 2.09728098, 
        -1.33664449, -0.0843508961, 0, 0, 0, 0, 0, 0.698131701, -0.34906585, -0.0872664626, 
        -1.3962634, 0, 0, 0, 0.698131701, 0.34906585, 0.0872664626, -1.3962634, 0, 0, 
        0 ]
      ikLinks: 
        - 
          name: WAIST
          index: 0
          isBaseLink: true
          translation: [ 0.37, -0.03, 0.97 ]
          rotation: [ 
            1, -6.9388939e-18, 2.00000071e-09, 
            4.85722573e-17, 1, -6.9388939e-17, 
            -2.00000078e-09, 9.51171414e-17, 1 ]
        - 
          name: LARM_JOINT6
          index: 12
          translation: [ 0.353707185, 0.312278749, 0.911838149 ]
          rotation: [ 
            0.730689595, 0.152244557, -0.665518077, 
            -0.322602371, 0.936116807, -0.140046544, 
            0.601681333, 0.317028262, 0.733125265 ]
        - 
          name: RARM_JOINT6
          index: 19
          translation: [ 0.353707185, -0.372278749, 0.911838149 ]
          rotation: [ 
            0.730689595, -0.152244557, -0.665518077, 
            0.322602371, 0.936116807, 0.140046544, 
            0.601681333, -0.317028262, 0.733125265 ]
        - 
          name: LLEG_JOINT5
          index: 25
          translation: [ 0.099999683, 0.100000062, 0.550000557 ]
          rotation: [ 
            0.939396095, 3.04254804e-05, 0.342833744, 
            -2.23693236e-05, 0.999999999, -2.74530305e-05, 
            -0.342833744, 1.81203107e-05, 0.939396095 ]
        - 
          name: RLEG_JOINT5
          index: 31
          translation: [ 0.405000507, -0.100000033, 0.103500006 ]
          rotation: [ 
            1, 4.08919359e-11, 1.00086348e-09, 
            -4.08918992e-11, 1, -4.92661467e-16, 
            -1.0008635e-09, 5.20417043e-16, 1 ]
          isTouching: true
          partingDirection: [ 0, 0, 1 ]
  - 
    time: 2.4
    refer: 
      type: Pose
      name: ""
      joints: [ 
        6, 7, 8, 9, 10, 11 ]
      q: [ 
        -0.0865398424, 0.149484281, -0.794313725, 2.37607333, -1.05351872, -0.191363094 ]
      ikLinks: 
        - 
          name: LLEG_JOINT5
          index: 25
          translation: [ 0.300000054, 0.0999999729, 0.480000192 ]
          rotation: [ 
            0.939291915, 5.03274936e-05, 0.34311907, 
            -3.03280969e-05, 0.999999998, -6.36529976e-05, 
            -0.343119072, 4.93825976e-05, 0.939291914 ]
  - 
    time: 2.4
    refer: 
      type: Pose
      name: ""
      ikLinks: 
        - 
          name: WAIST
          index: 0
          translation: [ 0.425, -0.05, 0.85 ]
          rotation: [ 
            0.999999996, 3.33116427e-07, -9.25361389e-05, 
            -3.33117661e-07, 1, -1.33221316e-08, 
            9.25361389e-05, 1.3352957e-08, 0.999999996 ]
  - 
    time: 3
    refer: 
      type: Pose
      name: ""
      joints: [ 
        0, 1, 2, 3, 4, 5, 6, 7, 8, 9, 
        10, 11, 12, 13, 14, 15, 16, 17, 18, 19, 
        20, 21, 22, 23, 24, 25, 26, 27, 28, 29, 
        30 ]
      q: [ 
        -4.95281188e-11, 0.0495059683, -0.690257758, 1.36150932, -0.671251563, -0.0495059683, -4.95281203e-11, 0.0495059683, -0.690257758, 1.36150932, 
        -0.671251563, -0.0495059683, 0, 0, 0, 0, 0, 0.698131701, -0.34906585, -0.0872664626, 
        -1.3962634, 0, 0, 0, 0.698131701, 0.34906585, 0.0872664626, -1.3962634, 0, 0, 
        0 ]
      ikLinks: 
        - 
          name: WAIST
          index: 0
          isBaseLink: true
          translation: [ 0.411700015, -0.0299997021, 0.849999174 ]
          rotation: [ 
            0.999999986, 6.1226933e-07, -0.000170083999, 
            -6.12273496e-07, 1, -2.44387269e-08, 
            0.000170083999, 2.45428645e-08, 0.999999986 ]
        - 
          name: LARM_JOINT6
          index: 12
          translation: [ 0.395417302, 0.312279058, 0.791834561 ]
          rotation: [ 
            0.730587049, 0.152191206, -0.665642848, 
            -0.322602833, 0.936116706, -0.140046155, 
            0.601805597, 0.317054175, 0.733012056 ]
        - 
          name: RARM_JOINT6
          index: 19
          translation: [ 0.395416883, -0.372278439, 0.791834544 ]
          rotation: [ 
            0.730587444, -0.152190059, -0.665642676, 
            0.322601908, 0.936116908, 0.140046934, 
            0.601805613, -0.317054129, 0.733012063 ]
        - 
          name: LLEG_JOINT5
          index: 25
          translation: [ 0.405000122, 0.1, 0.103512092 ]
          rotation: [ 
            0.999999986, 6.12368344e-07, -0.000170084998, 
            -6.1237251e-07, 1, -2.44387263e-08, 
            0.000170084998, 2.45428813e-08, 0.999999986 ]
          isTouching: true
          partingDirection: [ 0, 0, 1 ]
        - 
          name: RLEG_JOINT5
          index: 31
          translation: [ 0.405, -0.1, 0.103512087 ]
          rotation: [ 
            0.999999986, 6.12368344e-07, -0.000170084998, 
            -6.1237251e-07, 1, -2.44387263e-08, 
            0.000170084998, 2.45428813e-08, 0.999999986 ]
          isTouching: true
          partingDirection: [ 0, 0, 1 ]
  - 
    time: 3.5
    refer: 
      type: Pose
      name: ""
      joints: [ 
        0, 1, 2, 3, 4, 5, 6, 7, 8, 9, 
        10, 11, 12, 13, 14, 15, 16, 17, 18, 19, 
        20, 21, 22, 23, 24, 25, 26, 27, 28, 29, 
        30 ]
      q: [ 
        4.8026528e-17, -3.70328411e-08, -0.691820888, 1.36453459, -0.672713698, 3.70328411e-08, 4.80265381e-17, -3.70328411e-08, -0.691820888, 1.36453459, 
        -0.672713698, 3.70328411e-08, 0, 0, 0, 0, 0, 0.698131701, -0.34906585, -0.0872664626, 
        -1.3962634, 0, 0, 0, 0.698131701, 0.34906585, 0.0872664626, -1.3962634, 0, 0, 
        0 ]
      ikLinks: 
        - 
          name: WAIST
          index: 0
          isBaseLink: true
          translation: [ 0.411700016, -2.69270717e-13, 0.849999245 ]
          rotation: [ 
            0.999999986, 6.1226933e-07, -0.000170083999, 
            -6.12273496e-07, 1, -2.44387269e-08, 
            0.000170083999, 2.45428645e-08, 0.999999986 ]
        - 
          name: LARM_JOINT6
          index: 12
          translation: [ 0.395417304, 0.34227876, 0.791834632 ]
          rotation: [ 
            0.730587049, 0.152191206, -0.665642848, 
            -0.322602833, 0.936116706, -0.140046155, 
            0.601805597, 0.317054175, 0.733012056 ]
        - 
          name: RARM_JOINT6
          index: 19
          translation: [ 0.395416885, -0.342278737, 0.791834615 ]
          rotation: [ 
            0.730587444, -0.152190059, -0.665642676, 
            0.322601908, 0.936116908, 0.140046934, 
            0.601805613, -0.317054129, 0.733012063 ]
        - 
          name: LLEG_JOINT5
          index: 25
          translation: [ 0.405000122, 0.1, 0.103512096 ]
          rotation: [ 
            0.999999986, 6.1226933e-07, -0.000170079999, 
            -6.12273496e-07, 1, -2.44387293e-08, 
            0.000170079999, 2.45428645e-08, 0.999999986 ]
          isTouching: true
          partingDirection: [ 0, 0, 1 ]
        - 
          name: RLEG_JOINT5
          index: 31
          translation: [ 0.405, -0.1, 0.103512091 ]
          rotation: [ 
            0.999999986, 6.1226933e-07, -0.000170079999, 
            -6.12273496e-07, 1, -2.44387293e-08, 
            0.000170079999, 2.45428645e-08, 0.999999986 ]
          isTouching: true
          partingDirection: [ 0, 0, 1 ]
