# Body pose sequence format version 1.0 defined by cnoid-Robotics

type: PoseSeq
name: "walk-down-400mm"
targetBody: "JAXON_BLUE"
refs: 
  - 
    time: 0
    refer: 
      type: Pose
      name: ""
      joints: [ 
        0, 1, 2, 3, 4, 5, 6, 7, 8, 9, 
        10, 11, 12, 13, 14, 15, 16, 17, 18, 19, 
        20, 21, 22, 23, 24, 25, 26, 27, 28, 29, 
        30 ]
      q: [ 
        7.14743789e-19, -1.40321111e-17, -0.365123231, 0.697946263, -0.332823034, 8.62698462e-18, 7.20365698e-19, -1.38395382e-17, -0.365123231, 0.697946263, 
        -0.332823034, 8.38260639e-18, 0, 0, 0, 0, 0, 0.698132, -0.349066, -0.087266, 
        -1.396263, 0, 0, 0, 0.698132, 0.349066, 0.087266, -1.396263, 0, 0, 
        0 ]
      ikLinks: 
        - 
          name: WAIST
          index: 0
          isBaseLink: true
          translation: [ -0.05, 0, 1.3775 ]
          rotation: [ 
            1, 7.70371978e-34, -2.77555756e-16, 
            9.62964972e-34, 1, 0, 
            2.77555756e-16, -2.88154627e-33, 1 ]
        - 
          name: LARM_JOINT6
          index: 12
          translation: [ -0.0662930225, 0.342278723, 1.31933807 ]
          rotation: [ 
            0.730689996, 0.152245103, -0.665517511, 
            -0.322602529, 0.936116794, -0.140046267, 
            0.601680761, 0.317028039, 0.733125832 ]
        - 
          name: RARM_JOINT6
          index: 19
          translation: [ -0.0662930225, -0.342278723, 1.31933807 ]
          rotation: [ 
            0.730689996, -0.152245103, -0.665517511, 
            0.322602529, 0.936116794, 0.140046267, 
            0.601680761, -0.317028039, 0.733125832 ]
        - 
          name: LLEG_JOINT5
          index: 25
          translation: [ -0.0450005026, 0.1, 0.503500172 ]
          rotation: [ 
            1, -7.20365715e-19, -2.00006361e-09, 
            7.20365725e-19, 1, 5.45693186e-18, 
            2.00006361e-09, -5.45693186e-18, 1 ]
          isTouching: true
          partingDirection: [ 0, 0, 1 ]
        - 
          name: RLEG_JOINT5
          index: 31
          translation: [ -0.0450005026, -0.1, 0.503500172 ]
          rotation: [ 
            1, -7.14743806e-19, -2.0000635e-09, 
            7.14743817e-19, 1, 5.40512653e-18, 
            2.0000635e-09, -5.40512653e-18, 1 ]
          isTouching: true
          partingDirection: [ 0, 0, 1 ]
  - 
    time: 0.2
    refer: 
      type: Pose
      name: ""
      joints: [ 
        0, 1, 2, 3, 4, 5, 6, 7, 8, 9, 
        10, 11, 12, 13, 14, 15, 16, 17, 18, 19, 
        20, 21, 22, 23, 24, 25, 26, 27, 28, 29, 
        30 ]
      q: [ 
        7.14743789e-19, -1.40321111e-17, -0.365123231, 0.697946263, -0.332823034, 8.62698462e-18, 7.20365698e-19, -1.38395382e-17, -0.365123231, 0.697946263, 
        -0.332823034, 8.38260639e-18, 0, 0, 0, 0, 0, 0.698132, -0.349066, -0.087266, 
        -1.396263, 0, 0, 0, 0.698132, 0.349066, 0.087266, -1.396263, 0, 0, 
        0 ]
      ikLinks: 
        - 
          name: WAIST
          index: 0
          isBaseLink: true
          translation: [ -0.05, 0, 1.3775 ]
          rotation: [ 
            1, 7.70371978e-34, -2.77555756e-16, 
            9.62964972e-34, 1, 0, 
            2.77555756e-16, -2.88154627e-33, 1 ]
        - 
          name: LARM_JOINT6
          index: 12
          translation: [ -0.0662930225, 0.342278723, 1.31933807 ]
          rotation: [ 
            0.730689996, 0.152245103, -0.665517511, 
            -0.322602529, 0.936116794, -0.140046267, 
            0.601680761, 0.317028039, 0.733125832 ]
        - 
          name: RARM_JOINT6
          index: 19
          translation: [ -0.0662930225, -0.342278723, 1.31933807 ]
          rotation: [ 
            0.730689996, -0.152245103, -0.665517511, 
            0.322602529, 0.936116794, 0.140046267, 
            0.601680761, -0.317028039, 0.733125832 ]
        - 
          name: LLEG_JOINT5
          index: 25
          translation: [ -0.0450005026, 0.1, 0.503500172 ]
          rotation: [ 
            1, -7.20365715e-19, -2.00006361e-09, 
            7.20365725e-19, 1, 5.45693186e-18, 
            2.00006361e-09, -5.45693186e-18, 1 ]
          isTouching: true
          partingDirection: [ 0, 0, 1 ]
        - 
          name: RLEG_JOINT5
          index: 31
          translation: [ -0.0450005026, -0.1, 0.503500172 ]
          rotation: [ 
            1, -7.14743806e-19, -2.0000635e-09, 
            7.14743817e-19, 1, 5.40512653e-18, 
            2.0000635e-09, -5.40512653e-18, 1 ]
          isTouching: true
          partingDirection: [ 0, 0, 1 ]
  - 
    time: 1
    refer: 
      type: Pose
      name: ""
      joints: [ 
        0, 1, 2, 3, 4, 5, 6, 7, 8, 9, 
        10, 11, 12, 13, 14, 15, 16, 17, 18, 19, 
        20, 21, 22, 23, 24, 25, 26, 27, 28, 29, 
        30 ]
      q: [ 
        -1.89042296e-05, -0.107575744, -0.842791849, 1.85249256, -1.00987076, 0.107575769, -1.8900044e-05, -0.107575743, -0.842791849, 1.85249256, 
        -1.00987076, 0.107575771, -3.28678554e-05, 0, 0.000108645879, 5.30235365e-05, 0.00328566667, 0.704197886, -0.34985285, -0.0867770556, 
        -1.39420616, 6.13345455e-05, 0.000528746502, 2.37059821e-05, 0.704168753, 0.349849667, 0.0867443478, -1.39420058, -8.53761772e-05, 0.000528474775, 
        -2.38604177e-05 ]
      ikLinks: 
        - 
          name: WAIST
          index: 0
          isBaseLink: true
          translation: [ 0.01, 0.05, 1.1075 ]
          rotation: [ 
            1, 2.07014852e-18, -1.23408889e-16, 
            -5.7666003e-18, 1, 3.05311332e-16, 
            2.22039097e-16, -2.91437741e-16, 1 ]
        - 
          name: LARM_JOINT6
          index: 12
          translation: [ -0.00925336139, 0.39259001, 1.04922056 ]
          rotation: [ 
            0.73586314, 0.155013979, -0.659148015, 
            -0.323033919, 0.935895086, -0.140532826, 
            0.595108835, 0.316340093, 0.73876547 ]
        - 
          name: RARM_JOINT6
          index: 19
          translation: [ -0.00918872034, -0.292613056, 1.04924781 ]
          rotation: [ 
            0.735810724, -0.155185234, -0.659166232, 
            0.323208742, 0.935844587, 0.140467143, 
            0.595078723, -0.316405519, 0.738761708 ]
        - 
          name: LLEG_JOINT5
          index: 25
          translation: [ -0.0449986012, 0.100000602, 0.503501464 ]
          rotation: [ 
            0.999999986, 6.42287867e-07, -0.000169064763, 
            -6.42292299e-07, 1, -2.61611024e-08, 
            0.000169064763, 2.62696911e-08, 0.999999986 ]
          isTouching: true
          partingDirection: [ 0, 0, 1 ]
        - 
          name: RLEG_JOINT5
          index: 31
          translation: [ -0.0449986014, -0.0999993984, 0.503501464 ]
          rotation: [ 
            0.999999986, 6.46580996e-07, -0.00016906377, 
            -6.4658509e-07, 1, -2.41603976e-08, 
            0.00016906377, 2.42697114e-08, 0.999999986 ]
          isTouching: true
          partingDirection: [ 0, 0, 1 ]
  - 
    time: 1.5
    refer: 
      type: Pose
      name: ""
      joints: [ 0, 1, 2, 3, 4, 5 ]
      q: [ -2.39790567e-05, -0.160406303, -1.66113984, 2.18026643, -0.519283354, 0.160406329 ]
      ikLinks: 
        - 
          name: WAIST
          index: 0
          translation: [ 3.25137661e-17, 0.05, 1 ]
          rotation: [ 
            1, -1.12782437e-18, 9.99999761e-10, 
            -7.23408489e-18, 1, 2.22044605e-16, 
            -9.99999972e-10, -2.19850744e-16, 1 ]
        - 
          name: RLEG_JOINT5
          index: 31
          translation: [ 0.18000029, -0.099999219, 0.55000109 ]
          rotation: [ 
            0.999999988, -1.05898225e-06, -0.000154749286, 
            1.05897851e-06, 1, -2.42407407e-08, 
            0.000154749286, 2.40768643e-08, 0.999999988 ]
  - 
    time: 2
    refer: 
      type: Pose
      name: ""
      joints: [ 
        0, 1, 2, 3, 4, 5, 6, 7, 8, 9, 
        10, 11, 12, 13, 14, 15, 16, 17, 18, 19, 
        20, 21, 22, 23, 24, 25, 26, 27, 28, 29, 
        30 ]
      q: [ 
        4.93825392e-15, -1.65602102e-10, -0.873453623, 1.31597476, -0.442521131, 1.65602101e-10, 1.89493098e-06, 1.05862407e-06, -0.714844072, 2.11347878, 
        -1.3981313, -1.05870628e-06, 0, 0, 0, 0, 0, 0.698131701, -0.34906585, -0.0872664626, 
        -1.3962634, 0, 0, 0, 0.698131701, 0.34906585, 0.0872664626, -1.3962634, 0, 0, 
        0 ]
      ikLinks: 
        - 
          name: WAIST
          index: 0
          isBaseLink: true
          translation: [ 0.1, 0, 1 ]
          rotation: [ 
            1, 3.21999575e-17, 2.00000054e-09, 
            -3.21997457e-17, 1, -6.77626358e-21, 
            -2.00000039e-09, 6.2345089e-21, 1 ]
        - 
          name: LARM_JOINT6
          index: 12
          translation: [ 0.083707185, 0.342278749, 0.941838149 ]
          rotation: [ 
            0.730689595, 0.152244557, -0.665518077, 
            -0.322602371, 0.936116807, -0.140046544, 
            0.601681333, 0.317028262, 0.733125265 ]
        - 
          name: RARM_JOINT6
          index: 19
          translation: [ 0.083707185, -0.342278749, 0.941838149 ]
          rotation: [ 
            0.730689595, -0.152244557, -0.665518077, 
            0.322602371, 0.936116807, 0.140046544, 
            0.601681333, -0.317028262, 0.733125265 ]
        - 
          name: LLEG_JOINT5
          index: 25
          translation: [ -0.0449968295, 0.100000102, 0.50350076 ]
          rotation: [ 
            0.999999873, -1.89546394e-06, 0.000503404979, 
            1.89546365e-06, 1, 1.03626287e-09, 
            -0.000503404979, -8.20769009e-11, 0.999999873 ]
          isTouching: true
          partingDirection: [ 0, 0, 1 ]
        - 
          name: RLEG_JOINT5
          index: 31
          translation: [ 0.220001873, -0.1, 0.253500483 ]
          rotation: [ 
            1, -4.90588835e-15, 3.00011238e-09, 
            4.90588856e-15, 1, 1.62132991e-18, 
            -3.00011227e-09, -1.62185693e-18, 1 ]
  - 
    time: 2.08
    refer: 
      type: Pose
      name: ""
      joints: [ 0, 1, 2, 3, 4, 5 ]
      q: [ 1.1277832e-18, -9.25976322e-17, -0.49483809, 0.849119444, -0.354282475, 9.52851815e-17 ]
      ikLinks: 
        - 
          name: RLEG_JOINT5
          index: 31
          translation: [ 0.219999997, -0.1, 0.197999728 ]
          rotation: [ 
            1, 1.27983905e-17, -1.11850908e-06, 
            -1.27983955e-17, 1, -4.5159615e-18, 
            1.11850909e-06, 4.51606391e-18, 1 ]
  - 
    time: 2.152
    refer: 
      type: Pose
      name: ""
      joints: [ 
        0, 1, 2, 3, 4, 5, 6, 7, 8, 9, 
        10, 11, 12, 13, 14, 15, 16, 17, 18, 19, 
        20, 21, 22, 23, 24, 25, 26, 27, 28, 29, 
        30 ]
      q: [ 
        -1.24066144e-14, -0.0268645554, -0.357454839, 0.389855853, -0.032401014, 0.0268645554, -3.1232562e-05, -0.0570530928, -0.714529354, 2.11189418, 
        -1.39710129, 0.0570792342, 0, 0, 0, 0, 0, 0.698131701, -0.34906585, -0.0872664626, 
        -1.3962634, 0, 0, 0, 0.698131701, 0.34906585, 0.0872664626, -1.3962634, 0, 0, 
        0 ]
      ikLinks: 
        - 
          name: WAIST
          index: 0
          isBaseLink: true
          translation: [ 0.1, 0.0203, 1 ]
          rotation: [ 
            1, -3.55957126e-17, 2.00000026e-09, 
            4.02645582e-17, 1, -9.71445147e-17, 
            -2.00000006e-09, 7.05916612e-17, 1 ]
        - 
          name: LARM_JOINT6
          index: 12
          translation: [ 0.083707185, 0.362578749, 0.941838149 ]
          rotation: [ 
            0.730689595, 0.152244557, -0.665518077, 
            -0.322602371, 0.936116807, -0.140046544, 
            0.601681333, 0.317028262, 0.733125265 ]
        - 
          name: RARM_JOINT6
          index: 19
          translation: [ 0.083707185, -0.321978749, 0.941838149 ]
          rotation: [ 
            0.730689595, -0.152244557, -0.665518077, 
            0.322602371, 0.936116807, 0.140046544, 
            0.601681333, -0.317028262, 0.733125265 ]
        - 
          name: LLEG_JOINT5
          index: 25
          translation: [ -0.0450004556, 0.100000197, 0.503501362 ]
          rotation: [ 
            0.999999964, 4.62664624e-05, 0.000263101592, 
            -4.62595835e-05, 0.999999999, -2.6151621e-05, 
            -0.000263102802, 2.61394491e-05, 0.999999965 ]
          isTouching: true
          partingDirection: [ 0, 0, 1 ]
        - 
          name: RLEG_JOINT5
          index: 31
          translation: [ 0.220000473, -0.100000994, 0.103502305 ]
          rotation: [ 
            1, 4.9423702e-15, 1.9997238e-09, 
            -4.93680617e-15, 1, 6.77201351e-14, 
            -1.99972366e-09, -6.77444212e-14, 1 ]
          isTouching: true
          partingDirection: [ 0, 0, 1 ]
  - 
    time: 2.28
    refer: 
      type: Pose
      name: ""
      ikLinks: 
        - 
          name: WAIST
          index: 0
          translation: [ 0.1, 2.77555756e-17, 1 ]
          rotation: [ 
            0.999999996, 3.33116427e-07, -9.25361389e-05, 
            -3.33117661e-07, 1, -1.33221316e-08, 
            9.25361389e-05, 1.3352957e-08, 0.999999996 ]
  - 
    time: 2.4
    refer: 
      type: Pose
      name: ""
      joints: [ 
        6, 7, 8, 9, 10, 11 ]
      q: [ 
        -0.000432485845, 0.157971849, -1.01682276, 2.30125696, -1.28380406, -0.157782917 ]
      ikLinks: 
        - 
          name: LLEG_JOINT5
          index: 25
          translation: [ 0.160000499, 0.0999999993, 0.550000004 ]
          rotation: [ 
            0.999999783, 0.00033878119, 0.000565193181, 
            -0.000338674193, 0.999999925, -0.000189395838, 
            -0.000565257302, 0.00018920438, 0.999999822 ]
  - 
    time: 3
    refer: 
      type: Pose
      name: ""
      joints: [ 
        0, 1, 2, 3, 4, 5, 6, 7, 8, 9, 
        10, 11, 12, 13, 14, 15, 16, 17, 18, 19, 
        20, 21, 22, 23, 24, 25, 26, 27, 28, 29, 
        30 ]
      q: [ 
        -5.93360978e-11, 0.0396882603, -0.24565118, 0.496431324, -0.250780145, -0.0396882603, -5.93361093e-11, 0.0396882603, -0.24565118, 0.496431324, 
        -0.250780145, -0.0396882603, 0, 0, 0, 0, 0, 0.698131701, -0.34906585, -0.0872664626, 
        -1.3962634, 0, 0, 0, 0.698131701, 0.34906585, 0.0872664626, -1.3962634, 0, 0, 
        0 ]
      ikLinks: 
        - 
          name: WAIST
          index: 0
          isBaseLink: true
          translation: [ 0.2267, -0.03, 1 ]
          rotation: [ 
            0.999999986, 6.1226933e-07, -0.000170083999, 
            -6.12273496e-07, 1, -2.44387269e-08, 
            0.000170083999, 2.45428645e-08, 0.999999986 ]
        - 
          name: LARM_JOINT6
          index: 12
          translation: [ 0.210417287, 0.31227876, 0.941835387 ]
          rotation: [ 
            0.730587049, 0.152191206, -0.665642848, 
            -0.322602833, 0.936116706, -0.140046155, 
            0.601805597, 0.317054175, 0.733012056 ]
        - 
          name: RARM_JOINT6
          index: 19
          translation: [ 0.210416868, -0.372278737, 0.94183537 ]
          rotation: [ 
            0.730587444, -0.152190059, -0.665642676, 
            0.322601908, 0.936116908, 0.140046934, 
            0.601805613, -0.317054129, 0.733012063 ]
        - 
          name: LLEG_JOINT5
          index: 25
          translation: [ 0.22000009, 0.0999996381, 0.103514513 ]
          rotation: [ 
            0.999999986, 6.12368342e-07, -0.000170084998, 
            -6.12372508e-07, 1, -2.44387165e-08, 
            0.000170084998, 2.45428715e-08, 0.999999986 ]
          isTouching: true
          partingDirection: [ 0, 0, 1 ]
        - 
          name: RLEG_JOINT5
          index: 31
          translation: [ 0.219999968, -0.100000362, 0.103514509 ]
          rotation: [ 
            0.999999986, 6.12368342e-07, -0.000170084998, 
            -6.12372508e-07, 1, -2.44387165e-08, 
            0.000170084998, 2.45428715e-08, 0.999999986 ]
          isTouching: true
          partingDirection: [ 0, 0, 1 ]
  - 
    time: 3.5
    refer: 
      type: Pose
      name: ""
      joints: [ 
        0, 1, 2, 3, 4, 5, 6, 7, 8, 9, 
        10, 11, 12, 13, 14, 15, 16, 17, 18, 19, 
        20, 21, 22, 23, 24, 25, 26, 27, 28, 29, 
        30 ]
      q: [ 
        2.22683844e-17, -3.45529851e-08, -0.248810679, 0.502596133, -0.25378545, 3.45529851e-08, 2.2268624e-17, -3.45529851e-08, -0.248810679, 0.502596133, 
        -0.25378545, 3.45529851e-08, 0, 0, 0, 0, 0, 0.698131701, -0.34906585, -0.0872664626, 
        -1.3962634, 0, 0, 0, 0.698131701, 0.34906585, 0.0872664626, -1.3962634, 0, 0, 
        0 ]
      ikLinks: 
        - 
          name: WAIST
          index: 0
          isBaseLink: true
          translation: [ 0.2267, -2.77555756e-17, 1 ]
          rotation: [ 
            0.999999986, 6.1226933e-07, -0.000170083999, 
            -6.12273496e-07, 1, -2.44387269e-08, 
            0.000170083999, 2.45428645e-08, 0.999999986 ]
        - 
          name: LARM_JOINT6
          index: 12
          translation: [ 0.210417287, 0.34227876, 0.941835387 ]
          rotation: [ 
            0.730587049, 0.152191206, -0.665642848, 
            -0.322602833, 0.936116706, -0.140046155, 
            0.601805597, 0.317054175, 0.733012056 ]
        - 
          name: RARM_JOINT6
          index: 19
          translation: [ 0.210416868, -0.342278737, 0.94183537 ]
          rotation: [ 
            0.730587444, -0.152190059, -0.665642676, 
            0.322601908, 0.936116908, 0.140046934, 
            0.601805613, -0.317054129, 0.733012063 ]
        - 
          name: LLEG_JOINT5
          index: 25
          translation: [ 0.220000105, 0.1, 0.103513 ]
          rotation: [ 
            0.999999986, 6.1226933e-07, -0.000170079999, 
            -6.12273496e-07, 1, -2.44387293e-08, 
            0.000170079999, 2.45428645e-08, 0.999999986 ]
          isTouching: true
          partingDirection: [ 0, 0, 1 ]
        - 
          name: RLEG_JOINT5
          index: 31
          translation: [ 0.219999982, -0.1, 0.103512995 ]
          rotation: [ 
            0.999999986, 6.1226933e-07, -0.000170079999, 
            -6.12273496e-07, 1, -2.44387293e-08, 
            0.000170079999, 2.45428645e-08, 0.999999986 ]
          isTouching: true
          partingDirection: [ 0, 0, 1 ]
