# Body pose sequence format version 1.0 defined by cnoid-Robotics

type: PoseSeq
name: "jump-toe-450msec"
targetBody: "JAXON_BLUE"
refs: 
  - 
    time: 0
    refer: 
      type: Pose
      name: ""
      joints: [ 
        0, 1, 2, 3, 4, 5, 6, 7, 8, 9, 
        10, 11, 12, 13, 14, 15, 16, 17, 18, 19, 
        20, 21, 22, 23, 24, 25, 26, 27, 28, 29, 
        30 ]
      q: [ 
        1.90226153e-19, 4.6590047e-18, -0.291687718, 0.687644268, -0.395956552, -5.90674691e-18, 1.9399532e-19, 4.75821124e-18, -0.291687718, 0.687644268, 
        -0.395956552, -6.03253236e-18, 0, 0, 0, 0, 0, 0.698132, -0.349066, -0.087266, 
        -1.396263, 0, 0, 0, 0.698132, 0.349066, 0.087266, -1.396263, 0, 0, 
        0 ]
      ikLinks: 
        - 
          name: WAIST
          index: 0
          isBaseLink: true
          translation: [ 1.18237484e-07, 0, 0.996999985 ]
          rotation: [ 
            1, 4.81482486e-34, -3.33066907e-16, 
            7.22223729e-35, 1, 2.31111593e-33, 
            3.33066907e-16, -2.24650251e-33, 1 ]
        - 
          name: LARM_JOINT6
          index: 12
          translation: [ -0.0162929043, 0.342278723, 0.938838059 ]
          rotation: [ 
            0.730689996, 0.152245103, -0.665517511, 
            -0.322602529, 0.936116794, -0.140046267, 
            0.601680761, 0.317028039, 0.733125832 ]
        - 
          name: RARM_JOINT6
          index: 19
          translation: [ -0.0162929043, -0.342278723, 0.938838059 ]
          rotation: [ 
            0.730689996, -0.152245103, -0.665517511, 
            0.322602529, 0.936116794, 0.140046267, 
            0.601680761, -0.317028039, 0.733125832 ]
        - 
          name: LLEG_JOINT5
          index: 25
          translation: [ -0.045, 0.1, 0.123 ]
          rotation: [ 
            1, -1.93995308e-19, -2.00000033e-09, 
            1.9399531e-19, 1, 1.27432112e-18, 
            2.00000033e-09, -1.27432112e-18, 1 ]
          isTouching: true
          partingDirection: [ 0, 0, 1 ]
        - 
          name: RLEG_JOINT5
          index: 31
          translation: [ -0.045, -0.1, 0.123 ]
          rotation: [ 
            1, -1.90226141e-19, -2.00000033e-09, 
            1.90226144e-19, 1, 1.24774221e-18, 
            2.00000033e-09, -1.24774221e-18, 1 ]
          isTouching: true
          partingDirection: [ 0, 0, 1 ]
  - 
    time: 0.2
    refer: 
      type: Pose
      name: ""
      joints: [ 
        0, 1, 2, 3, 4, 5, 6, 7, 8, 9, 
        10, 11, 12, 13, 14, 15, 16, 17, 18, 19, 
        20, 21, 22, 23, 24, 25, 26, 27, 28, 29, 
        30 ]
      q: [ 
        1.90226153e-19, 4.6590047e-18, -0.291687718, 0.687644268, -0.395956552, -5.90674691e-18, 1.9399532e-19, 4.75821124e-18, -0.291687718, 0.687644268, 
        -0.395956552, -6.03253236e-18, 0, 0, 0, 0, 0, 0.698132, -0.349066, -0.087266, 
        -1.396263, 0, 0, 0, 0.698132, 0.349066, 0.087266, -1.396263, 0, 0, 
        0 ]
      ikLinks: 
        - 
          name: WAIST
          index: 0
          isBaseLink: true
          translation: [ 1.18237484e-07, 0, 0.996999985 ]
          rotation: [ 
            1, 4.81482486e-34, -3.33066907e-16, 
            7.22223729e-35, 1, 2.31111593e-33, 
            3.33066907e-16, -2.24650251e-33, 1 ]
        - 
          name: LARM_JOINT6
          index: 12
          translation: [ -0.0162929043, 0.342278723, 0.938838059 ]
          rotation: [ 
            0.730689996, 0.152245103, -0.665517511, 
            -0.322602529, 0.936116794, -0.140046267, 
            0.601680761, 0.317028039, 0.733125832 ]
        - 
          name: RARM_JOINT6
          index: 19
          translation: [ -0.0162929043, -0.342278723, 0.938838059 ]
          rotation: [ 
            0.730689996, -0.152245103, -0.665517511, 
            0.322602529, 0.936116794, 0.140046267, 
            0.601680761, -0.317028039, 0.733125832 ]
        - 
          name: LLEG_JOINT5
          index: 25
          translation: [ -0.045, 0.1, 0.123 ]
          rotation: [ 
            1, -1.93995308e-19, -2.00000033e-09, 
            1.9399531e-19, 1, 1.27432112e-18, 
            2.00000033e-09, -1.27432112e-18, 1 ]
          isTouching: true
          partingDirection: [ 0, 0, 1 ]
        - 
          name: RLEG_JOINT5
          index: 31
          translation: [ -0.045, -0.1, 0.123 ]
          rotation: [ 
            1, -1.90226141e-19, -2.00000033e-09, 
            1.90226144e-19, 1, 1.24774221e-18, 
            2.00000033e-09, -1.24774221e-18, 1 ]
          isTouching: true
          partingDirection: [ 0, 0, 1 ]
  - 
    time: 1.15
    refer: 
      type: Pose
      name: ""
      joints: [ 
        12, 13, 14, 15, 16, 17, 18, 19, 20, 21, 
        22, 23, 24, 25, 26, 27, 28, 29, 30 ]
      q: [ 
        0, 0, 0, 0, 0, 0.698132, -0.349066, -0.087266, -1.396263, 0, 
        0, 0, 0.698132, 0.349066, 0.087266, -1.396263, 0, 0, 0 ]
      ikLinks: 
        - 
          name: WAIST
          index: 0
          isBaseLink: true
          translation: [ 0.02, 0, 0.68 ]
          rotation: [ 
            1, -4.44889817e-32, 2.22044605e-16, 
            4.44889817e-32, 1, 4.46815747e-32, 
            -2.22044605e-16, -5.0672327e-32, 1 ]
        - 
          name: LARM_JOINT6
          index: 12
          translation: [ 0.00370697748, 0.342278723, 0.621838074 ]
          rotation: [ 
            0.730689996, 0.152245103, -0.665517511, 
            -0.322602529, 0.936116794, -0.140046267, 
            0.601680761, 0.317028039, 0.733125832 ]
        - 
          name: RARM_JOINT6
          index: 19
          translation: [ 0.00370697748, -0.342278723, 0.621838074 ]
          rotation: [ 
            0.730689996, -0.152245103, -0.665517511, 
            0.322602529, 0.936116794, 0.140046267, 
            0.601680761, -0.317028039, 0.733125832 ]
  - 
    time: 1.25
    refer: 
      type: Pose
      name: ""
      joints: [ 
        12, 13, 14, 15, 16, 17, 18, 19, 20, 21, 
        22, 23, 24, 25, 26, 27, 28, 29, 30 ]
      q: [ 
        0, 0, 0, 0, 0, 0.698132, -0.349066, -0.087266, -1.396263, 0, 
        0, 0, 0.698132, 0.349066, 0.087266, -1.396263, 0, 0, 0 ]
      ikLinks: 
        - 
          name: WAIST
          index: 0
          isBaseLink: true
          translation: [ 0.02, 0, 0.68 ]
          rotation: [ 
            1, -3.90963779e-32, -5.55111512e-17, 
            3.92889709e-32, 1, 7.0874222e-32, 
            5.55111512e-17, -7.20892434e-32, 1 ]
        - 
          name: LARM_JOINT6
          index: 12
          translation: [ 0.00370697748, 0.342278723, 0.621838074 ]
          rotation: [ 
            0.730689996, 0.152245103, -0.665517511, 
            -0.322602529, 0.936116794, -0.140046267, 
            0.601680761, 0.317028039, 0.733125832 ]
        - 
          name: RARM_JOINT6
          index: 19
          translation: [ 0.00370697748, -0.342278723, 0.621838074 ]
          rotation: [ 
            0.730689996, -0.152245103, -0.665517511, 
            0.322602529, 0.936116794, 0.140046267, 
            0.601680761, -0.317028039, 0.733125832 ]
  - 
    time: 1.35
    refer: 
      type: Pose
      name: ""
      joints: [ 
        0, 1, 2, 3, 4, 5, 6, 7, 8, 9, 
        10, 11 ]
      q: [ 
        -5.55453943e-19, 1.55985949e-17, -0.680871026, 1.54494537, -0.864074348, -1.66272389e-17, -5.93543493e-19, 1.45705898e-17, -0.680871026, 1.54494537, 
        -0.864074348, -1.53648533e-17 ]
      ikLinks: 
        - 
          name: LLEG_JOINT5
          index: 25
          translation: [ -0.045, 0.1, 0.123 ]
          rotation: [ 
            1, 5.93543539e-19, -2.99984854e-09, 
            -5.93543537e-19, 1, 7.94263517e-19, 
            2.99984854e-09, -7.94263515e-19, 1 ]
          isTouching: true
          partingDirection: [ 0, 0, 1 ]
        - 
          name: RLEG_JOINT5
          index: 31
          translation: [ -0.045, -0.1, 0.123 ]
          rotation: [ 
            1, 5.55453993e-19, -2.99984876e-09, 
            -5.5545399e-19, 1, 1.02864409e-18, 
            2.99984876e-09, -1.02864409e-18, 1 ]
          isTouching: true
          partingDirection: [ 0, 0, 1 ]
  - 
    time: 1.5
    refer: 
      type: Pose
      name: ""
      joints: [ 
        0, 1, 2, 3, 4, 5, 6, 7, 8, 9, 
        10, 11, 12, 13, 14, 15, 16, 17, 18, 19, 
        20, 21, 22, 23, 24, 25, 26, 27, 28, 29, 
        30 ]
      q: [ 
        2.63567626e-18, -5.19142054e-18, -0.627210394, 1.31203989, -0.423893964, 7.74121108e-18, 3.45815639e-18, -3.82836553e-18, -0.627683781, 1.31298277, 
        -0.422618295, 8.47320374e-18, 0, 0, 0, 0, 0, 0.698132, -0.349066, -0.087266, 
        -1.396263, 0, 0, 0, 0.698132, 0.349066, 0.087266, -1.396263, 0, 0, 
        0 ]
      ikLinks: 
        - 
          name: WAIST
          index: 0
          isBaseLink: true
          translation: [ 0.0199985984, 0, 0.918260113 ]
          rotation: [ 
            1, 3.4666739e-33, 6.66133815e-16, 
            -3.4666739e-33, 1, 7.70371978e-33, 
            -6.66133815e-16, -7.69619875e-33, 1 ]
        - 
          name: LARM_JOINT6
          index: 12
          translation: [ 0.00370557586, 0.342278723, 0.860098187 ]
          rotation: [ 
            0.730689996, 0.152245103, -0.665517511, 
            -0.322602529, 0.936116794, -0.140046267, 
            0.601680761, 0.317028039, 0.733125832 ]
        - 
          name: RARM_JOINT6
          index: 19
          translation: [ 0.00370557586, -0.342278723, 0.860098187 ]
          rotation: [ 
            0.730689996, -0.152245103, -0.665517511, 
            0.322602529, 0.936116794, 0.140046267, 
            0.601680761, -0.317028039, 0.733125832 ]
        - 
          name: LLEG_JOINT5
          index: 25
          translation: [ -0.01, 0.1, 0.16 ]
          rotation: [ 
            0.965697352, -1.2579177e-18, 0.259670221, 
            2.34541995e-18, 1, -3.87818105e-18, 
            -0.259670221, 4.35418489e-18, 0.965697352 ]
          isTouching: true
          partingDirection: [ 0, 0, 1 ]
        - 
          name: RLEG_JOINT5
          index: 31
          translation: [ -0.0100001977, -0.1, 0.159775568 ]
          rotation: [ 
            0.966149048, -6.38563573e-19, 0.257984528, 
            1.20714993e-18, 1, -2.04556137e-18, 
            -0.257984528, 2.28774318e-18, 0.966149048 ]
          isTouching: true
          partingDirection: [ 0, 0, 1 ]
  - 
    time: 1.666
    refer: 
      type: Pose
      name: ""
      joints: [ 
        0, 1, 2, 3, 4, 5, 6, 7, 8, 9, 
        10, 11 ]
      q: [ 
        -1.70793064e-08, -5.04217644e-10, -0.658635547, 1.31669106, -0.167534761, -3.0050967e-08, -1.71029167e-08, -5.0549419e-10, -0.658721344, 1.31683049, 
        -0.167216775, -3.0061356e-08 ]
      ikLinks: 
        - 
          name: LLEG_JOINT5
          index: 25
          translation: [ 0.0272, 0.1, 0.286 ]
          rotation: [ 
            0.881912536, 2.93160069e-09, 0.471413065, 
            -1.53215732e-08, 1, 2.24446193e-08, 
            -0.471413065, -2.70169809e-08, 0.881912536 ]
        - 
          name: RLEG_JOINT5
          index: 31
          translation: [ 0.0271911883, -0.1, 0.285966926 ]
          rotation: [ 
            0.882087658, 2.9227375e-09, 0.471085304, 
            -1.53029749e-08, 1, 2.24499209e-08, 
            -0.471085304, -2.70118048e-08, 0.882087658 ]
  - 
    time: 1.726
    refer: 
      type: Pose
      name: ""
      joints: [ 
        0, 1, 2, 3, 4, 5, 6, 7, 8, 9, 
        10, 11, 12, 13, 14, 15, 16, 17, 18, 19, 
        20, 21, 22, 23, 24, 25, 26, 27, 28, 29, 
        30 ]
      q: [ 
        -2.13208244e-08, -5.51245532e-10, -0.661455759, 1.31569552, -0.13153246, -3.75584679e-08, -2.13515959e-08, -5.50933683e-10, -0.661455779, 1.3156956, 
        -0.131532283, -3.75737292e-08, 0, 0, 0, 0, 0, 0.698132, -0.349066, -0.087266, 
        -1.396263, 0, 0, 0, 0.698132, 0.349066, 0.087266, -1.396263, 0, 0, 
        0 ]
      ikLinks: 
        - 
          name: WAIST
          index: 0
          isBaseLink: true
          translation: [ 0.043001306, 1.26526511e-10, 1.05826186 ]
          rotation: [ 
            1, 0, 9.92589891e-17, 
            0, 1, -1.03397577e-25, 
            -1.66533454e-16, 3.86594774e-24, 1 ]
        - 
          name: LARM_JOINT6
          index: 12
          translation: [ 0.0267082835, 0.342278723, 1.00009994 ]
          rotation: [ 
            0.730689996, 0.152245103, -0.665517511, 
            -0.322602529, 0.936116794, -0.140046267, 
            0.601680761, 0.317028039, 0.733125832 ]
        - 
          name: RARM_JOINT6
          index: 19
          translation: [ 0.0267082835, -0.342278723, 1.00009994 ]
          rotation: [ 
            0.730689996, -0.152245103, -0.665517511, 
            0.322602529, 0.936116794, 0.140046267, 
            0.601680761, -0.317028039, 0.733125832 ]
        - 
          name: LLEG_JOINT5
          index: 25
          translation: [ 0.033, 0.1, 0.3 ]
          rotation: [ 
            0.866470679, 2.59373949e-09, 0.499227966, 
            -1.87755733e-08, 1, 2.73917833e-08, 
            -0.499227966, -3.31074683e-08, 0.866470679 ]
        - 
          name: RLEG_JOINT5
          index: 31
          translation: [ 0.0330000119, -0.1, 0.299999982 ]
          rotation: [ 
            0.866470796, 2.57059442e-09, 0.499227764, 
            -1.87490687e-08, 1, 2.73921586e-08, 
            -0.499227764, -3.30945611e-08, 0.866470796 ]
  - 
    time: 1.786
    refer: 
      type: Pose
      name: ""
      joints: [ 
        0, 1, 2, 3, 4, 5, 6, 7, 8, 9, 
        10, 11 ]
      q: [ 
        -1.70601188e-08, -5.40145606e-10, -0.653647716, 1.31129379, -0.167125323, -3.00102364e-08, -1.70836846e-08, -5.41473197e-10, -0.65373365, 1.31143378, 
        -0.166807764, -3.00205594e-08 ]
      ikLinks: 
        - 
          name: LLEG_JOINT5
          index: 25
          translation: [ 0.0272, 0.1, 0.286 ]
          rotation: [ 
            0.881912536, 2.93160069e-09, 0.471413065, 
            -1.53215732e-08, 1, 2.24446193e-08, 
            -0.471413065, -2.70169809e-08, 0.881912536 ]
        - 
          name: RLEG_JOINT5
          index: 31
          translation: [ 0.0271911883, -0.1, 0.285966926 ]
          rotation: [ 
            0.882087658, 2.9227375e-09, 0.471085304, 
            -1.53029749e-08, 1, 2.24499209e-08, 
            -0.471085304, -2.70118048e-08, 0.882087658 ]
  - 
    time: 1.95
    refer: 
      type: Pose
      name: ""
      joints: [ 
        0, 1, 2, 3, 4, 5, 6, 7, 8, 9, 
        10, 11, 12, 13, 14, 15, 16, 17, 18, 19, 
        20, 21, 22, 23, 24, 25, 26, 27, 28, 29, 
        30 ]
      q: [ 
        2.63567626e-18, -5.19142054e-18, -0.627210394, 1.31203989, -0.423893964, 7.74121108e-18, 3.45815639e-18, -3.82836553e-18, -0.627683781, 1.31298277, 
        -0.422618295, 8.47320374e-18, 0, 0, 0, 0, 0, 0.698132, -0.349066, -0.087266, 
        -1.396263, 0, 0, 0, 0.698132, 0.349066, 0.087266, -1.396263, 0, 0, 
        0 ]
      ikLinks: 
        - 
          name: WAIST
          index: 0
          isBaseLink: true
          translation: [ 0.0199985984, 0, 0.918260113 ]
          rotation: [ 
            1, 3.4666739e-33, 6.66133815e-16, 
            -3.4666739e-33, 1, 7.70371978e-33, 
            -6.66133815e-16, -7.69619875e-33, 1 ]
        - 
          name: LARM_JOINT6
          index: 12
          translation: [ 0.00370557586, 0.342278723, 0.860098187 ]
          rotation: [ 
            0.730689996, 0.152245103, -0.665517511, 
            -0.322602529, 0.936116794, -0.140046267, 
            0.601680761, 0.317028039, 0.733125832 ]
        - 
          name: RARM_JOINT6
          index: 19
          translation: [ 0.00370557586, -0.342278723, 0.860098187 ]
          rotation: [ 
            0.730689996, -0.152245103, -0.665517511, 
            0.322602529, 0.936116794, 0.140046267, 
            0.601680761, -0.317028039, 0.733125832 ]
        - 
          name: LLEG_JOINT5
          index: 25
          translation: [ -0.01, 0.1, 0.16 ]
          rotation: [ 
            0.965697352, -1.2579177e-18, 0.259670221, 
            2.34541995e-18, 1, -3.87818105e-18, 
            -0.259670221, 4.35418489e-18, 0.965697352 ]
          isTouching: true
          partingDirection: [ 0, 0, 1 ]
        - 
          name: RLEG_JOINT5
          index: 31
          translation: [ -0.0100001977, -0.1, 0.159775568 ]
          rotation: [ 
            0.966149048, -6.38563573e-19, 0.257984528, 
            1.20714993e-18, 1, -2.04556137e-18, 
            -0.257984528, 2.28774318e-18, 0.966149048 ]
          isTouching: true
          partingDirection: [ 0, 0, 1 ]
  - 
    time: 2.08
    refer: 
      type: Pose
      name: ""
      joints: [ 
        0, 1, 2, 3, 4, 5, 6, 7, 8, 9, 
        10, 11 ]
      q: [ 
        -5.55453943e-19, 1.55985949e-17, -0.680871026, 1.54494537, -0.864074348, -1.66272389e-17, -5.93543493e-19, 1.45705898e-17, -0.680871026, 1.54494537, 
        -0.864074348, -1.53648533e-17 ]
      ikLinks: 
        - 
          name: LLEG_JOINT5
          index: 25
          translation: [ -0.045, 0.1, 0.123 ]
          rotation: [ 
            1, 5.93543539e-19, -2.99984854e-09, 
            -5.93543537e-19, 1, 7.94263517e-19, 
            2.99984854e-09, -7.94263515e-19, 1 ]
          isTouching: true
          partingDirection: [ 0, 0, 1 ]
        - 
          name: RLEG_JOINT5
          index: 31
          translation: [ -0.045, -0.1, 0.123 ]
          rotation: [ 
            1, 5.55453993e-19, -2.99984876e-09, 
            -5.5545399e-19, 1, 1.02864409e-18, 
            2.99984876e-09, -1.02864409e-18, 1 ]
          isTouching: true
          partingDirection: [ 0, 0, 1 ]
  - 
    time: 2.2
    refer: 
      type: Pose
      name: ""
      joints: [ 
        0, 1, 2, 3, 4, 5, 6, 7, 8, 9, 
        10, 11, 12, 13, 14, 15, 16, 17, 18, 19, 
        20, 21, 22, 23, 24, 25, 26, 27, 28, 29, 
        30 ]
      q: [ 
        -1.6644598e-17, 2.84749762e-16, -0.988208875, 2.015285, -1.02707614, -2.80749686e-16, -5.21215269e-18, 2.24615291e-17, -0.988208875, 2.015285, 
        -1.02707614, -2.2093859e-17, 0, 0, 0, 0, 0, 0.698132, -0.349066, -0.087266, 
        -1.396263, 0, 0, 0, 0.698132, 0.349066, 0.087266, -1.396263, 0, 0, 
        0 ]
      ikLinks: 
        - 
          name: WAIST
          index: 0
          isBaseLink: true
          translation: [ -0.02, 0, 0.68 ]
          rotation: [ 
            1, 5.39260384e-33, 1.11022302e-16, 
            -6.16297582e-33, 1, -1.84889275e-32, 
            -1.11022302e-16, 5.78665193e-34, 1 ]
        - 
          name: LARM_JOINT6
          index: 12
          translation: [ -0.0362930225, 0.342278723, 0.621838074 ]
          rotation: [ 
            0.730689996, 0.152245103, -0.665517511, 
            -0.322602529, 0.936116794, -0.140046267, 
            0.601680761, 0.317028039, 0.733125832 ]
        - 
          name: RARM_JOINT6
          index: 19
          translation: [ -0.0362930225, -0.342278723, 0.621838074 ]
          rotation: [ 
            0.730689996, -0.152245103, -0.665517511, 
            0.322602529, 0.936116794, 0.140046267, 
            0.601680761, -0.317028039, 0.733125832 ]
        - 
          name: LLEG_JOINT5
          index: 25
          translation: [ -0.0450001153, 0.1, 0.122999855 ]
          rotation: [ 
            1, 5.21215296e-18, -1.20000542e-08, 
            -5.21215296e-18, 1, -3.6767003e-19, 
            1.20000542e-08, 3.67670092e-19, 1 ]
          isTouching: true
          partingDirection: [ 0, 0, 1 ]
        - 
          name: RLEG_JOINT5
          index: 31
          translation: [ -0.0450001153, -0.1, 0.122999855 ]
          rotation: [ 
            1, 1.66446014e-17, -1.20000538e-08, 
            -1.66446014e-17, 1, -4.00007542e-18, 
            1.20000538e-08, 4.00007562e-18, 1 ]
          isTouching: true
          partingDirection: [ 0, 0, 1 ]
  - 
    time: 2.55
    refer: 
      type: Pose
      name: ""
      joints: [ 
        0, 1, 2, 3, 4, 5, 6, 7, 8, 9, 
        10, 11, 12, 13, 14, 15, 16, 17, 18, 19, 
        20, 21, 22, 23, 24, 25, 26, 27, 28, 29, 
        30 ]
      q: [ 
        -6.29633863e-19, 2.54891545e-16, -0.988208772, 2.01528273, -1.02785936, -2.50083225e-16, 2.41602587e-19, 1.61551125e-16, -0.988208772, 2.01528273, 
        -1.02785936, -1.54325489e-16, 0, 0, 0, 0, 0, 0.698132, -0.349066, -0.087266, 
        -1.396263, 0, 0, 0, 0.698132, 0.349066, 0.087266, -1.396263, 0, 0, 
        0 ]
      ikLinks: 
        - 
          name: WAIST
          index: 0
          isBaseLink: true
          translation: [ -0.02, 0, 0.68 ]
          rotation: [ 
            1, -1.5888922e-32, -3.90311697e-35, 
            2.96593211e-32, 1, 0, 
            0, 0, 1 ]
        - 
          name: LARM_JOINT6
          index: 12
          translation: [ -0.0362930225, 0.342278723, 0.621838074 ]
          rotation: [ 
            0.730689996, 0.152245103, -0.665517511, 
            -0.322602529, 0.936116794, -0.140046267, 
            0.601680761, 0.317028039, 0.733125832 ]
        - 
          name: RARM_JOINT6
          index: 19
          translation: [ -0.0362930225, -0.342278723, 0.621838074 ]
          rotation: [ 
            0.730689996, -0.152245103, -0.665517511, 
            0.322602529, 0.936116794, 0.140046267, 
            0.601680761, -0.317028039, 0.733125832 ]
        - 
          name: LLEG_JOINT5
          index: 25
          translation: [ -0.0449996881, 0.1, 0.12299908 ]
          rotation: [ 
            0.999999692, -1.20394281e-19, -0.000785406919, 
            1.14719142e-19, 1, -7.22577585e-18, 
            0.000785406919, 7.22568352e-18, 0.999999692 ]
          isTouching: true
          partingDirection: [ 0, 0, 1 ]
        - 
          name: RLEG_JOINT5
          index: 31
          translation: [ -0.0449996881, -0.1, 0.12299908 ]
          rotation: [ 
            0.999999692, 8.26050959e-19, -0.000785406919, 
            -8.29827252e-19, 1, -4.80774625e-18, 
            0.000785406919, 4.80839651e-18, 0.999999692 ]
          isTouching: true
          partingDirection: [ 0, 0, 1 ]
