# Body pose sequence format version 1.0 defined by cnoid-Robotics

type: PoseSeq
name: "jump-250msec"
targetBody: "JAXON_BLUE"
refs: 
  - 
    time: 0
    refer: 
      type: Pose
      name: ""
      joints: [ 
        0, 1, 2, 3, 4, 5, 6, 7, 8, 9, 
        10, 11, 12, 13, 14, 15, 16, 17, 18, 19, 
        20, 21, 22, 23, 24, 25, 26, 27, 28, 29, 
        30 ]
      q: [ 
        6.46044284e-21, 1.72215893e-19, -0.272453752, 0.681396503, -0.408942752, -2.18174205e-19, 6.46044284e-21, 1.72215893e-19, -0.272453752, 0.681396503, 
        -0.408942752, -2.18174205e-19, 0, 0, 0, 0, 0, 0.698132, -0.349066, -0.087266, 
        -1.396263, 0, 0, 0, 0.698132, 0.349066, 0.087266, -1.396263, 0, 0, 
        0 ]
      ikLinks: 
        - 
          name: WAIST
          index: 0
          isBaseLink: true
          translation: [ 0.05, 0, 0.9775 ]
          rotation: [ 
            1, 0, -1.66533454e-16, 
            0, 1, 0, 
            1.66533454e-16, 0, 1 ]
        - 
          name: LARM_JOINT6
          index: 12
          translation: [ 0.0337069775, 0.342278723, 0.919338074 ]
          rotation: [ 
            0.730689996, 0.152245103, -0.665517511, 
            -0.322602529, 0.936116794, -0.140046267, 
            0.601680761, 0.317028039, 0.733125832 ]
        - 
          name: RARM_JOINT6
          index: 19
          translation: [ 0.0337069775, -0.342278723, 0.919338074 ]
          rotation: [ 
            0.730689996, -0.152245103, -0.665517511, 
            0.322602529, 0.936116794, 0.140046267, 
            0.601680761, -0.317028039, 0.733125832 ]
        - 
          name: LLEG_JOINT5
          index: 25
          translation: [ -0.00679950774, 0.1, 0.103500173 ]
          rotation: [ 
            1, -6.46044284e-21, 5.96189764e-14, 
            6.46044284e-21, 1, 4.5958312e-20, 
            -5.96189764e-14, -4.5958312e-20, 1 ]
          isTouching: true
          partingDirection: [ 0, 0, 1 ]
        - 
          name: RLEG_JOINT5
          index: 31
          translation: [ -0.00679950774, -0.1, 0.103500173 ]
          rotation: [ 
            1, -6.46044284e-21, 5.96189764e-14, 
            6.46044284e-21, 1, 4.5958312e-20, 
            -5.96189764e-14, -4.5958312e-20, 1 ]
          isTouching: true
          partingDirection: [ 0, 0, 1 ]
  - 
    time: 1
    refer: 
      type: Pose
      name: ""
      joints: [ 
        0, 1, 2, 3, 4, 5, 6, 7, 8, 9, 
        10, 11, 12, 13, 14, 15, 16, 17, 18, 19, 
        20, 21, 22, 23, 24, 25, 26, 27, 28, 29, 
        30 ]
      q: [ 
        -3.91718717e-20, -1.13282108e-18, -0.497075116, 1.13435661, -0.637281491, 1.37396675e-18, -3.91724221e-20, -1.13294159e-18, -0.497075116, 1.13435661, 
        -0.637281491, 1.37411304e-18, 0, 0, 0, 0, 0, 0.698132, -0.349066, -0.087266, 
        -1.396263, 0, 0, 0, 0.698132, 0.349066, 0.087266, -1.396263, 0, 0, 
        0 ]
      ikLinks: 
        - 
          name: WAIST
          index: 0
          isBaseLink: true
          translation: [ 0.05, 0, 0.9 ]
          rotation: [ 
            1, 7.75826272e-37, -1.11022302e-16, 
            -7.75826272e-37, 1, 1.50463277e-36, 
            1.11022302e-16, -1.50463277e-36, 1 ]
        - 
          name: LARM_JOINT6
          index: 12
          translation: [ 0.0337069775, 0.342278723, 0.841838074 ]
          rotation: [ 
            0.730689996, 0.152245103, -0.665517511, 
            -0.322602529, 0.936116794, -0.140046267, 
            0.601680761, 0.317028039, 0.733125832 ]
        - 
          name: RARM_JOINT6
          index: 19
          translation: [ 0.0337069775, -0.342278723, 0.841838074 ]
          rotation: [ 
            0.730689996, -0.152245103, -0.665517511, 
            0.322602529, 0.936116794, 0.140046267, 
            0.601680761, -0.317028039, 0.733125832 ]
        - 
          name: LLEG_JOINT5
          index: 25
          translation: [ -0.00679956042, 0.1, 0.103500684 ]
          rotation: [ 
            1, 3.91724207e-20, -9.9992975e-10, 
            -3.9172421e-20, 1, -2.41171454e-19, 
            9.9992975e-10, 2.41171454e-19, 1 ]
          isTouching: true
          partingDirection: [ 0, 0, 1 ]
        - 
          name: RLEG_JOINT5
          index: 31
          translation: [ -0.00679956042, -0.1, 0.103500684 ]
          rotation: [ 
            1, 3.91718703e-20, -9.9992975e-10, 
            -3.91718705e-20, 1, -2.41145673e-19, 
            9.9992975e-10, 2.41145673e-19, 1 ]
          isTouching: true
          partingDirection: [ 0, 0, 1 ]
  - 
    time: 1.126
    refer: 
      type: Pose
      name: ""
      joints: [ 
        0, 1, 2, 3, 4, 5, 6, 7, 8, 9, 
        10, 11, 12, 13, 14, 15, 16, 17, 18, 19, 
        20, 21, 22, 23, 24, 25, 26, 27, 28, 29, 
        30 ]
      q: [ 
        1.03684448e-19, 2.61571974e-18, -0.398906714, 0.9352434, -0.536336683, -3.18175219e-18, 1.4312272e-19, 3.62470634e-18, -0.398905038, 0.935240102, 
        -0.53633506, -4.44829502e-18, 0, 0, 0, 0, 0, 0.698132, -0.349066, -0.087266, 
        -1.396263, 0, 0, 0, 0.698132, 0.349066, 0.087266, -1.396263, 0, 0, 
        0 ]
      ikLinks: 
        - 
          name: WAIST
          index: 0
          isBaseLink: true
          translation: [ 0.05, 0, 0.975 ]
          rotation: [ 
            1, 2.43750509e-34, -5.55111512e-17, 
            -2.43750509e-34, 1, -1.91505741e-34, 
            5.55111512e-17, 1.91505741e-34, 1 ]
        - 
          name: LARM_JOINT6
          index: 12
          translation: [ 0.0337069775, 0.342278723, 0.916838074 ]
          rotation: [ 
            0.730689996, 0.152245103, -0.665517511, 
            -0.322602529, 0.936116794, -0.140046267, 
            0.601680761, 0.317028039, 0.733125832 ]
        - 
          name: RARM_JOINT6
          index: 19
          translation: [ 0.0337069775, -0.342278723, 0.916838074 ]
          rotation: [ 
            0.730689996, -0.152245103, -0.665517511, 
            0.322602529, 0.936116794, 0.140046267, 
            0.601680761, -0.317028039, 0.733125832 ]
        - 
          name: LLEG_JOINT5
          index: 25
          translation: [ -0.00679999778, 0.1, 0.140000124 ]
          rotation: [ 
            1, -1.43122734e-19, 2.99989916e-09, 
            1.43122731e-19, 1, 8.23588681e-19, 
            -2.99989916e-09, -8.23588681e-19, 1 ]
        - 
          name: RLEG_JOINT5
          index: 31
          translation: [ -0.00679996905, -0.1, 0.140000703 ]
          rotation: [ 
            1, -1.03684457e-19, 2.999899e-09, 
            1.03684456e-19, 1, 5.66032454e-19, 
            -2.999899e-09, -5.66032454e-19, 1 ]
  - 
    time: 1.25
    refer: 
      type: Pose
      name: ""
      joints: [ 
        0, 1, 2, 3, 4, 5, 6, 7, 8, 9, 
        10, 11, 12, 13, 14, 15, 16, 17, 18, 19, 
        20, 21, 22, 23, 24, 25, 26, 27, 28, 29, 
        30 ]
      q: [ 
        -5.68585554e-20, -1.70757881e-18, -0.497074506, 1.13435522, -0.637280711, 2.07529877e-18, -5.68585554e-20, -1.70757881e-18, -0.497074506, 1.13435522, 
        -0.637280711, 2.07529877e-18, 0, 0, 0, 0, 0, 0.698132, -0.349066, -0.087266, 
        -1.396263, 0, 0, 0, 0.698132, 0.349066, 0.087266, -1.396263, 0, 0, 
        0 ]
      ikLinks: 
        - 
          name: WAIST
          index: 0
          isBaseLink: true
          translation: [ 0.05, 0, 0.9 ]
          rotation: [ 
            1, -3.71456215e-36, -3.33066907e-16, 
            3.71456215e-36, 1, 0, 
            3.33066907e-16, -1.23719773e-51, 1 ]
        - 
          name: LARM_JOINT6
          index: 12
          translation: [ 0.0337069775, 0.342278723, 0.841838074 ]
          rotation: [ 
            0.730689996, 0.152245103, -0.665517511, 
            -0.322602529, 0.936116794, -0.140046267, 
            0.601680761, 0.317028039, 0.733125832 ]
        - 
          name: RARM_JOINT6
          index: 19
          translation: [ 0.0337069775, -0.342278723, 0.841838074 ]
          rotation: [ 
            0.730689996, -0.152245103, -0.665517511, 
            0.322602529, 0.936116794, 0.140046267, 
            0.601680761, -0.317028039, 0.733125832 ]
        - 
          name: LLEG_JOINT5
          index: 25
          translation: [ -0.0067995134, 0.1, 0.103500388 ]
          rotation: [ 
            1, 5.68585533e-20, -9.99929861e-10, 
            -5.68585537e-20, 1, -3.67719966e-19, 
            9.99929861e-10, 3.67719966e-19, 1 ]
          isTouching: true
          partingDirection: [ 0, 0, 1 ]
        - 
          name: RLEG_JOINT5
          index: 31
          translation: [ -0.0067995134, -0.1, 0.103500388 ]
          rotation: [ 
            1, 5.68585533e-20, -9.99929861e-10, 
            -5.68585537e-20, 1, -3.67719966e-19, 
            9.99929861e-10, 3.67719966e-19, 1 ]
          isTouching: true
          partingDirection: [ 0, 0, 1 ]
  - 
    time: 1.75
    refer: 
      type: Pose
      name: ""
      joints: [ 
        0, 1, 2, 3, 4, 5, 6, 7, 8, 9, 
        10, 11, 12, 13, 14, 15, 16, 17, 18, 19, 
        20, 21, 22, 23, 24, 25, 26, 27, 28, 29, 
        30 ]
      q: [ 
        -6.12286439e-07, -7.60491601e-08, -0.853239417, 1.88409975, -1.03103042, 1.00592026e-07, -6.08113797e-07, -7.55293394e-08, -0.853239416, 1.88409975, 
        -1.03103042, 1.01701662e-07, -3.28678554e-05, 0.100601317, 0.000108645879, 5.30235365e-05, 0.00328566667, 0.704197886, -0.34985285, -0.0867770556, 
        -1.39420616, 6.13345455e-05, 0.000528746502, 2.37059821e-05, 0.704168753, 0.349849667, 0.0867443478, -1.39420058, -8.53761772e-05, 0.000528474775, 
        -2.38604177e-05 ]
      ikLinks: 
        - 
          name: WAIST
          index: 0
          isBaseLink: true
          translation: [ 0.05, 1.38777878e-17, 0.7 ]
          rotation: [ 
            1, -4.23516474e-22, -2.44755944e-16, 
            0, 1, 3.97046694e-23, 
            -1.11022302e-16, 8.07490837e-23, 1 ]
        - 
          name: LARM_JOINT6
          index: 12
          translation: [ 0.0149488411, 0.3425901, 0.644454423 ]
          rotation: [ 
            0.791909314, 0.186003888, -0.581620316, 
            -0.323036448, 0.935894522, -0.140530773, 
            0.518195997, 0.299172188, 0.801229624 ]
        - 
          name: RARM_JOINT6
          index: 19
          translation: [ 0.0150136288, -0.342612967, 0.644475154 ]
          rotation: [ 
            0.791856275, -0.186174669, -0.581637887, 
            0.323206213, 0.935845152, 0.140469198, 
            0.51817119, -0.299220395, 0.801227666 ]
        - 
          name: LLEG_JOINT5
          index: 25
          translation: [ -0.00679915647, 0.1, 0.103500093 ]
          rotation: [ 
            0.999999986, 6.080965e-07, -0.000170082464, 
            -6.08100942e-07, 1, -2.60688941e-08, 
            0.000170082464, 2.6172321e-08, 0.999999986 ]
          isTouching: true
          partingDirection: [ 0, 0, 1 ]
        - 
          name: RLEG_JOINT5
          index: 31
          translation: [ -0.0067991561, -0.0999999999, 0.103500093 ]
          rotation: [ 
            0.999999986, 6.1226933e-07, -0.000170082452, 
            -6.12273495e-07, 1, -2.44387275e-08, 
            0.000170082452, 2.45428641e-08, 0.999999986 ]
          isTouching: true
          partingDirection: [ 0, 0, 1 ]
