# Body pose sequence format version 1.0 defined by cnoid-Robotics

type: PoseSeq
name: "jump-across-100msec-600step-len"
targetBody: "JAXON_BLUE"
refs: 
  - 
    time: 0
    refer: 
      type: Pose
      name: ""
      joints: [ 
        0, 1, 2, 3, 4, 5, 6, 7, 8, 9, 
        10, 11, 12, 13, 14, 15, 16, 17, 18, 19, 
        20, 21, 22, 23, 24, 25, 26, 27, 28, 29, 
        30 ]
      q: [ 
        1.90226153e-19, 4.6590047e-18, -0.291687718, 0.687644268, -0.395956552, -5.90674691e-18, 1.9399532e-19, 4.75821124e-18, -0.291687718, 0.687644268, 
        -0.395956552, -6.03253236e-18, 0, 0, 0, 0, 0, 0.698132, -0.349066, -0.087266, 
        -1.396263, 0, 0, 0, 0.698132, 0.349066, 0.087266, -1.396263, 0, 0, 
        0 ]
      ikLinks: 
        - 
          name: WAIST
          index: 0
          isBaseLink: true
          translation: [ 1.18237484e-07, 0, 0.977499991 ]
          rotation: [ 
            1, -2.40741243e-35, -3.33066907e-16, 
            7.22223729e-35, 1, 2.31111593e-33, 
            3.33066907e-16, -3.01687449e-33, 1 ]
        - 
          name: LARM_JOINT6
          index: 12
          translation: [ -0.0162929043, 0.342278723, 0.919338065 ]
          rotation: [ 
            0.730689996, 0.152245103, -0.665517511, 
            -0.322602529, 0.936116794, -0.140046267, 
            0.601680761, 0.317028039, 0.733125832 ]
        - 
          name: RARM_JOINT6
          index: 19
          translation: [ -0.0162929043, -0.342278723, 0.919338065 ]
          rotation: [ 
            0.730689996, -0.152245103, -0.665517511, 
            0.322602529, 0.936116794, 0.140046267, 
            0.601680761, -0.317028039, 0.733125832 ]
        - 
          name: LLEG_JOINT5
          index: 25
          translation: [ -0.045, 0.1, 0.103500006 ]
          rotation: [ 
            1, -1.93995308e-19, -2.00000033e-09, 
            1.9399531e-19, 1, 1.27432112e-18, 
            2.00000033e-09, -1.27432112e-18, 1 ]
          isTouching: true
          partingDirection: [ 0, 0, 1 ]
        - 
          name: RLEG_JOINT5
          index: 31
          translation: [ -0.045, -0.1, 0.103500006 ]
          rotation: [ 
            1, -1.90226141e-19, -2.00000033e-09, 
            1.90226144e-19, 1, 1.24774221e-18, 
            2.00000033e-09, -1.24774221e-18, 1 ]
          isTouching: true
          partingDirection: [ 0, 0, 1 ]
  - 
    time: 0.2
    refer: 
      type: Pose
      name: ""
      joints: [ 
        0, 1, 2, 3, 4, 5, 6, 7, 8, 9, 
        10, 11, 12, 13, 14, 15, 16, 17, 18, 19, 
        20, 21, 22, 23, 24, 25, 26, 27, 28, 29, 
        30 ]
      q: [ 
        1.90226153e-19, 4.6590047e-18, -0.291687718, 0.687644268, -0.395956552, -5.90674691e-18, 1.9399532e-19, 4.75821124e-18, -0.291687718, 0.687644268, 
        -0.395956552, -6.03253236e-18, 0, 0, 0, 0, 0, 0.698132, -0.349066, -0.087266, 
        -1.396263, 0, 0, 0, 0.698132, 0.349066, 0.087266, -1.396263, 0, 0, 
        0 ]
      ikLinks: 
        - 
          name: WAIST
          index: 0
          isBaseLink: true
          translation: [ 1.18237484e-07, 0, 0.977499991 ]
          rotation: [ 
            1, -2.40741243e-35, -3.33066907e-16, 
            7.22223729e-35, 1, 2.31111593e-33, 
            3.33066907e-16, -3.01687449e-33, 1 ]
        - 
          name: LARM_JOINT6
          index: 12
          translation: [ -0.0162929043, 0.342278723, 0.919338065 ]
          rotation: [ 
            0.730689996, 0.152245103, -0.665517511, 
            -0.322602529, 0.936116794, -0.140046267, 
            0.601680761, 0.317028039, 0.733125832 ]
        - 
          name: RARM_JOINT6
          index: 19
          translation: [ -0.0162929043, -0.342278723, 0.919338065 ]
          rotation: [ 
            0.730689996, -0.152245103, -0.665517511, 
            0.322602529, 0.936116794, 0.140046267, 
            0.601680761, -0.317028039, 0.733125832 ]
        - 
          name: LLEG_JOINT5
          index: 25
          translation: [ -0.045, 0.1, 0.103500006 ]
          rotation: [ 
            1, -1.93995308e-19, -2.00000033e-09, 
            1.9399531e-19, 1, 1.27432112e-18, 
            2.00000033e-09, -1.27432112e-18, 1 ]
          isTouching: true
          partingDirection: [ 0, 0, 1 ]
        - 
          name: RLEG_JOINT5
          index: 31
          translation: [ -0.045, -0.1, 0.103500006 ]
          rotation: [ 
            1, -1.90226141e-19, -2.00000033e-09, 
            1.90226144e-19, 1, 1.24774221e-18, 
            2.00000033e-09, -1.24774221e-18, 1 ]
          isTouching: true
          partingDirection: [ 0, 0, 1 ]
  - 
    time: 0.7
    refer: 
      type: Pose
      name: ""
      joints: [ 
        0, 1, 2, 3, 4, 5, 6, 7, 8, 9, 
        10, 11, 12, 13, 14, 15, 16, 17, 18, 19, 
        20, 21, 22, 23, 24, 25, 26, 27, 28, 29, 
        30 ]
      q: [ 
        1.5037386e-10, 0.0761302018, -0.512718992, 1.12963326, -0.616914277, -0.0761302018, 1.50373883e-10, 0.0761302018, -0.512718992, 1.12963326, 
        -0.616914277, -0.0761302018, 0, 0, 0, 0, 0, 0.698132, -0.349066, -0.087266, 
        -1.396263, 0, 0, 0, 0.698132, 0.349066, 0.087266, -1.396263, 0, 0, 
        0 ]
      ikLinks: 
        - 
          name: WAIST
          index: 0
          isBaseLink: true
          translation: [ -2.05423128e-17, -0.05, 0.9 ]
          rotation: [ 
            1, 1.00718651e-17, -5.32243103e-16, 
            4.32618586e-18, 1, -8.32667268e-17, 
            4.99600361e-16, 1.38777879e-17, 1 ]
        - 
          name: LARM_JOINT6
          index: 12
          translation: [ -0.0162930225, 0.292278723, 0.841838074 ]
          rotation: [ 
            0.730689996, 0.152245103, -0.665517511, 
            -0.322602529, 0.936116794, -0.140046267, 
            0.601680761, 0.317028039, 0.733125832 ]
        - 
          name: RARM_JOINT6
          index: 19
          translation: [ -0.0162930225, -0.392278723, 0.841838074 ]
          rotation: [ 
            0.730689996, -0.152245103, -0.665517511, 
            0.322602529, 0.936116794, 0.140046267, 
            0.601680761, -0.317028039, 0.733125832 ]
        - 
          name: LLEG_JOINT5
          index: 25
          translation: [ -0.0449999945, 0.0999999904, 0.103499881 ]
          rotation: [ 
            1, 3.06038481e-10, -5.98356871e-09, 
            -3.06038472e-10, 1, -2.33146835e-15, 
            5.9835687e-09, 2.26207941e-15, 1 ]
          isTouching: true
          partingDirection: [ 0, 0, 1 ]
        - 
          name: RLEG_JOINT5
          index: 31
          translation: [ -0.0449999945, -0.10000001, 0.103499881 ]
          rotation: [ 
            1, 3.06038517e-10, -5.98356888e-09, 
            -3.060385e-10, 1, -2.33146835e-15, 
            5.98356875e-09, 2.26207941e-15, 1 ]
          isTouching: true
          partingDirection: [ 0, 0, 1 ]
  - 
    time: 1.1
    refer: 
      type: Pose
      name: ""
      joints: [ 
        6, 7, 8, 9, 10, 11 ]
      q: [ 
        1.81653308e-09, 0.162751239, -0.922870191, 1.17035791, -0.247487729, -0.162751239 ]
      ikLinks: 
        - 
          name: LLEG_JOINT5
          index: 25
          translation: [ 0.205000521, 0.0999999619, 0.150000232 ]
          rotation: [ 
            1, 2.89833555e-10, -1.28277722e-08, 
            -2.89833511e-10, 1, 1.66533454e-16, 
            1.28277721e-08, -1.66533454e-16, 1 ]
  - 
    time: 1.2
    refer: 
      type: Pose
      name: ""
      joints: [ 
        12, 13, 14, 15, 16, 17, 18, 19, 20, 21, 
        22, 23, 24, 25, 26, 27, 28, 29, 30 ]
      q: [ 
        0, 0, 0, 0, 0, 0.698132, -0.349066, -0.087266, -1.396263, 0, 
        0, 0, 0.698132, 0.349066, 0.087266, -1.396263, 0, 0, 0 ]
      ikLinks: 
        - 
          name: WAIST
          index: 0
          isBaseLink: true
          translation: [ 0.1, -0.1, 0.87 ]
          rotation: [ 
            1, 1.11306906e-16, -2.16782836e-16, 
            -1.06997202e-16, 1, 2.77555756e-17, 
            3.3305813e-16, -1.11048631e-16, 1 ]
        - 
          name: LARM_JOINT6
          index: 12
          translation: [ 0.0837069775, 0.242278723, 0.811838074 ]
          rotation: [ 
            0.730689996, 0.152245103, -0.665517511, 
            -0.322602529, 0.936116794, -0.140046267, 
            0.601680761, 0.317028039, 0.733125832 ]
        - 
          name: RARM_JOINT6
          index: 19
          translation: [ 0.0837069775, -0.442278723, 0.811838074 ]
          rotation: [ 
            0.730689996, -0.152245103, -0.665517511, 
            0.322602529, 0.936116794, 0.140046267, 
            0.601680761, -0.317028039, 0.733125832 ]
  - 
    time: 1.5
    refer: 
      type: Pose
      name: ""
      joints: [ 
        0, 1, 2, 3, 4, 5, 6, 7, 8, 9, 
        10, 11, 12, 13, 14, 15, 16, 17, 18, 19, 
        20, 21, 22, 23, 24, 25, 26, 27, 28, 29, 
        30 ]
      q: [ 
        -6.77159968e-11, 0.0218773098, 0.134959383, 0.552613942, -0.687573327, -0.0218773098, 1.42935478e-05, 0.0231021998, -0.855458383, 0.872587191, 
        -0.0173030657, -0.0231022121, 0, 0, 0, 0, 0, 0.698132, -0.349066, -0.087266, 
        -1.396263, 0, 0, 0, 0.698132, 0.349066, 0.087266, -1.396263, 0, 0, 
        0 ]
      ikLinks: 
        - 
          name: WAIST
          index: 0
          isBaseLink: true
          translation: [ 0.26, -0.015, 0.93 ]
          rotation: [ 
            1, -1.55430546e-17, -1.5537578e-15, 
            1.81231169e-17, 1, 1.73472348e-17, 
            1.66533459e-15, -3.44564341e-18, 1 ]
        - 
          name: LARM_JOINT6
          index: 12
          translation: [ 0.243706977, 0.327278723, 0.871838074 ]
          rotation: [ 
            0.730689996, 0.152245103, -0.665517511, 
            -0.322602529, 0.936116794, -0.140046267, 
            0.601680761, 0.317028039, 0.733125832 ]
        - 
          name: RARM_JOINT6
          index: 19
          translation: [ 0.243706977, -0.357278723, 0.871838074 ]
          rotation: [ 
            0.730689996, -0.152245103, -0.665517511, 
            0.322602529, 0.936116794, 0.140046267, 
            0.601680761, -0.317028039, 0.733125832 ]
        - 
          name: LLEG_JOINT5
          index: 25
          translation: [ 0.539999819, 0.0999999901, 0.140000333 ]
          rotation: [ 
            0.999999985, -1.02681768e-05, -0.000174210799, 
            1.02681787e-05, 1, 1.01415657e-08, 
            0.000174210799, -1.19303932e-08, 0.999999985 ]
        - 
          name: RLEG_JOINT5
          index: 31
          translation: [ -0.0449945227, -0.100000801, 0.10350413 ]
          rotation: [ 
            1, 1.24593805e-10, -2.59944135e-09, 
            -1.24593801e-10, 1, 1.00960906e-15, 
            2.59944138e-09, -9.95731275e-16, 1 ]
          isTouching: true
          partingDirection: [ 0, 0, 1 ]
  - 
    time: 1.6
    refer: 
      type: Pose
      name: ""
      joints: [ 
        0, 1, 2, 3, 4, 5, 6, 7, 8, 9, 
        10, 11, 12, 13, 14, 15, 16, 17, 18, 19, 
        20, 21, 22, 23, 24, 25, 26, 27, 28, 29, 
        30 ]
      q: [ 
        4.13653482e-06, -0.0227556899, 0.137458769, 0.648247345, -0.78481061, 0.0227557036, 5.66915699e-11, -0.0218775693, -0.714315403, 0.799264946, 
        -0.0849495475, 0.0218775693, 0, 0, 0, 0, 0, 0.698132, -0.349066, -0.087266, 
        -1.396263, 0, 0, 0, 0.698132, 0.349066, 0.087266, -1.396263, 0, 0, 
        0 ]
      ikLinks: 
        - 
          name: WAIST
          index: 0
          isBaseLink: true
          translation: [ 0.34, 0.015, 0.93 ]
          rotation: [ 
            1, -2.37134367e-18, 7.77578859e-16, 
            1.68603147e-18, 1, -5.55111512e-17, 
            -8.8817842e-16, 6.24500451e-17, 1 ]
        - 
          name: LARM_JOINT6
          index: 12
          translation: [ 0.323706977, 0.357278723, 0.871838074 ]
          rotation: [ 
            0.730689996, 0.152245103, -0.665517511, 
            -0.322602529, 0.936116794, -0.140046267, 
            0.601680761, 0.317028039, 0.733125832 ]
        - 
          name: RARM_JOINT6
          index: 19
          translation: [ 0.323706977, -0.327278723, 0.871838074 ]
          rotation: [ 
            0.730689996, -0.152245103, -0.665517511, 
            0.322602529, 0.936116794, 0.140046267, 
            0.601680761, -0.317028039, 0.733125832 ]
        - 
          name: LLEG_JOINT5
          index: 25
          translation: [ 0.554999161, 0.100000546, 0.103500578 ]
          rotation: [ 
            1, -1.48569965e-10, -4.19899102e-09, 
            1.48569964e-10, 1, -4.85722573e-17, 
            4.19899096e-09, 5.20417043e-17, 1 ]
          isTouching: true
          partingDirection: [ 0, 0, 1 ]
        - 
          name: RLEG_JOINT5
          index: 31
          translation: [ 0.00500026772, -0.099999987, 0.129999446 ]
          rotation: [ 
            0.999999599, 1.62395277e-05, 0.000895272045, 
            -1.62395171e-05, 1, -1.91339592e-08, 
            -0.000895272045, 4.59516588e-09, 0.999999599 ]
  - 
    time: 1.8
    refer: 
      type: Pose
      name: ""
      joints: [ 
        12, 13, 14, 15, 16, 17, 18, 19, 20, 21, 
        22, 23, 24, 25, 26, 27, 28, 29, 30 ]
      q: [ 
        0, 0, 0, 0, 0, 0.698132, -0.349066, -0.087266, -1.396263, 0, 
        0, 0, 0.698132, 0.349066, 0.087266, -1.396263, 0, 0, 0 ]
      ikLinks: 
        - 
          name: WAIST
          index: 0
          isBaseLink: true
          translation: [ 0.5, 0.1, 0.9 ]
          rotation: [ 
            1, 1.72062885e-16, -3.18443731e-16, 
            -1.42138905e-16, 1, -3.05311332e-16, 
            4.99411473e-16, 2.77895482e-16, 1 ]
        - 
          name: LARM_JOINT6
          index: 12
          translation: [ 0.483706977, 0.442278723, 0.841838074 ]
          rotation: [ 
            0.730689996, 0.152245103, -0.665517511, 
            -0.322602529, 0.936116794, -0.140046267, 
            0.601680761, 0.317028039, 0.733125832 ]
        - 
          name: RARM_JOINT6
          index: 19
          translation: [ 0.483706977, -0.242278723, 0.841838074 ]
          rotation: [ 
            0.730689996, -0.152245103, -0.665517511, 
            0.322602529, 0.936116794, 0.140046267, 
            0.601680761, -0.317028039, 0.733125832 ]
  - 
    time: 2
    refer: 
      type: Pose
      name: ""
      joints: [ 
        0, 1, 2, 3, 4, 5 ]
      q: [ 
        -0.0196605484, -0.158938325, -0.380745456, 1.18438404, -0.907163271, 0.149280769 ]
      ikLinks: 
        - 
          name: RLEG_JOINT5
          index: 31
          translation: [ 0.305000033, -0.0999999838, 0.149999854 ]
          rotation: [ 
            0.999999917, 0.000287190613, -0.000289238924, 
            -0.000287190916, 0.999999959, -1.00403215e-06, 
            0.000289238624, 1.08709886e-06, 0.999999958 ]
  - 
    time: 2.4
    refer: 
      type: Pose
      name: ""
      joints: [ 
        0, 1, 2, 3, 4, 5, 6, 7, 8, 9, 
        10, 11, 12, 13, 14, 15, 16, 17, 18, 19, 
        20, 21, 22, 23, 24, 25, 26, 27, 28, 29, 
        30 ]
      q: [ 
        4.33241373e-07, -0.0761303134, -0.512723538, 1.12964263, -0.616913386, 0.0761303134, 7.67731552e-11, -0.0761302368, -0.512721399, 1.12963825, 
        -0.616916857, 0.0761302368, 0, 0, 0, 0, 0, 0.698132, -0.349066, -0.087266, 
        -1.396263, 0, 0, 0, 0.698132, 0.349066, 0.087266, -1.396263, 0, 0, 
        0 ]
      ikLinks: 
        - 
          name: WAIST
          index: 0
          isBaseLink: true
          translation: [ 0.6, 0.05, 0.9 ]
          rotation: [ 
            1, -1.11324527e-17, -3.25868657e-16, 
            1.5938587e-17, 1, 2.77555756e-17, 
            3.33066907e-16, -2.77555756e-17, 1 ]
        - 
          name: LARM_JOINT6
          index: 12
          translation: [ 0.583706977, 0.392278723, 0.841838074 ]
          rotation: [ 
            0.730689996, 0.152245103, -0.665517511, 
            -0.322602529, 0.936116794, -0.140046267, 
            0.601680761, 0.317028039, 0.733125832 ]
        - 
          name: RARM_JOINT6
          index: 19
          translation: [ 0.583706977, -0.292278723, 0.841838074 ]
          rotation: [ 
            0.730689996, -0.152245103, -0.665517511, 
            0.322602529, 0.936116794, 0.140046267, 
            0.601680761, -0.317028039, 0.733125832 ]
        - 
          name: LLEG_JOINT5
          index: 25
          translation: [ 0.554999962, 0.100000066, 0.103500925 ]
          rotation: [ 
            1, -6.84282937e-10, -7.9644527e-09, 
            6.84282929e-10, 1, 2.22044605e-15, 
            7.9644526e-09, -2.22044605e-15, 1 ]
          isTouching: true
          partingDirection: [ 0, 0, 1 ]
        - 
          name: RLEG_JOINT5
          index: 31
          translation: [ 0.55499996, -0.0999999338, 0.103501844 ]
          rotation: [ 
            1, 5.99681108e-10, 5.68764997e-06, 
            -5.99681117e-10, 1, 1.20010946e-12, 
            -5.68764997e-06, -1.20352339e-12, 1 ]
          isTouching: true
          partingDirection: [ 0, 0, 1 ]
  - 
    time: 3.2
    refer: 
      type: Pose
      name: ""
      joints: [ 
        0, 1, 2, 3, 4, 5, 6, 7, 8, 9, 
        10, 11, 12, 13, 14, 15, 16, 17, 18, 19, 
        20, 21, 22, 23, 24, 25, 26, 27, 28, 29, 
        30 ]
      q: [ 
        -6.65677992e-19, -4.35987892e-18, -0.301130159, 0.706403467, -0.40527331, -1.01437846e-17, 6.6998521e-19, -1.3843302e-17, -0.301130159, 0.706403467, 
        -0.40527331, 3.11821252e-17, 0, 0, 0, 0, 0, 0.698132, -0.349066, -0.087266, 
        -1.396263, 0, 0, 0, 0.698132, 0.349066, 0.087266, -1.396263, 0, 0, 
        0 ]
      ikLinks: 
        - 
          name: WAIST
          index: 0
          isBaseLink: true
          translation: [ 0.6, 0, 0.975 ]
          rotation: [ 
            1, -1.15555797e-32, -9.43689571e-16, 
            1.26148411e-32, 1, -5.85482703e-32, 
            9.43689571e-16, 5.76397844e-32, 1 ]
        - 
          name: LARM_JOINT6
          index: 12
          translation: [ 0.583706977, 0.342278723, 0.916838074 ]
          rotation: [ 
            0.730689996, 0.152245103, -0.665517511, 
            -0.322602529, 0.936116794, -0.140046267, 
            0.601680761, 0.317028039, 0.733125832 ]
        - 
          name: RARM_JOINT6
          index: 19
          translation: [ 0.583706977, -0.342278723, 0.916838074 ]
          rotation: [ 
            0.730689996, -0.152245103, -0.665517511, 
            0.322602529, 0.936116794, 0.140046267, 
            0.601680761, -0.317028039, 0.733125832 ]
        - 
          name: LLEG_JOINT5
          index: 25
          translation: [ 0.554999909, 0.1, 0.10350141 ]
          rotation: [ 
            1, -6.69985272e-19, -2.00000166e-09, 
            6.69985237e-19, 1, -1.73388233e-17, 
            2.00000166e-09, 1.73388233e-17, 1 ]
          isTouching: true
          partingDirection: [ 0, 0, 1 ]
        - 
          name: RLEG_JOINT5
          index: 31
          translation: [ 0.554999909, -0.1, 0.10350141 ]
          rotation: [ 
            1, 6.65678013e-19, -2.00000116e-09, 
            -6.65677984e-19, 1, 1.45036635e-17, 
            2.00000116e-09, -1.45036635e-17, 1 ]
          isTouching: true
          partingDirection: [ 0, 0, 1 ]
  - 
    time: 3.4
    refer: 
      type: Pose
      name: ""
      joints: [ 
        0, 1, 2, 3, 4, 5, 6, 7, 8, 9, 
        10, 11, 12, 13, 14, 15, 16, 17, 18, 19, 
        20, 21, 22, 23, 24, 25, 26, 27, 28, 29, 
        30 ]
      q: [ 
        -5.75647953e-18, 1.41491504e-18, -0.301130159, 0.706403467, -0.40527331, -2.12509002e-17, 6.6998521e-19, -1.3843302e-17, -0.301130159, 0.706403467, 
        -0.40527331, 3.11821252e-17, 0, 0, 0, 0, 0, 0.698132, -0.349066, -0.087266, 
        -1.396263, 0, 0, 0, 0.698132, 0.349066, 0.087266, -1.396263, 0, 0, 
        0 ]
      ikLinks: 
        - 
          name: WAIST
          index: 0
          isBaseLink: true
          translation: [ 0.6, 0, 0.975 ]
          rotation: [ 
            1, -1.15555797e-32, -9.43689571e-16, 
            1.26148411e-32, 1, -5.85482703e-32, 
            9.43689571e-16, 5.76397844e-32, 1 ]
        - 
          name: LARM_JOINT6
          index: 12
          translation: [ 0.583706977, 0.342278723, 0.916838074 ]
          rotation: [ 
            0.730689996, 0.152245103, -0.665517511, 
            -0.322602529, 0.936116794, -0.140046267, 
            0.601680761, 0.317028039, 0.733125832 ]
        - 
          name: RARM_JOINT6
          index: 19
          translation: [ 0.583706977, -0.342278723, 0.916838074 ]
          rotation: [ 
            0.730689996, -0.152245103, -0.665517511, 
            0.322602529, 0.936116794, 0.140046267, 
            0.601680761, -0.317028039, 0.733125832 ]
        - 
          name: LLEG_JOINT5
          index: 25
          translation: [ 0.554999909, 0.1, 0.10350141 ]
          rotation: [ 
            1, -6.69985272e-19, -2.00000166e-09, 
            6.69985237e-19, 1, -1.73388233e-17, 
            2.00000166e-09, 1.73388233e-17, 1 ]
          isTouching: true
          partingDirection: [ 0, 0, 1 ]
        - 
          name: RLEG_JOINT5
          index: 31
          translation: [ 0.554999909, -0.1, 0.10350141 ]
          rotation: [ 
            1, 5.75647957e-18, -2.00000094e-09, 
            -5.75647953e-18, 1, 1.98359851e-17, 
            2.00000094e-09, -1.98359851e-17, 1 ]
          isTouching: true
          partingDirection: [ 0, 0, 1 ]
