# Body pose sequence format version 1.0 defined by cnoid-Robotics

type: PoseSeq
name: "jump-500msec"
targetBody: "JAXON_BLUE"
refs: 
  - 
    time: 0
    refer: 
      type: Pose
      name: ""
      joints: [ 
        0, 1, 2, 3, 4, 5, 6, 7, 8, 9, 
        10, 11, 12, 13, 14, 15, 16, 17, 18, 19, 
        20, 21, 22, 23, 24, 25, 26, 27, 28, 29, 
        30 ]
      q: [ 
        1.90226153e-19, 4.6590047e-18, -0.291687718, 0.687644268, -0.395956552, -5.90674691e-18, 1.9399532e-19, 4.75821124e-18, -0.291687718, 0.687644268, 
        -0.395956552, -6.03253236e-18, 0, 0, 0, 0, 0, 0.698132, -0.349066, -0.087266, 
        -1.396263, 0, 0, 0, 0.698132, 0.349066, 0.087266, -1.396263, 0, 0, 
        0 ]
      ikLinks: 
        - 
          name: WAIST
          index: 0
          isBaseLink: true
          translation: [ 2.49800181e-18, 0, 0.9775 ]
          rotation: [ 
            1, -7.22223729e-35, -2.77555756e-16, 
            -1.6851887e-34, 1, 1.54074396e-33, 
            2.77555756e-16, 1.59354232e-33, 1 ]
        - 
          name: LARM_JOINT6
          index: 12
          translation: [ -0.0162930225, 0.342278723, 0.919338074 ]
          rotation: [ 
            0.730689996, 0.152245103, -0.665517511, 
            -0.322602529, 0.936116794, -0.140046267, 
            0.601680761, 0.317028039, 0.733125832 ]
        - 
          name: RARM_JOINT6
          index: 19
          translation: [ -0.0162930225, -0.342278723, 0.919338074 ]
          rotation: [ 
            0.730689996, -0.152245103, -0.665517511, 
            0.322602529, 0.936116794, 0.140046267, 
            0.601680761, -0.317028039, 0.733125832 ]
        - 
          name: LLEG_JOINT5
          index: 25
          translation: [ -0.0450001185, 0.1, 0.103500015 ]
          rotation: [ 
            1, -1.93995314e-19, -1.00001329e-09, 
            1.93995316e-19, 1, 1.27432112e-18, 
            1.00001329e-09, -1.27432112e-18, 1 ]
          isTouching: true
          partingDirection: [ 0, 0, 1 ]
        - 
          name: RLEG_JOINT5
          index: 31
          translation: [ -0.0450001185, -0.1, 0.103500015 ]
          rotation: [ 
            1, -1.90226147e-19, -1.00001335e-09, 
            1.90226148e-19, 1, 1.24774221e-18, 
            1.00001335e-09, -1.24774221e-18, 1 ]
          isTouching: true
          partingDirection: [ 0, 0, 1 ]
  - 
    time: 0.2
    refer: 
      type: Pose
      name: ""
      joints: [ 
        0, 1, 2, 3, 4, 5, 6, 7, 8, 9, 
        10, 11, 12, 13, 14, 15, 16, 17, 18, 19, 
        20, 21, 22, 23, 24, 25, 26, 27, 28, 29, 
        30 ]
      q: [ 
        1.90226153e-19, 4.6590047e-18, -0.291687718, 0.687644268, -0.395956552, -5.90674691e-18, 1.9399532e-19, 4.75821124e-18, -0.291687718, 0.687644268, 
        -0.395956552, -6.03253236e-18, 0, 0, 0, 0, 0, 0.698132, -0.349066, -0.087266, 
        -1.396263, 0, 0, 0, 0.698132, 0.349066, 0.087266, -1.396263, 0, 0, 
        0 ]
      ikLinks: 
        - 
          name: WAIST
          index: 0
          isBaseLink: true
          translation: [ 2.49800181e-18, 0, 0.9775 ]
          rotation: [ 
            1, -7.22223729e-35, -2.77555756e-16, 
            -1.6851887e-34, 1, 1.54074396e-33, 
            2.77555756e-16, 1.59354232e-33, 1 ]
        - 
          name: LARM_JOINT6
          index: 12
          translation: [ -0.0162930225, 0.342278723, 0.919338074 ]
          rotation: [ 
            0.730689996, 0.152245103, -0.665517511, 
            -0.322602529, 0.936116794, -0.140046267, 
            0.601680761, 0.317028039, 0.733125832 ]
        - 
          name: RARM_JOINT6
          index: 19
          translation: [ -0.0162930225, -0.342278723, 0.919338074 ]
          rotation: [ 
            0.730689996, -0.152245103, -0.665517511, 
            0.322602529, 0.936116794, 0.140046267, 
            0.601680761, -0.317028039, 0.733125832 ]
        - 
          name: LLEG_JOINT5
          index: 25
          translation: [ -0.0450001185, 0.1, 0.103500015 ]
          rotation: [ 
            1, -1.93995314e-19, -1.00001329e-09, 
            1.93995316e-19, 1, 1.27432112e-18, 
            1.00001329e-09, -1.27432112e-18, 1 ]
          isTouching: true
          partingDirection: [ 0, 0, 1 ]
        - 
          name: RLEG_JOINT5
          index: 31
          translation: [ -0.0450001185, -0.1, 0.103500015 ]
          rotation: [ 
            1, -1.90226147e-19, -1.00001335e-09, 
            1.90226148e-19, 1, 1.24774221e-18, 
            1.00001335e-09, -1.24774221e-18, 1 ]
          isTouching: true
          partingDirection: [ 0, 0, 1 ]
  - 
    time: 1.05
    refer: 
      type: Pose
      name: ""
      joints: [ 
        0, 1, 2, 3, 4, 5, 6, 7, 8, 9, 
        10, 11, 12, 13, 14, 15, 16, 17, 18, 19, 
        20, 21, 22, 23, 24, 25, 26, 27, 28, 29, 
        30 ]
      q: [ 
        -9.85986617e-19, -1.75348633e-19, -1.2778762, 2.33722471, -1.05934852, 3.44700327e-18, -1.34567372e-18, 3.06123402e-17, -1.2778762, 2.33722471, 
        -1.05934852, -2.65207902e-17, 0, 0, 0, 0, 0, 0.698132, -0.349066, -0.087266, 
        -1.396263, 0, 0, 0, 0.698132, 0.349066, 0.087266, -1.396263, 0, 0, 
        0 ]
      ikLinks: 
        - 
          name: WAIST
          index: 0
          isBaseLink: true
          translation: [ -0.06, 0, 0.55 ]
          rotation: [ 
            1, 2.69630192e-33, -1.66533454e-16, 
            -4.62223187e-33, 1, -6.16297582e-33, 
            1.66533454e-16, 5.93887613e-33, 1 ]
        - 
          name: LARM_JOINT6
          index: 12
          translation: [ -0.0762930225, 0.342278723, 0.491838074 ]
          rotation: [ 
            0.730689996, 0.152245103, -0.665517511, 
            -0.322602529, 0.936116794, -0.140046267, 
            0.601680761, 0.317028039, 0.733125832 ]
        - 
          name: RARM_JOINT6
          index: 19
          translation: [ -0.0762930225, -0.342278723, 0.491838074 ]
          rotation: [ 
            0.730689996, -0.152245103, -0.665517511, 
            0.322602529, 0.936116794, 0.140046267, 
            0.601680761, -0.317028039, 0.733125832 ]
        - 
          name: LLEG_JOINT5
          index: 25
          translation: [ -0.0450009057, 0.1, 0.103499182 ]
          rotation: [ 
            1, 1.34567399e-18, -9.99994648e-09, 
            -1.34567403e-18, 1, -4.09154999e-18, 
            9.99994648e-09, 4.09155e-18, 1 ]
          isTouching: true
          partingDirection: [ 0, 0, 1 ]
        - 
          name: RLEG_JOINT5
          index: 31
          translation: [ -0.0450009057, -0.1, 0.103499182 ]
          rotation: [ 
            1, 9.85986583e-19, -9.99994654e-09, 
            -9.85986615e-19, 1, -3.27165463e-18, 
            9.99994654e-09, 3.27165464e-18, 1 ]
          isTouching: true
          partingDirection: [ 0, 0, 1 ]
  - 
    time: 1.5
    refer: 
      type: Pose
      name: ""
      joints: [ 
        0, 1, 2, 3, 4, 5, 6, 7, 8, 9, 
        10, 11, 12, 13, 14, 15, 16, 17, 18, 19, 
        20, 21, 22, 23, 24, 25, 26, 27, 28, 29, 
        30 ]
      q: [ 
        -1.53823778e-19, -4.84072832e-18, -0.416074414, 0.878885315, -0.462810901, 5.95343772e-18, -1.64984983e-19, -5.08554718e-18, -0.416074414, 0.878885315, 
        -0.462810901, 6.25495254e-18, 0, 0, 0, 0, 0, 0.698132, -0.349066, -0.087266, 
        -1.396263, 0, 0, 0, 0.698132, 0.349066, 0.087266, -1.396263, 0, 0, 
        0 ]
      ikLinks: 
        - 
          name: WAIST
          index: 0
          isBaseLink: true
          translation: [ -0.02, 0, 0.95 ]
          rotation: [ 
            1, 3.61111865e-34, 2.22044605e-16, 
            -1.44444746e-34, 1, 0, 
            -2.22044605e-16, -7.33737952e-34, 1 ]
        - 
          name: LARM_JOINT6
          index: 12
          translation: [ -0.0362930225, 0.342278723, 0.891838074 ]
          rotation: [ 
            0.730689996, 0.152245103, -0.665517511, 
            -0.322602529, 0.936116794, -0.140046267, 
            0.601680761, 0.317028039, 0.733125832 ]
        - 
          name: RARM_JOINT6
          index: 19
          translation: [ -0.0362930225, -0.342278723, 0.891838074 ]
          rotation: [ 
            0.730689996, -0.152245103, -0.665517511, 
            0.322602529, 0.936116794, 0.140046267, 
            0.601680761, -0.317028039, 0.733125832 ]
        - 
          name: LLEG_JOINT5
          index: 25
          translation: [ -0.0450003199, 0.1, 0.103500186 ]
          rotation: [ 
            1, 1.64984989e-19, 9.99869854e-10, 
            -1.64984988e-19, 1, -1.16940536e-18, 
            -9.99869854e-10, 1.16940536e-18, 1 ]
          isTouching: true
          partingDirection: [ 0, 0, 1 ]
        - 
          name: RLEG_JOINT5
          index: 31
          translation: [ -0.0450003199, -0.1, 0.103500186 ]
          rotation: [ 
            1, 1.53823784e-19, 9.99869687e-10, 
            -1.53823783e-19, 1, -1.1127094e-18, 
            -9.99869687e-10, 1.1127094e-18, 1 ]
          isTouching: true
          partingDirection: [ 0, 0, 1 ]
  - 
    time: 1.54
    refer: 
      type: Pose
      name: ""
      joints: [ 
        0, 1, 2, 3, 4, 5, 6, 7, 8, 9, 
        10, 11 ]
      q: [ 
        -0.00194229617, -0.00738828237, -1.93325328, 2.11832692, -0.619843718, -3.79495869e-05, -0.00193853122, -0.00738023062, -1.93160002, 2.11736234, 
        -0.620532366, -5.89826186e-05 ]
      ikLinks: 
        - 
          name: LLEG_JOINT5
          index: 25
          translation: [ -0.0449999987, 0.1, 0.165000561 ]
          rotation: [ 
            0.999996613, -0.000103342638, -0.00260071257, 
            0.000103485998, 0.999999993, 5.49889154e-05, 
            0.00260070687, -5.52578664e-05, 0.999996617 ]
        - 
          name: RLEG_JOINT5
          index: 31
          translation: [ -0.0449999987, -0.1, 0.16500056 ]
          rotation: [ 
            0.999998491, -7.42355762e-05, -0.00173552168, 
            7.4296686e-05, 0.999999997, 3.5146724e-05, 
            0.00173551907, -3.52756145e-05, 0.999998493 ]
  - 
    time: 1.68
    refer: 
      type: Pose
      name: ""
      joints: [ 
        0, 1, 2, 3, 4, 5, 6, 7, 8, 9, 
        10, 11 ]
      q: [ 
        2.98882028e-19, 8.45284894e-18, -0.384257093, 0.816190725, -0.431933979, -1.0773555e-17, 3.20131838e-19, 9.72538481e-18, -0.384257093, 0.816190725, 
        -0.431933979, -1.23325716e-17 ]
      ikLinks: 
        - 
          name: LLEG_JOINT5
          index: 25
          translation: [ -0.045, 0.1, 0.353 ]
          rotation: [ 
            1, -3.20127566e-19, -3.46445425e-07, 
            3.20128469e-19, 1, 2.60718671e-18, 
            3.46445425e-07, -2.60718682e-18, 1 ]
        - 
          name: RLEG_JOINT5
          index: 31
          translation: [ -0.045, -0.1, 0.353 ]
          rotation: [ 
            1, -2.98878296e-19, -3.46445426e-07, 
            2.988791e-19, 1, 2.32070593e-18, 
            3.46445426e-07, -2.32070603e-18, 1 ]
  - 
    time: 1.75
    refer: 
      type: Pose
      name: ""
      joints: [ 
        0, 1, 2, 3, 4, 5, 6, 7, 8, 9, 
        10, 11 ]
      q: [ 
        3.6331932e-19, 8.24413965e-18, -0.318692992, 0.687132556, -0.368439564, -1.05245952e-17, 3.63319452e-19, 8.24414689e-18, -0.318692992, 0.687132556, 
        -0.368439564, -1.05246044e-17 ]
      ikLinks: 
        - 
          name: WAIST
          index: 0
          isBaseLink: true
          translation: [ -0.0199996789, 0, 1.25502158 ]
          rotation: [ 
            1, 2.74445017e-33, -4.99600361e-16, 
            -2.88889492e-33, 1, 2.00296714e-32, 
            4.99600361e-16, -1.6766669e-32, 1 ]
        - 
          name: LLEG_JOINT5
          index: 25
          translation: [ -0.045, 0.1, 0.38 ]
          rotation: [ 
            1, -3.63319452e-19, -5.55111512e-16, 
            3.63319452e-19, 1, 2.28045751e-18, 
            5.55111512e-16, -2.28045751e-18, 1 ]
        - 
          name: RLEG_JOINT5
          index: 31
          translation: [ -0.045, -0.1, 0.38 ]
          rotation: [ 
            1, -3.6331932e-19, -4.4408921e-16, 
            3.6331932e-19, 1, 2.28045555e-18, 
            4.4408921e-16, -2.28045555e-18, 1 ]
  - 
    time: 1.82
    refer: 
      type: Pose
      name: ""
      joints: [ 
        0, 1, 2, 3, 4, 5, 6, 7, 8, 9, 
        10, 11 ]
      q: [ 
        2.98882028e-19, 8.45284894e-18, -0.384257093, 0.816190725, -0.431933979, -1.0773555e-17, 3.20131838e-19, 9.72538481e-18, -0.384257093, 0.816190725, 
        -0.431933979, -1.23325716e-17 ]
      ikLinks: 
        - 
          name: LLEG_JOINT5
          index: 25
          translation: [ -0.045, 0.1, 0.353 ]
          rotation: [ 
            1, -3.20127566e-19, -3.46445425e-07, 
            3.20128469e-19, 1, 2.60718671e-18, 
            3.46445425e-07, -2.60718682e-18, 1 ]
        - 
          name: RLEG_JOINT5
          index: 31
          translation: [ -0.045, -0.1, 0.353 ]
          rotation: [ 
            1, -2.98878296e-19, -3.46445426e-07, 
            2.988791e-19, 1, 2.32070593e-18, 
            3.46445426e-07, -2.32070603e-18, 1 ]
  - 
    time: 1.96
    refer: 
      type: Pose
      name: ""
      joints: [ 
        0, 1, 2, 3, 4, 5, 6, 7, 8, 9, 
        10, 11 ]
      q: [ 
        1.07513167e-19, 8.90876895e-18, -0.618899982, 1.27955316, -0.660654115, -1.2975581e-17, 1.23847575e-19, 9.99952293e-18, -0.618899982, 1.27955316, 
        -0.660654115, -1.28704709e-17 ]
      ikLinks: 
        - 
          name: LLEG_JOINT5
          index: 25
          translation: [ -0.045, 0.1, 0.17 ]
          rotation: [ 
            1, -1.27921356e-19, -9.38845914e-07, 
            1.27923813e-19, 1, 2.61739954e-18, 
            9.38845914e-07, -2.61739966e-18, 1 ]
        - 
          name: RLEG_JOINT5
          index: 31
          translation: [ -0.0449999985, -0.1, 0.17000013 ]
          rotation: [ 
            1, -1.44285621e-19, -9.38846058e-07, 
            1.44288238e-19, 1, 2.78740278e-18, 
            9.38846058e-07, -2.78740291e-18, 1 ]
  - 
    time: 2
    refer: 
      type: Pose
      name: ""
      joints: [ 
        0, 1, 2, 3, 4, 5, 6, 7, 8, 9, 
        10, 11, 12, 13, 14, 15, 16, 17, 18, 19, 
        20, 21, 22, 23, 24, 25, 26, 27, 28, 29, 
        30 ]
      q: [ 
        -4.98405144e-19, -1.69975892e-17, -0.416074651, 0.878885799, -0.462811146, 2.0869088e-17, -1.61880275e-19, 1.52344014e-17, -0.416074651, 0.878885799, 
        -0.462811146, -1.05293846e-17, 0, 0, 0, 0, 0, 0.698132, -0.349066, -0.087266, 
        -1.396263, 0, 0, 0, 0.698132, 0.349066, 0.087266, -1.396263, 0, 0, 
        0 ]
      ikLinks: 
        - 
          name: WAIST
          index: 0
          isBaseLink: true
          translation: [ -0.02, 0, 0.95 ]
          rotation: [ 
            1, -6.01853108e-34, -1.11022302e-16, 
            1.01111322e-33, 1, -6.16297582e-33, 
            1.11022302e-16, -6.18094814e-33, 1 ]
        - 
          name: LARM_JOINT6
          index: 12
          translation: [ -0.0362930225, 0.342278723, 0.891838074 ]
          rotation: [ 
            0.730689996, 0.152245103, -0.665517511, 
            -0.322602529, 0.936116794, -0.140046267, 
            0.601680761, 0.317028039, 0.733125832 ]
        - 
          name: RARM_JOINT6
          index: 19
          translation: [ -0.0362930225, -0.342278723, 0.891838074 ]
          rotation: [ 
            0.730689996, -0.152245103, -0.665517511, 
            0.322602529, 0.936116794, 0.140046267, 
            0.601680761, -0.317028039, 0.733125832 ]
        - 
          name: LLEG_JOINT5
          index: 25
          translation: [ -0.0450003253, 0.1, 0.103500267 ]
          rotation: [ 
            1, 1.61880264e-19, 9.99869187e-10, 
            -1.6188026e-19, 1, -4.70501681e-18, 
            -9.99869187e-10, 4.70501681e-18, 1 ]
          isTouching: true
          partingDirection: [ 0, 0, 1 ]
        - 
          name: RLEG_JOINT5
          index: 31
          translation: [ -0.0450003253, -0.1, 0.103500267 ]
          rotation: [ 
            1, 4.98405165e-19, 9.99869076e-10, 
            -4.98405161e-19, 1, -3.87149877e-18, 
            -9.99869076e-10, 3.87149877e-18, 1 ]
          isTouching: true
          partingDirection: [ 0, 0, 1 ]
  - 
    time: 2.35
    refer: 
      type: Pose
      name: ""
      joints: [ 
        0, 1, 2, 3, 4, 5, 6, 7, 8, 9, 
        10, 11, 12, 13, 14, 15, 16, 17, 18, 19, 
        20, 21, 22, 23, 24, 25, 26, 27, 28, 29, 
        30 ]
      q: [ 
        -1.08513767e-18, 2.80039527e-17, -1.18996956, 2.19549184, -1.00552229, -2.42190978e-17, -1.24735962e-18, 1.3242585e-17, -1.18996956, 2.19549184, 
        -1.00552229, -8.27865061e-18, 0, 0, 0, 0, 0, 0.698132, -0.349066, -0.087266, 
        -1.396263, 0, 0, 0, 0.698132, 0.349066, 0.087266, -1.396263, 0, 0, 
        0 ]
      ikLinks: 
        - 
          name: WAIST
          index: 0
          isBaseLink: true
          translation: [ -0.06, 0, 0.6 ]
          rotation: [ 
            1, 7.70371978e-34, -1.11022302e-16, 
            -2.50370893e-33, 1, -4.62223187e-33, 
            1.11022302e-16, -3.21997265e-33, 1 ]
        - 
          name: LARM_JOINT6
          index: 12
          translation: [ -0.0762930225, 0.342278723, 0.541838074 ]
          rotation: [ 
            0.730689996, 0.152245103, -0.665517511, 
            -0.322602529, 0.936116794, -0.140046267, 
            0.601680761, 0.317028039, 0.733125832 ]
        - 
          name: RARM_JOINT6
          index: 19
          translation: [ -0.0762930225, -0.342278723, 0.541838074 ]
          rotation: [ 
            0.730689996, -0.152245103, -0.665517511, 
            0.322602529, 0.936116794, 0.140046267, 
            0.601680761, -0.317028039, 0.733125832 ]
        - 
          name: LLEG_JOINT5
          index: 25
          translation: [ -0.0450008267, 0.1, 0.103499609 ]
          rotation: [ 
            1, 1.24735968e-18, -7.99993954e-09, 
            -1.24735972e-18, 1, -4.96393433e-18, 
            7.99993954e-09, 4.96393434e-18, 1 ]
          isTouching: true
          partingDirection: [ 0, 0, 1 ]
        - 
          name: RLEG_JOINT5
          index: 31
          translation: [ -0.0450008267, -0.1, 0.103499609 ]
          rotation: [ 
            1, 1.08513786e-18, -7.99993993e-09, 
            -1.08513789e-18, 1, -3.78485489e-18, 
            7.99993993e-09, 3.7848549e-18, 1 ]
          isTouching: true
          partingDirection: [ 0, 0, 1 ]
  - 
    time: 2.55
    refer: 
      type: Pose
      name: ""
      joints: [ 
        0, 1, 2, 3, 4, 5, 6, 7, 8, 9, 
        10, 11, 12, 13, 14, 15, 16, 17, 18, 19, 
        20, 21, 22, 23, 24, 25, 26, 27, 28, 29, 
        30 ]
      q: [ 
        -1.08513767e-18, 2.80039527e-17, -1.18996956, 2.19549184, -1.00552229, -2.42190978e-17, -1.24735962e-18, 1.3242585e-17, -1.18996956, 2.19549184, 
        -1.00552229, -8.27865061e-18, 0, 0, 0, 0, 0, 0.698132, -0.349066, -0.087266, 
        -1.396263, 0, 0, 0, 0.698132, 0.349066, 0.087266, -1.396263, 0, 0, 
        0 ]
      ikLinks: 
        - 
          name: WAIST
          index: 0
          isBaseLink: true
          translation: [ -0.06, 0, 0.6 ]
          rotation: [ 
            1, 1.92592994e-34, -1.11022302e-16, 
            -1.54074396e-33, 1, -9.24446373e-33, 
            1.11022302e-16, -1.38484737e-34, 1 ]
        - 
          name: LARM_JOINT6
          index: 12
          translation: [ -0.0762930225, 0.342278723, 0.541838074 ]
          rotation: [ 
            0.730689996, 0.152245103, -0.665517511, 
            -0.322602529, 0.936116794, -0.140046267, 
            0.601680761, 0.317028039, 0.733125832 ]
        - 
          name: RARM_JOINT6
          index: 19
          translation: [ -0.0762930225, -0.342278723, 0.541838074 ]
          rotation: [ 
            0.730689996, -0.152245103, -0.665517511, 
            0.322602529, 0.936116794, 0.140046267, 
            0.601680761, -0.317028039, 0.733125832 ]
        - 
          name: LLEG_JOINT5
          index: 25
          translation: [ -0.0450008267, 0.1, 0.103499609 ]
          rotation: [ 
            1, 1.24735968e-18, -7.99993954e-09, 
            -1.24735972e-18, 1, -4.96393433e-18, 
            7.99993954e-09, 4.96393434e-18, 1 ]
          isTouching: true
          partingDirection: [ 0, 0, 1 ]
        - 
          name: RLEG_JOINT5
          index: 31
          translation: [ -0.0450008267, -0.1, 0.103499609 ]
          rotation: [ 
            1, 1.08513786e-18, -7.99993993e-09, 
            -1.08513789e-18, 1, -3.78485489e-18, 
            7.99993993e-09, 3.7848549e-18, 1 ]
          isTouching: true
          partingDirection: [ 0, 0, 1 ]
