# Body pose sequence format version 1.0 defined by cnoid-Robotics

type: PoseSeq
name: "jump-toe-500msec"
targetBody: "JAXON_BLUE"
refs: 
  - 
    time: 0
    refer: 
      type: Pose
      name: ""
      joints: [ 
        0, 1, 2, 3, 4, 5, 6, 7, 8, 9, 
        10, 11, 12, 13, 14, 15, 16, 17, 18, 19, 
        20, 21, 22, 23, 24, 25, 26, 27, 28, 29, 
        30 ]
      q: [ 
        1.90226153e-19, 4.6590047e-18, -0.291687718, 0.687644268, -0.395956552, -5.90674691e-18, 1.9399532e-19, 4.75821124e-18, -0.291687718, 0.687644268, 
        -0.395956552, -6.03253236e-18, 0, 0, 0, 0, 0, 0.698132, -0.349066, -0.087266, 
        -1.396263, 0, 0, 0, 0.698132, 0.349066, 0.087266, -1.396263, 0, 0, 
        0 ]
      ikLinks: 
        - 
          name: WAIST
          index: 0
          isBaseLink: true
          translation: [ 1.18237484e-07, 0, 0.996999985 ]
          rotation: [ 
            1, 4.81482486e-34, -3.33066907e-16, 
            7.22223729e-35, 1, 2.31111593e-33, 
            3.33066907e-16, -2.24650251e-33, 1 ]
        - 
          name: LARM_JOINT6
          index: 12
          translation: [ -0.0162929043, 0.342278723, 0.938838059 ]
          rotation: [ 
            0.730689996, 0.152245103, -0.665517511, 
            -0.322602529, 0.936116794, -0.140046267, 
            0.601680761, 0.317028039, 0.733125832 ]
        - 
          name: RARM_JOINT6
          index: 19
          translation: [ -0.0162929043, -0.342278723, 0.938838059 ]
          rotation: [ 
            0.730689996, -0.152245103, -0.665517511, 
            0.322602529, 0.936116794, 0.140046267, 
            0.601680761, -0.317028039, 0.733125832 ]
        - 
          name: LLEG_JOINT5
          index: 25
          translation: [ -0.045, 0.1, 0.123 ]
          rotation: [ 
            1, -1.93995308e-19, -2.00000033e-09, 
            1.9399531e-19, 1, 1.27432112e-18, 
            2.00000033e-09, -1.27432112e-18, 1 ]
          isTouching: true
          partingDirection: [ 0, 0, 1 ]
        - 
          name: RLEG_JOINT5
          index: 31
          translation: [ -0.045, -0.1, 0.123 ]
          rotation: [ 
            1, -1.90226141e-19, -2.00000033e-09, 
            1.90226144e-19, 1, 1.24774221e-18, 
            2.00000033e-09, -1.24774221e-18, 1 ]
          isTouching: true
          partingDirection: [ 0, 0, 1 ]
  - 
    time: 0.2
    refer: 
      type: Pose
      name: ""
      joints: [ 
        0, 1, 2, 3, 4, 5, 6, 7, 8, 9, 
        10, 11, 12, 13, 14, 15, 16, 17, 18, 19, 
        20, 21, 22, 23, 24, 25, 26, 27, 28, 29, 
        30 ]
      q: [ 
        1.90226153e-19, 4.6590047e-18, -0.291687718, 0.687644268, -0.395956552, -5.90674691e-18, 1.9399532e-19, 4.75821124e-18, -0.291687718, 0.687644268, 
        -0.395956552, -6.03253236e-18, 0, 0, 0, 0, 0, 0.698132, -0.349066, -0.087266, 
        -1.396263, 0, 0, 0, 0.698132, 0.349066, 0.087266, -1.396263, 0, 0, 
        0 ]
      ikLinks: 
        - 
          name: WAIST
          index: 0
          isBaseLink: true
          translation: [ 1.18237484e-07, 0, 0.996999985 ]
          rotation: [ 
            1, 4.81482486e-34, -3.33066907e-16, 
            7.22223729e-35, 1, 2.31111593e-33, 
            3.33066907e-16, -2.24650251e-33, 1 ]
        - 
          name: LARM_JOINT6
          index: 12
          translation: [ -0.0162929043, 0.342278723, 0.938838059 ]
          rotation: [ 
            0.730689996, 0.152245103, -0.665517511, 
            -0.322602529, 0.936116794, -0.140046267, 
            0.601680761, 0.317028039, 0.733125832 ]
        - 
          name: RARM_JOINT6
          index: 19
          translation: [ -0.0162929043, -0.342278723, 0.938838059 ]
          rotation: [ 
            0.730689996, -0.152245103, -0.665517511, 
            0.322602529, 0.936116794, 0.140046267, 
            0.601680761, -0.317028039, 0.733125832 ]
        - 
          name: LLEG_JOINT5
          index: 25
          translation: [ -0.045, 0.1, 0.123 ]
          rotation: [ 
            1, -1.93995308e-19, -2.00000033e-09, 
            1.9399531e-19, 1, 1.27432112e-18, 
            2.00000033e-09, -1.27432112e-18, 1 ]
          isTouching: true
          partingDirection: [ 0, 0, 1 ]
        - 
          name: RLEG_JOINT5
          index: 31
          translation: [ -0.045, -0.1, 0.123 ]
          rotation: [ 
            1, -1.90226141e-19, -2.00000033e-09, 
            1.90226144e-19, 1, 1.24774221e-18, 
            2.00000033e-09, -1.24774221e-18, 1 ]
          isTouching: true
          partingDirection: [ 0, 0, 1 ]
  - 
    time: 1.15
    refer: 
      type: Pose
      name: ""
      joints: [ 
        12, 13, 14, 15, 16, 17, 18, 19, 20, 21, 
        22, 23, 24, 25, 26, 27, 28, 29, 30 ]
      q: [ 
        0, 0, 0, 0, 0, 0.698132, -0.349066, -0.087266, -1.396263, 0, 
        0, 0, 0.698132, 0.349066, 0.087266, -1.396263, 0, 0, 0 ]
      ikLinks: 
        - 
          name: WAIST
          index: 0
          isBaseLink: true
          translation: [ 0.02, 0, 0.66 ]
          rotation: [ 
            1, -4.56445397e-32, 3.33066907e-16, 
            3.94815639e-32, 1, 4.31408308e-32, 
            -3.33066907e-16, -4.43868578e-32, 1 ]
        - 
          name: LARM_JOINT6
          index: 12
          translation: [ 0.00370697748, 0.342278723, 0.601838074 ]
          rotation: [ 
            0.730689996, 0.152245103, -0.665517511, 
            -0.322602529, 0.936116794, -0.140046267, 
            0.601680761, 0.317028039, 0.733125832 ]
        - 
          name: RARM_JOINT6
          index: 19
          translation: [ 0.00370697748, -0.342278723, 0.601838074 ]
          rotation: [ 
            0.730689996, -0.152245103, -0.665517511, 
            0.322602529, 0.936116794, 0.140046267, 
            0.601680761, -0.317028039, 0.733125832 ]
  - 
    time: 1.25
    refer: 
      type: Pose
      name: ""
      joints: [ 
        12, 13, 14, 15, 16, 17, 18, 19, 20, 21, 
        22, 23, 24, 25, 26, 27, 28, 29, 30 ]
      q: [ 
        0, 0, 0, 0, 0, 0.698132, -0.349066, -0.087266, -1.396263, 0, 
        0, 0, 0.698132, 0.349066, 0.087266, -1.396263, 0, 0, 0 ]
      ikLinks: 
        - 
          name: WAIST
          index: 0
          isBaseLink: true
          translation: [ 0.02, 0, 0.66 ]
          rotation: [ 
            1, -4.06371218e-32, 5.55111512e-17, 
            4.06371218e-32, 1, 6.9333478e-32, 
            -5.55111512e-17, -7.39094581e-32, 1 ]
        - 
          name: LARM_JOINT6
          index: 12
          translation: [ 0.00370697748, 0.342278723, 0.601838074 ]
          rotation: [ 
            0.730689996, 0.152245103, -0.665517511, 
            -0.322602529, 0.936116794, -0.140046267, 
            0.601680761, 0.317028039, 0.733125832 ]
        - 
          name: RARM_JOINT6
          index: 19
          translation: [ 0.00370697748, -0.342278723, 0.601838074 ]
          rotation: [ 
            0.730689996, -0.152245103, -0.665517511, 
            0.322602529, 0.936116794, 0.140046267, 
            0.601680761, -0.317028039, 0.733125832 ]
  - 
    time: 1.35
    refer: 
      type: Pose
      name: ""
      joints: [ 
        0, 1, 2, 3, 4, 5, 6, 7, 8, 9, 
        10, 11 ]
      q: [ 
        -5.55453943e-19, 1.55985949e-17, -0.680871026, 1.54494537, -0.864074348, -1.66272389e-17, -5.93543493e-19, 1.45705898e-17, -0.680871026, 1.54494537, 
        -0.864074348, -1.53648533e-17 ]
      ikLinks: 
        - 
          name: LLEG_JOINT5
          index: 25
          translation: [ -0.045, 0.1, 0.123 ]
          rotation: [ 
            1, 5.93543539e-19, -2.99984854e-09, 
            -5.93543537e-19, 1, 7.94263517e-19, 
            2.99984854e-09, -7.94263515e-19, 1 ]
          isTouching: true
          partingDirection: [ 0, 0, 1 ]
        - 
          name: RLEG_JOINT5
          index: 31
          translation: [ -0.045, -0.1, 0.123 ]
          rotation: [ 
            1, 5.55453993e-19, -2.99984876e-09, 
            -5.5545399e-19, 1, 1.02864409e-18, 
            2.99984876e-09, -1.02864409e-18, 1 ]
          isTouching: true
          partingDirection: [ 0, 0, 1 ]
  - 
    time: 1.5
    refer: 
      type: Pose
      name: ""
      joints: [ 
        0, 1, 2, 3, 4, 5, 6, 7, 8, 9, 
        10, 11, 12, 13, 14, 15, 16, 17, 18, 19, 
        20, 21, 22, 23, 24, 25, 26, 27, 28, 29, 
        30 ]
      q: [ 
        3.90973618e-19, -9.80984942e-18, -0.657821981, 1.34365647, -0.372207465, 5.83199889e-18, 2.17622728e-18, -6.47731885e-18, -0.657821982, 1.34365648, 
        -0.372190015, 6.88606888e-18, 0, 0, 0, 0, 0, 0.698132, -0.349066, -0.087266, 
        -1.396263, 0, 0, 0, 0.698132, 0.349066, 0.087266, -1.396263, 0, 0, 
        0 ]
      ikLinks: 
        - 
          name: WAIST
          index: 0
          isBaseLink: true
          translation: [ 0.0199985984, 0, 0.918260113 ]
          rotation: [ 
            1, 4.62223187e-33, 6.66133815e-16, 
            -3.4666739e-33, 1, 6.9333478e-33, 
            -6.66133815e-16, -9.92375033e-33, 1 ]
        - 
          name: LARM_JOINT6
          index: 12
          translation: [ 0.00370557588, 0.342278723, 0.860098187 ]
          rotation: [ 
            0.730689996, 0.152245103, -0.665517511, 
            -0.322602529, 0.936116794, -0.140046267, 
            0.601680761, 0.317028039, 0.733125832 ]
        - 
          name: RARM_JOINT6
          index: 19
          translation: [ 0.00370557588, -0.342278723, 0.860098187 ]
          rotation: [ 
            0.730689996, -0.152245103, -0.665517511, 
            0.322602529, 0.936116794, 0.140046267, 
            0.601680761, -0.317028039, 0.733125832 ]
        - 
          name: LLEG_JOINT5
          index: 25
          translation: [ -0.000999000246, 0.1, 0.167000007 ]
          rotation: [ 
            0.951215468, -5.16866015e-20, 0.308527363, 
            7.16309411e-20, 1, -5.33173377e-20, 
            -0.308527363, 7.28163817e-20, 0.951215468 ]
          isTouching: true
          partingDirection: [ 0, 0, 1 ]
        - 
          name: RLEG_JOINT5
          index: 31
          translation: [ -0.000999000234, -0.1, 0.167000006 ]
          rotation: [ 
            0.951220852, 1.40826081e-18, 0.308510763, 
            -2.65454187e-18, 1, 3.61995401e-18, 
            -0.308510763, -4.26233047e-18, 0.951220852 ]
          isTouching: true
          partingDirection: [ 0, 0, 1 ]
  - 
    time: 1.668
    refer: 
      type: Pose
      name: ""
      joints: [ 
        0, 1, 2, 3, 4, 5, 6, 7, 8, 9, 
        10, 11 ]
      q: [ 
        -1.56186263e-10, -1.55863822e-10, -0.685288631, 1.3526445, -0.144087875, -1.86754816e-10, -1.55663014e-10, -1.55858088e-10, -0.685289961, 1.3526486, 
        -0.144086931, -1.86262862e-10 ]
      ikLinks: 
        - 
          name: LLEG_JOINT5
          index: 25
          translation: [ 0.035, 0.1, 0.332 ]
          rotation: [ 
            0.866188889, 6.25843468e-11, 0.499716727, 
            -2.12718467e-10, 1, 2.43477994e-10, 
            -0.499716727, -3.17196909e-10, 0.866188889 ]
        - 
          name: RLEG_JOINT5
          index: 31
          translation: [ 0.0350004797, -0.1, 0.331998994 ]
          rotation: [ 
            0.866190747, 6.28623585e-11, 0.499713509, 
            -2.13174353e-10, 1, 2.4371423e-10, 
            -0.499713509, -3.17629115e-10, 0.866190747 ]
  - 
    time: 1.752
    refer: 
      type: Pose
      name: ""
      joints: [ 
        0, 1, 2, 3, 4, 5, 6, 7, 8, 9, 
        10, 11, 12, 13, 14, 15, 16, 17, 18, 19, 
        20, 21, 22, 23, 24, 25, 26, 27, 28, 29, 
        30 ]
      q: [ 
        -3.17103481e-10, -1.37804925e-12, -0.468327271, 0.919837152, 0.106637499, -4.66033922e-10, -7.35606287e-15, -1.71370584e-14, -0.468327271, 0.919837152, 
        0.10664987, -2.04772397e-15, 0, 0, 0, 0, 0, 0.698132, -0.349066, -0.087266, 
        -1.396263, 0, 0, 0, 0.698132, 0.349066, 0.087266, -1.396263, 0, 0, 
        0 ]
      ikLinks: 
        - 
          name: WAIST
          index: 0
          isBaseLink: true
          translation: [ 0.048, 0, 1.2 ]
          rotation: [ 
            1, -2.58525496e-26, 5.55111512e-16, 
            -2.58509719e-26, 1, 2.53325009e-24, 
            -5.55111512e-16, -2.61139373e-24, 1 ]
        - 
          name: LARM_JOINT6
          index: 12
          translation: [ 0.0317069775, 0.342278723, 1.14183807 ]
          rotation: [ 
            0.730689996, 0.152245103, -0.665517511, 
            -0.322602529, 0.936116794, -0.140046267, 
            0.601680761, 0.317028039, 0.733125832 ]
        - 
          name: RARM_JOINT6
          index: 19
          translation: [ 0.0317069775, -0.342278723, 1.14183807 ]
          rotation: [ 
            0.730689996, -0.152245103, -0.665517511, 
            0.322602529, 0.936116794, 0.140046267, 
            0.601680761, -0.317028039, 0.733125832 ]
        - 
          name: LLEG_JOINT5
          index: 25
          translation: [ 0.0449999915, 0.1, 0.360000921 ]
          rotation: [ 
            0.84823119, 6.27153473e-15, 0.529626139, 
            -1.5315876e-14, 1, 1.26879482e-14, 
            -0.529626139, -1.88740017e-14, 0.84823119 ]
        - 
          name: RLEG_JOINT5
          index: 31
          translation: [ 0.0449999915, -0.1, 0.360000921 ]
          rotation: [ 
            0.848237743, 7.02846241e-11, 0.529615646, 
            -2.69708977e-10, 1, 2.99259871e-10, 
            -0.529615646, -3.96685611e-10, 0.848237743 ]
  - 
    time: 1.836
    refer: 
      type: Pose
      name: ""
      joints: [ 
        0, 1, 2, 3, 4, 5, 6, 7, 8, 9, 
        10, 11 ]
      q: [ 
        -1.4574959e-10, -1.51826923e-10, -0.698393678, 1.35941317, -0.138119398, -1.8438524e-10, -1.56853688e-10, -1.53284042e-10, -0.698479598, 1.35954698, 
        -0.137795667, -1.89090715e-10 ]
      ikLinks: 
        - 
          name: LLEG_JOINT5
          index: 25
          translation: [ 0.035, 0.1, 0.332 ]
          rotation: [ 
            0.86618889, 6.23618945e-11, 0.499716727, 
            -2.12463522e-10, 1, 2.43481238e-10, 
            -0.499716727, -3.17072319e-10, 0.86618889 ]
        - 
          name: RLEG_JOINT5
          index: 31
          translation: [ 0.0349901143, -0.1, 0.331967247 ]
          rotation: [ 
            0.866374532, 5.36685593e-11, 0.499394804, 
            -2.0209531e-10, 1, 2.43137632e-10, 
            -0.499394804, -3.11573599e-10, 0.866374532 ]
  - 
    time: 2
    refer: 
      type: Pose
      name: ""
      joints: [ 
        0, 1, 2, 3, 4, 5, 6, 7, 8, 9, 
        10, 11, 12, 13, 14, 15, 16, 17, 18, 19, 
        20, 21, 22, 23, 24, 25, 26, 27, 28, 29, 
        30 ]
      q: [ 
        7.4286425e-19, -2.10387627e-18, -0.657818883, 1.34365359, -0.372207683, 2.27215066e-18, -6.31419235e-20, 3.43121848e-19, -0.657818918, 1.34365366, 
        -0.372190266, -3.14636853e-19, 0, 0, 0, 0, 0, 0.698132, -0.349066, -0.087266, 
        -1.396263, 0, 0, 0, 0.698132, 0.349066, 0.087266, -1.396263, 0, 0, 
        0 ]
      ikLinks: 
        - 
          name: WAIST
          index: 0
          isBaseLink: true
          translation: [ 0.0199985984, 0, 0.918260113 ]
          rotation: [ 
            1, 3.50278509e-33, 8.32667268e-16, 
            -3.44259978e-33, 1, 8.6185365e-33, 
            -8.32667268e-16, -8.46966379e-33, 1 ]
        - 
          name: LARM_JOINT6
          index: 12
          translation: [ 0.00370557588, 0.342278723, 0.860098187 ]
          rotation: [ 
            0.730689996, 0.152245103, -0.665517511, 
            -0.322602529, 0.936116794, -0.140046267, 
            0.601680761, 0.317028039, 0.733125832 ]
        - 
          name: RARM_JOINT6
          index: 19
          translation: [ 0.00370557588, -0.342278723, 0.860098187 ]
          rotation: [ 
            0.730689996, -0.152245103, -0.665517511, 
            0.322602529, 0.936116794, 0.140046267, 
            0.601680761, -0.317028039, 0.733125832 ]
        - 
          name: LLEG_JOINT5
          index: 25
          translation: [ -0.000999999432, 0.1, 0.166999359 ]
          rotation: [ 
            0.951215468, -3.3932155e-20, 0.308527363, 
            4.58009048e-20, 1, -3.1226968e-20, 
            -0.308527363, 4.38344073e-20, 0.951215468 ]
          isTouching: true
          partingDirection: [ 0, 0, 1 ]
        - 
          name: RLEG_JOINT5
          index: 31
          translation: [ -0.000999999393, -0.1, 0.166999342 ]
          rotation: [ 
            0.951220852, -4.18813176e-20, 0.308510763, 
            5.7559492e-20, 1, -4.1718063e-20, 
            -0.308510763, 5.74408142e-20, 0.951220852 ]
          isTouching: true
          partingDirection: [ 0, 0, 1 ]
  - 
    time: 2.13
    refer: 
      type: Pose
      name: ""
      joints: [ 
        0, 1, 2, 3, 4, 5, 6, 7, 8, 9, 
        10, 11 ]
      q: [ 
        -5.55453943e-19, 1.55985949e-17, -0.680871026, 1.54494537, -0.864074348, -1.66272389e-17, -5.93543493e-19, 1.45705898e-17, -0.680871026, 1.54494537, 
        -0.864074348, -1.53648533e-17 ]
      ikLinks: 
        - 
          name: LLEG_JOINT5
          index: 25
          translation: [ -0.045, 0.1, 0.123 ]
          rotation: [ 
            1, 5.93543539e-19, -2.99984854e-09, 
            -5.93543537e-19, 1, 7.94263517e-19, 
            2.99984854e-09, -7.94263515e-19, 1 ]
          isTouching: true
          partingDirection: [ 0, 0, 1 ]
        - 
          name: RLEG_JOINT5
          index: 31
          translation: [ -0.045, -0.1, 0.123 ]
          rotation: [ 
            1, 5.55453993e-19, -2.99984876e-09, 
            -5.5545399e-19, 1, 1.02864409e-18, 
            2.99984876e-09, -1.02864409e-18, 1 ]
          isTouching: true
          partingDirection: [ 0, 0, 1 ]
  - 
    time: 2.25
    refer: 
      type: Pose
      name: ""
      joints: [ 
        0, 1, 2, 3, 4, 5, 6, 7, 8, 9, 
        10, 11, 12, 13, 14, 15, 16, 17, 18, 19, 
        20, 21, 22, 23, 24, 25, 26, 27, 28, 29, 
        30 ]
      q: [ 
        -1.66037693e-17, 2.97955225e-16, -1.01805059, 2.07535013, -1.05729956, -2.93911917e-16, -5.20159439e-18, 2.35312799e-17, -1.01805059, 2.07535013, 
        -1.05729956, -2.31616991e-17, 0, 0, 0, 0, 0, 0.698132, -0.349066, -0.087266, 
        -1.396263, 0, 0, 0, 0.698132, 0.349066, 0.087266, -1.396263, 0, 0, 
        0 ]
      ikLinks: 
        - 
          name: WAIST
          index: 0
          isBaseLink: true
          translation: [ -0.02, 0, 0.66 ]
          rotation: [ 
            1, 0, 3.88578059e-16, 
            -6.9333478e-33, 1, -2.77333912e-32, 
            -3.88578059e-16, 2.05101529e-32, 1 ]
        - 
          name: LARM_JOINT6
          index: 12
          translation: [ -0.0362930225, 0.342278723, 0.601838074 ]
          rotation: [ 
            0.730689996, 0.152245103, -0.665517511, 
            -0.322602529, 0.936116794, -0.140046267, 
            0.601680761, 0.317028039, 0.733125832 ]
        - 
          name: RARM_JOINT6
          index: 19
          translation: [ -0.0362930225, -0.342278723, 0.601838074 ]
          rotation: [ 
            0.730689996, -0.152245103, -0.665517511, 
            0.322602529, 0.936116794, 0.140046267, 
            0.601680761, -0.317028039, 0.733125832 ]
        - 
          name: LLEG_JOINT5
          index: 25
          translation: [ -0.0450001139, 0.1, 0.122999672 ]
          rotation: [ 
            1, 5.20159474e-18, -1.49999689e-08, 
            -5.20159475e-18, 1, -3.69580754e-19, 
            1.49999689e-08, 3.69580832e-19, 1 ]
          isTouching: true
          partingDirection: [ 0, 0, 1 ]
        - 
          name: RLEG_JOINT5
          index: 31
          translation: [ -0.0450001139, -0.1, 0.122999672 ]
          rotation: [ 
            1, 1.66037737e-17, -1.49999689e-08, 
            -1.66037737e-17, 1, -4.04330809e-18, 
            1.49999689e-08, 4.04330834e-18, 1 ]
          isTouching: true
          partingDirection: [ 0, 0, 1 ]
  - 
    time: 2.6
    refer: 
      type: Pose
      name: ""
      joints: [ 
        0, 1, 2, 3, 4, 5, 6, 7, 8, 9, 
        10, 11, 12, 13, 14, 15, 16, 17, 18, 19, 
        20, 21, 22, 23, 24, 25, 26, 27, 28, 29, 
        30 ]
      q: [ 
        -5.86045572e-19, 2.67851611e-16, -1.01805056, 2.0753479, -1.05808274, -2.6310306e-16, 2.6739269e-19, 1.69051316e-16, -1.01805056, 2.0753479, 
        -1.05808274, -1.61802356e-16, 0, 0, 0, 0, 0, 0.698132, -0.349066, -0.087266, 
        -1.396263, 0, 0, 0, 0.698132, 0.349066, 0.087266, -1.396263, 0, 0, 
        0 ]
      ikLinks: 
        - 
          name: WAIST
          index: 0
          isBaseLink: true
          translation: [ -0.02, 0, 0.66 ]
          rotation: [ 
            1, -5.2481591e-33, -4.52030861e-35, 
            5.20001085e-33, 1, 0, 
            -1.31834775e-50, 4.93038066e-32, 1 ]
        - 
          name: LARM_JOINT6
          index: 12
          translation: [ -0.0362930225, 0.342278723, 0.601838074 ]
          rotation: [ 
            0.730689996, 0.152245103, -0.665517511, 
            -0.322602529, 0.936116794, -0.140046267, 
            0.601680761, 0.317028039, 0.733125832 ]
        - 
          name: RARM_JOINT6
          index: 19
          translation: [ -0.0362930225, -0.342278723, 0.601838074 ]
          rotation: [ 
            0.730689996, -0.152245103, -0.665517511, 
            0.322602529, 0.936116794, 0.140046267, 
            0.601680761, -0.317028039, 0.733125832 ]
        - 
          name: LLEG_JOINT5
          index: 25
          translation: [ -0.044999687, 0.1, 0.122998897 ]
          rotation: [ 
            0.999999692, -1.40312809e-19, -0.000785401919, 
            1.3461938e-19, 1, -7.2491177e-18, 
            0.000785401919, 7.24900973e-18, 0.999999692 ]
          isTouching: true
          partingDirection: [ 0, 0, 1 ]
        - 
          name: RLEG_JOINT5
          index: 31
          translation: [ -0.044999687, -0.1, 0.122998897 ]
          rotation: [ 
            0.999999692, 7.9268722e-19, -0.000785401919, 
            -7.9641656e-19, 1, -4.74800781e-18, 
            0.000785401919, 4.74863185e-18, 0.999999692 ]
          isTouching: true
          partingDirection: [ 0, 0, 1 ]
