# Body pose sequence format version 1.0 defined by cnoid-Robotics

type: PoseSeq
name: "jump-370msec"
targetBody: "JAXON_BLUE"
refs: 
  - 
    time: 0
    refer: 
      type: Pose
      name: ""
      joints: [ 
        0, 1, 2, 3, 4, 5, 6, 7, 8, 9, 
        10, 11, 12, 13, 14, 15, 16, 17, 18, 19, 
        20, 21, 22, 23, 24, 25, 26, 27, 28, 29, 
        30 ]
      q: [ 
        1.90226153e-19, 4.6590047e-18, -0.291687718, 0.687644268, -0.395956552, -5.90674691e-18, 1.9399532e-19, 4.75821124e-18, -0.291687718, 0.687644268, 
        -0.395956552, -6.03253236e-18, 0, 0, 0, 0, 0, 0.698132, -0.349066, -0.087266, 
        -1.396263, 0, 0, 0, 0.698132, 0.349066, 0.087266, -1.396263, 0, 0, 
        0 ]
      ikLinks: 
        - 
          name: WAIST
          index: 0
          isBaseLink: true
          translation: [ 1.18237484e-07, 0, 0.996999985 ]
          rotation: [ 
            1, 4.81482486e-34, -3.33066907e-16, 
            7.22223729e-35, 1, 2.31111593e-33, 
            3.33066907e-16, -2.24650251e-33, 1 ]
        - 
          name: LARM_JOINT6
          index: 12
          translation: [ -0.0162929043, 0.342278723, 0.938838059 ]
          rotation: [ 
            0.730689996, 0.152245103, -0.665517511, 
            -0.322602529, 0.936116794, -0.140046267, 
            0.601680761, 0.317028039, 0.733125832 ]
        - 
          name: RARM_JOINT6
          index: 19
          translation: [ -0.0162929043, -0.342278723, 0.938838059 ]
          rotation: [ 
            0.730689996, -0.152245103, -0.665517511, 
            0.322602529, 0.936116794, 0.140046267, 
            0.601680761, -0.317028039, 0.733125832 ]
        - 
          name: LLEG_JOINT5
          index: 25
          translation: [ -0.045, 0.1, 0.123 ]
          rotation: [ 
            1, -1.93995308e-19, -2.00000033e-09, 
            1.9399531e-19, 1, 1.27432112e-18, 
            2.00000033e-09, -1.27432112e-18, 1 ]
          isTouching: true
          partingDirection: [ 0, 0, 1 ]
        - 
          name: RLEG_JOINT5
          index: 31
          translation: [ -0.045, -0.1, 0.123 ]
          rotation: [ 
            1, -1.90226141e-19, -2.00000033e-09, 
            1.90226144e-19, 1, 1.24774221e-18, 
            2.00000033e-09, -1.24774221e-18, 1 ]
          isTouching: true
          partingDirection: [ 0, 0, 1 ]
  - 
    time: 0.2
    refer: 
      type: Pose
      name: ""
      joints: [ 
        0, 1, 2, 3, 4, 5, 6, 7, 8, 9, 
        10, 11, 12, 13, 14, 15, 16, 17, 18, 19, 
        20, 21, 22, 23, 24, 25, 26, 27, 28, 29, 
        30 ]
      q: [ 
        1.90226153e-19, 4.6590047e-18, -0.291687718, 0.687644268, -0.395956552, -5.90674691e-18, 1.9399532e-19, 4.75821124e-18, -0.291687718, 0.687644268, 
        -0.395956552, -6.03253236e-18, 0, 0, 0, 0, 0, 0.698132, -0.349066, -0.087266, 
        -1.396263, 0, 0, 0, 0.698132, 0.349066, 0.087266, -1.396263, 0, 0, 
        0 ]
      ikLinks: 
        - 
          name: WAIST
          index: 0
          isBaseLink: true
          translation: [ 1.18237484e-07, 0, 0.996999985 ]
          rotation: [ 
            1, 4.81482486e-34, -3.33066907e-16, 
            7.22223729e-35, 1, 2.31111593e-33, 
            3.33066907e-16, -2.24650251e-33, 1 ]
        - 
          name: LARM_JOINT6
          index: 12
          translation: [ -0.0162929043, 0.342278723, 0.938838059 ]
          rotation: [ 
            0.730689996, 0.152245103, -0.665517511, 
            -0.322602529, 0.936116794, -0.140046267, 
            0.601680761, 0.317028039, 0.733125832 ]
        - 
          name: RARM_JOINT6
          index: 19
          translation: [ -0.0162929043, -0.342278723, 0.938838059 ]
          rotation: [ 
            0.730689996, -0.152245103, -0.665517511, 
            0.322602529, 0.936116794, 0.140046267, 
            0.601680761, -0.317028039, 0.733125832 ]
        - 
          name: LLEG_JOINT5
          index: 25
          translation: [ -0.045, 0.1, 0.123 ]
          rotation: [ 
            1, -1.93995308e-19, -2.00000033e-09, 
            1.9399531e-19, 1, 1.27432112e-18, 
            2.00000033e-09, -1.27432112e-18, 1 ]
          isTouching: true
          partingDirection: [ 0, 0, 1 ]
        - 
          name: RLEG_JOINT5
          index: 31
          translation: [ -0.045, -0.1, 0.123 ]
          rotation: [ 
            1, -1.90226141e-19, -2.00000033e-09, 
            1.90226144e-19, 1, 1.24774221e-18, 
            2.00000033e-09, -1.24774221e-18, 1 ]
          isTouching: true
          partingDirection: [ 0, 0, 1 ]
  - 
    time: 1.05
    refer: 
      type: Pose
      name: ""
      joints: [ 
        0, 1, 2, 3, 4, 5, 6, 7, 8, 9, 
        10, 11, 12, 13, 14, 15, 16, 17, 18, 19, 
        20, 21, 22, 23, 24, 25, 26, 27, 28, 29, 
        30 ]
      q: [ 
        -1.08513767e-18, 2.80039527e-17, -1.18996956, 2.19549184, -1.00552229, -2.42190978e-17, -1.24735962e-18, 1.3242585e-17, -1.18996956, 2.19549184, 
        -1.00552229, -8.27865061e-18, 0, 0, 0, 0, 0, 0.698132, -0.349066, -0.087266, 
        -1.396263, 0, 0, 0, 0.698132, 0.349066, 0.087266, -1.396263, 0, 0, 
        0 ]
      ikLinks: 
        - 
          name: WAIST
          index: 0
          isBaseLink: true
          translation: [ -0.0599991724, 0, 0.619500391 ]
          rotation: [ 
            1, 3.08148791e-33, -1.11022302e-16, 
            -1.54074396e-33, 1, 0, 
            1.11022302e-16, 1.0646723e-32, 1 ]
        - 
          name: LARM_JOINT6
          index: 12
          translation: [ -0.076292195, 0.342278723, 0.561338465 ]
          rotation: [ 
            0.730689996, 0.152245103, -0.665517511, 
            -0.322602529, 0.936116794, -0.140046267, 
            0.601680761, 0.317028039, 0.733125832 ]
        - 
          name: RARM_JOINT6
          index: 19
          translation: [ -0.076292195, -0.342278723, 0.561338465 ]
          rotation: [ 
            0.730689996, -0.152245103, -0.665517511, 
            0.322602529, 0.936116794, 0.140046267, 
            0.601680761, -0.317028039, 0.733125832 ]
        - 
          name: LLEG_JOINT5
          index: 25
          translation: [ -0.045, 0.1, 0.123 ]
          rotation: [ 
            1, 1.2473597e-18, -1.00000002e-08, 
            -1.24735975e-18, 1, -4.96393438e-18, 
            1.00000002e-08, 4.96393439e-18, 1 ]
          isTouching: true
          partingDirection: [ 0, 0, 1 ]
        - 
          name: RLEG_JOINT5
          index: 31
          translation: [ -0.045, -0.1, 0.123 ]
          rotation: [ 
            1, 1.08513791e-18, -1.00000002e-08, 
            -1.08513795e-18, 1, -3.78485489e-18, 
            1.00000002e-08, 3.7848549e-18, 1 ]
          isTouching: true
          partingDirection: [ 0, 0, 1 ]
  - 
    time: 1.5
    refer: 
      type: Pose
      name: ""
      joints: [ 
        0, 1, 2, 3, 4, 5, 6, 7, 8, 9, 
        10, 11, 12, 13, 14, 15, 16, 17, 18, 19, 
        20, 21, 22, 23, 24, 25, 26, 27, 28, 29, 
        30 ]
      q: [ 
        -1.44111005e-19, -4.27751731e-18, -0.550268453, 1.14377469, -0.593506236, 5.19344875e-18, -1.55613585e-19, -4.54414702e-18, -0.550268453, 1.14377469, 
        -0.593506236, 5.51725903e-18, 0, 0, 0, 0, 0, 0.698132, -0.349066, -0.087266, 
        -1.396263, 0, 0, 0, 0.698132, 0.349066, 0.087266, -1.396263, 0, 0, 
        0 ]
      ikLinks: 
        - 
          name: WAIST
          index: 0
          isBaseLink: true
          translation: [ -0.0199996789, 0, 0.919499923 ]
          rotation: [ 
            1, 6.25927232e-34, 2.77555756e-16, 
            4.57408362e-34, 1, 7.70371978e-34, 
            -2.77555756e-16, 4.31914463e-35, 1 ]
        - 
          name: LARM_JOINT6
          index: 12
          translation: [ -0.0362927014, 0.342278723, 0.861337997 ]
          rotation: [ 
            0.730689996, 0.152245103, -0.665517511, 
            -0.322602529, 0.936116794, -0.140046267, 
            0.601680761, 0.317028039, 0.733125832 ]
        - 
          name: RARM_JOINT6
          index: 19
          translation: [ -0.0362927014, -0.342278723, 0.861337997 ]
          rotation: [ 
            0.730689996, -0.152245103, -0.665517511, 
            0.322602529, 0.936116794, 0.140046267, 
            0.601680761, -0.317028039, 0.733125832 ]
        - 
          name: LLEG_JOINT5
          index: 25
          translation: [ -0.045, 0.1, 0.123 ]
          rotation: [ 
            1, 1.55613591e-19, 1.0000003e-09, 
            -1.5561359e-19, 1, -9.7311201e-19, 
            -1.0000003e-09, 9.7311201e-19, 1 ]
          isTouching: true
          partingDirection: [ 0, 0, 1 ]
        - 
          name: RLEG_JOINT5
          index: 31
          translation: [ -0.045, -0.1, 0.123 ]
          rotation: [ 
            1, 1.4411101e-19, 1.0000003e-09, 
            -1.44111009e-19, 1, -9.1593144e-19, 
            -1.0000003e-09, 9.1593144e-19, 1 ]
          isTouching: true
          partingDirection: [ 0, 0, 1 ]
  - 
    time: 1.64
    refer: 
      type: Pose
      name: ""
      joints: [ 
        0, 1, 2, 3, 4, 5, 6, 7, 8, 9, 
        10, 11 ]
      q: [ 
        3.6318684e-19, 8.24249038e-18, -0.318803196, 0.68735057, -0.368547374, -1.05224639e-17, 3.63185062e-19, 8.24244917e-18, -0.318803196, 0.68735057, 
        -0.368547374, -1.05224139e-17 ]
      ikLinks: 
        - 
          name: WAIST
          index: 0
          isBaseLink: true
          translation: [ -0.0199992178, 0, 1.08499292 ]
          rotation: [ 
            1, 4.18889763e-33, 3.88578059e-16, 
            -4.71852836e-33, 1, -3.08148791e-33, 
            -3.88578059e-16, 4.48110612e-33, 1 ]
        - 
          name: LLEG_JOINT5
          index: 25
          translation: [ -0.045, 0.1, 0.21 ]
          rotation: [ 
            1, -3.63185062e-19, 3.33066907e-16, 
            3.63185062e-19, 1, 2.27996473e-18, 
            -3.33066907e-16, -2.27996473e-18, 1 ]
        - 
          name: RLEG_JOINT5
          index: 31
          translation: [ -0.045, -0.1, 0.21 ]
          rotation: [ 
            1, -3.6318684e-19, 4.4408921e-16, 
            3.6318684e-19, 1, 2.27997352e-18, 
            -4.4408921e-16, -2.27997352e-18, 1 ]
  - 
    time: 1.686
    refer: 
      type: Pose
      name: ""
      joints: [ 
        0, 1, 2, 3, 4, 5, 6, 7, 8, 9, 
        10, 11 ]
      q: [ 
        3.6331932e-19, 8.24413965e-18, -0.318692992, 0.687132556, -0.368439564, -1.05245952e-17, 3.63319452e-19, 8.24414689e-18, -0.318692992, 0.687132556, 
        -0.368439564, -1.05246044e-17 ]
      ikLinks: 
        - 
          name: WAIST
          index: 0
          isBaseLink: true
          translation: [ -0.0199996789, 0, 1.09502158 ]
          rotation: [ 
            1, 1.5888922e-33, -4.99600361e-16, 
            -2.50370893e-33, 1, 2.15704154e-32, 
            4.99600361e-16, -1.83074129e-32, 1 ]
        - 
          name: LLEG_JOINT5
          index: 25
          translation: [ -0.045, 0.1, 0.22 ]
          rotation: [ 
            1, -3.63319452e-19, -5.55111512e-16, 
            3.63319452e-19, 1, 2.28045751e-18, 
            5.55111512e-16, -2.28045751e-18, 1 ]
        - 
          name: RLEG_JOINT5
          index: 31
          translation: [ -0.045, -0.1, 0.22 ]
          rotation: [ 
            1, -3.6331932e-19, -4.4408921e-16, 
            3.6331932e-19, 1, 2.28045555e-18, 
            4.4408921e-16, -2.28045555e-18, 1 ]
  - 
    time: 1.732
    refer: 
      type: Pose
      name: ""
      joints: [ 
        0, 1, 2, 3, 4, 5, 6, 7, 8, 9, 
        10, 11 ]
      q: [ 
        3.6395641e-19, 8.24078219e-18, -0.317707051, 0.685193167, -0.367486116, -1.05210981e-17, 3.63953309e-19, 8.24061314e-18, -0.317707051, 0.685193167, 
        -0.367486116, -1.05208835e-17 ]
      ikLinks: 
        - 
          name: WAIST
          index: 0
          isBaseLink: true
          translation: [ -0.0199996795, 0, 1.08527598 ]
          rotation: [ 
            1, 2.55185718e-33, -3.88578059e-16, 
            -2.60000542e-33, 1, 1.54074396e-33, 
            3.88578059e-16, 1.4142427e-34, 1 ]
        - 
          name: LLEG_JOINT5
          index: 25
          translation: [ -0.045, 0.1, 0.21 ]
          rotation: [ 
            1, -3.63953309e-19, -4.4408921e-16, 
            3.63953309e-19, 1, 2.28027036e-18, 
            4.4408921e-16, -2.28027036e-18, 1 ]
        - 
          name: RLEG_JOINT5
          index: 31
          translation: [ -0.045, -0.1, 0.21 ]
          rotation: [ 
            1, -3.6395641e-19, -4.4408921e-16, 
            3.6395641e-19, 1, 2.28031591e-18, 
            4.4408921e-16, -2.28031591e-18, 1 ]
  - 
    time: 1.87
    refer: 
      type: Pose
      name: ""
      joints: [ 
        0, 1, 2, 3, 4, 5, 6, 7, 8, 9, 
        10, 11, 12, 13, 14, 15, 16, 17, 18, 19, 
        20, 21, 22, 23, 24, 25, 26, 27, 28, 29, 
        30 ]
      q: [ 
        -3.80107969e-19, -1.17008931e-17, -0.550268637, 1.14377507, -0.593506432, 1.42153541e-17, -5.05420181e-19, -1.53434435e-17, -0.550268637, 1.14377507, 
        -0.593506432, 1.86395603e-17, 0, 0, 0, 0, 0, 0.698132, -0.349066, -0.087266, 
        -1.396263, 0, 0, 0, 0.698132, 0.349066, 0.087266, -1.396263, 0, 0, 
        0 ]
      ikLinks: 
        - 
          name: WAIST
          index: 0
          isBaseLink: true
          translation: [ -0.0199996735, 0, 0.919499843 ]
          rotation: [ 
            1, -5.77778983e-34, -1.11022302e-16, 
            7.70371978e-34, 1, -3.08148791e-33, 
            1.11022302e-16, -3.13760082e-33, 1 ]
        - 
          name: LARM_JOINT6
          index: 12
          translation: [ -0.036292696, 0.342278723, 0.861337917 ]
          rotation: [ 
            0.730689996, 0.152245103, -0.665517511, 
            -0.322602529, 0.936116794, -0.140046267, 
            0.601680761, 0.317028039, 0.733125832 ]
        - 
          name: RARM_JOINT6
          index: 19
          translation: [ -0.036292696, -0.342278723, 0.861337917 ]
          rotation: [ 
            0.730689996, -0.152245103, -0.665517511, 
            0.322602529, 0.936116794, 0.140046267, 
            0.601680761, -0.317028039, 0.733125832 ]
        - 
          name: LLEG_JOINT5
          index: 25
          translation: [ -0.045, 0.1, 0.123 ]
          rotation: [ 
            1, 5.054202e-19, 9.99999861e-10, 
            -5.05420196e-19, 1, -3.2961168e-18, 
            -9.99999861e-10, 3.2961168e-18, 1 ]
          isTouching: true
          partingDirection: [ 0, 0, 1 ]
        - 
          name: RLEG_JOINT5
          index: 31
          translation: [ -0.045, -0.1, 0.123 ]
          rotation: [ 
            1, 3.80107983e-19, 9.99999805e-10, 
            -3.80107981e-19, 1, -2.514461e-18, 
            -9.99999805e-10, 2.514461e-18, 1 ]
          isTouching: true
          partingDirection: [ 0, 0, 1 ]
  - 
    time: 2.32
    refer: 
      type: Pose
      name: ""
      joints: [ 
        0, 1, 2, 3, 4, 5, 6, 7, 8, 9, 
        10, 11, 12, 13, 14, 15, 16, 17, 18, 19, 
        20, 21, 22, 23, 24, 25, 26, 27, 28, 29, 
        30 ]
      q: [ 
        -1.08513767e-18, 2.80039527e-17, -1.18996956, 2.19549184, -1.00552229, -2.42190978e-17, -1.24735962e-18, 1.3242585e-17, -1.18996956, 2.19549184, 
        -1.00552229, -8.27865061e-18, 0, 0, 0, 0, 0, 0.698132, -0.349066, -0.087266, 
        -1.396263, 0, 0, 0, 0.698132, 0.349066, 0.087266, -1.396263, 0, 0, 
        0 ]
      ikLinks: 
        - 
          name: WAIST
          index: 0
          isBaseLink: true
          translation: [ -0.0599991724, 0, 0.619500391 ]
          rotation: [ 
            1, 3.08148791e-33, -1.11022302e-16, 
            -1.54074396e-33, 1, 0, 
            1.11022302e-16, 1.0646723e-32, 1 ]
        - 
          name: LARM_JOINT6
          index: 12
          translation: [ -0.076292195, 0.342278723, 0.561338465 ]
          rotation: [ 
            0.730689996, 0.152245103, -0.665517511, 
            -0.322602529, 0.936116794, -0.140046267, 
            0.601680761, 0.317028039, 0.733125832 ]
        - 
          name: RARM_JOINT6
          index: 19
          translation: [ -0.076292195, -0.342278723, 0.561338465 ]
          rotation: [ 
            0.730689996, -0.152245103, -0.665517511, 
            0.322602529, 0.936116794, 0.140046267, 
            0.601680761, -0.317028039, 0.733125832 ]
        - 
          name: LLEG_JOINT5
          index: 25
          translation: [ -0.045, 0.1, 0.123 ]
          rotation: [ 
            1, 1.2473597e-18, -1.00000002e-08, 
            -1.24735975e-18, 1, -4.96393438e-18, 
            1.00000002e-08, 4.96393439e-18, 1 ]
          isTouching: true
          partingDirection: [ 0, 0, 1 ]
        - 
          name: RLEG_JOINT5
          index: 31
          translation: [ -0.045, -0.1, 0.123 ]
          rotation: [ 
            1, 1.08513791e-18, -1.00000002e-08, 
            -1.08513795e-18, 1, -3.78485489e-18, 
            1.00000002e-08, 3.7848549e-18, 1 ]
          isTouching: true
          partingDirection: [ 0, 0, 1 ]
  - 
    time: 2.52
    refer: 
      type: Pose
      name: ""
      joints: [ 
        0, 1, 2, 3, 4, 5, 6, 7, 8, 9, 
        10, 11, 12, 13, 14, 15, 16, 17, 18, 19, 
        20, 21, 22, 23, 24, 25, 26, 27, 28, 29, 
        30 ]
      q: [ 
        -1.08513767e-18, 2.80039527e-17, -1.18996956, 2.19549184, -1.00552229, -2.42190978e-17, -1.24735962e-18, 1.3242585e-17, -1.18996956, 2.19549184, 
        -1.00552229, -8.27865061e-18, 0, 0, 0, 0, 0, 0.698132, -0.349066, -0.087266, 
        -1.396263, 0, 0, 0, 0.698132, 0.349066, 0.087266, -1.396263, 0, 0, 
        0 ]
      ikLinks: 
        - 
          name: WAIST
          index: 0
          isBaseLink: true
          translation: [ -0.0599991724, 0, 0.619500391 ]
          rotation: [ 
            1, 2.11852294e-33, -1.11022302e-16, 
            7.70371978e-34, 1, -4.62223187e-33, 
            1.11022302e-16, 1.52689548e-32, 1 ]
        - 
          name: LARM_JOINT6
          index: 12
          translation: [ -0.076292195, 0.342278723, 0.561338465 ]
          rotation: [ 
            0.730689996, 0.152245103, -0.665517511, 
            -0.322602529, 0.936116794, -0.140046267, 
            0.601680761, 0.317028039, 0.733125832 ]
        - 
          name: RARM_JOINT6
          index: 19
          translation: [ -0.076292195, -0.342278723, 0.561338465 ]
          rotation: [ 
            0.730689996, -0.152245103, -0.665517511, 
            0.322602529, 0.936116794, 0.140046267, 
            0.601680761, -0.317028039, 0.733125832 ]
        - 
          name: LLEG_JOINT5
          index: 25
          translation: [ -0.045, 0.1, 0.123 ]
          rotation: [ 
            1, 1.2473597e-18, -1.00000002e-08, 
            -1.24735975e-18, 1, -4.96393438e-18, 
            1.00000002e-08, 4.96393439e-18, 1 ]
          isTouching: true
          partingDirection: [ 0, 0, 1 ]
        - 
          name: RLEG_JOINT5
          index: 31
          translation: [ -0.045, -0.1, 0.123 ]
          rotation: [ 
            1, 1.08513791e-18, -1.00000002e-08, 
            -1.08513795e-18, 1, -3.78485489e-18, 
            1.00000002e-08, 3.7848549e-18, 1 ]
          isTouching: true
          partingDirection: [ 0, 0, 1 ]
