# Body pose sequence format version 1.0 defined by cnoid-Robotics

type: PoseSeq
name: "walk-across"
targetBody: "JAXON_BLUE"
refs: 
  - 
    time: 0
    refer: 
      type: Pose
      name: ""
      joints: [ 
        0, 1, 2, 3, 4, 5, 6, 7, 8, 9, 
        10, 11, 12, 13, 14, 15, 16, 17, 18, 19, 
        20, 21, 22, 23, 24, 25, 26, 27, 28, 29, 
        30 ]
      q: [ 
        1.213062e-19, -1.8837609e-17, -0.71947778, 1.55038356, -0.830905786, 7.51041361e-18, 1.27462404e-19, -1.83948895e-17, -0.71947778, 1.55038356, 
        -0.830905786, 6.99382866e-18, 0, 0, 0, 0, 0, 0.698132, -0.349066, -0.087266, 
        -1.396263, 0, 0, 0, 0.698132, 0.349066, 0.087266, -1.396263, 0, 0, 
        0 ]
      ikLinks: 
        - 
          name: WAIST
          index: 0
          isBaseLink: true
          translation: [ 7.97140132e-17, 0, 1.3 ]
          rotation: [ 
            1, 1.97407819e-33, -2.22044605e-16, 
            -1.13148384e-33, 1, 0, 
            2.22044605e-16, -6.13467348e-33, 1 ]
        - 
          name: LARM_JOINT6
          index: 12
          translation: [ -0.0162930225, 0.342278723, 1.24183807 ]
          rotation: [ 
            0.730689996, 0.152245103, -0.665517511, 
            -0.322602529, 0.936116794, -0.140046267, 
            0.601680761, 0.317028039, 0.733125832 ]
        - 
          name: RARM_JOINT6
          index: 19
          translation: [ -0.0162930225, -0.342278723, 1.24183807 ]
          rotation: [ 
            0.730689996, -0.152245103, -0.665517511, 
            0.322602529, 0.936116794, 0.140046267, 
            0.601680761, -0.317028039, 0.733125832 ]
        - 
          name: LLEG_JOINT5
          index: 25
          translation: [ -0.044999994, 0.1, 0.603500181 ]
          rotation: [ 
            1, -1.27462418e-19, -1.99956546e-09, 
            1.27462441e-19, 1, 1.14010608e-17, 
            1.99956546e-09, -1.14010608e-17, 1 ]
          isTouching: true
          partingDirection: [ 0, 0, 1 ]
        - 
          name: RLEG_JOINT5
          index: 31
          translation: [ -0.044999994, -0.1, 0.603500181 ]
          rotation: [ 
            1, -1.21306215e-19, -1.99956546e-09, 
            1.21306237e-19, 1, 1.13271954e-17, 
            1.99956546e-09, -1.13271954e-17, 1 ]
          isTouching: true
          partingDirection: [ 0, 0, 1 ]
  - 
    time: 0.5
    refer: 
      type: Pose
      name: ""
      joints: [ 
        0, 1, 2, 3, 4, 5, 6, 7, 8, 9, 
        10, 11, 12, 13, 14, 15, 16, 17, 18, 19, 
        20, 21, 22, 23, 24, 25, 26, 27, 28, 29, 
        30 ]
      q: [ 
        -7.50247498e-10, -0.124703848, -0.952161332, 1.88353238, -0.931371052, 0.124703848, -7.50247501e-10, -0.124703848, -0.952161332, 1.88353238, 
        -0.931371052, 0.124703848, 0, 0, 0, 0, 0, 0.698132, -0.349066, -0.087266, 
        -1.396263, 0, 0, 0, 0.698132, 0.349066, 0.087266, -1.396263, 0, 0, 
        0 ]
      ikLinks: 
        - 
          name: WAIST
          index: 0
          isBaseLink: true
          translation: [ -0.0336, 0.0571, 1.2 ]
          rotation: [ 
            1, 1.84971564e-18, -2.07288705e-16, 
            4.82681994e-18, 1, 1.38777878e-17, 
            2.22044605e-16, -1.6658841e-25, 1 ]
        - 
          name: LARM_JOINT6
          index: 12
          translation: [ -0.0498930225, 0.399378723, 1.14183807 ]
          rotation: [ 
            0.730689996, 0.152245103, -0.665517511, 
            -0.322602529, 0.936116794, -0.140046267, 
            0.601680761, 0.317028039, 0.733125832 ]
        - 
          name: RARM_JOINT6
          index: 19
          translation: [ -0.0498930225, -0.285178723, 1.14183807 ]
          rotation: [ 
            0.730689996, -0.152245103, -0.665517511, 
            0.322602529, 0.936116794, 0.140046267, 
            0.601680761, -0.317028039, 0.733125832 ]
        - 
          name: LLEG_JOINT5
          index: 25
          translation: [ -0.0450006288, 0.100001121, 0.603500106 ]
          rotation: [ 
            1, 6.97866123e-14, -5.98445866e-09, 
            -6.97775171e-14, 1, 1.24691923e-13, 
            5.9844586e-09, -1.24691923e-13, 1 ]
          isTouching: true
          partingDirection: [ 0, 0, 1 ]
        - 
          name: RLEG_JOINT5
          index: 31
          translation: [ -0.0450006288, -0.0999988792, 0.603500106 ]
          rotation: [ 
            1, 6.97765031e-14, -5.98445871e-09, 
            -6.97636393e-14, 1, 1.24761312e-13, 
            5.98445882e-09, -1.24747435e-13, 1 ]
          isTouching: true
          partingDirection: [ 0, 0, 1 ]
  - 
    time: 0.95
    refer: 
      type: Pose
      name: ""
      joints: [ 
        0, 1, 2, 3, 4, 5, 6, 7, 8, 9, 
        10, 11, 12, 13, 14, 15, 16, 17, 18, 19, 
        20, 21, 22, 23, 24, 25, 26, 27, 28, 29, 
        30 ]
      q: [ 
        8.6051701e-19, -2.19795968e-18, -1.37611941, 1.95198052, -0.575861113, 7.95694476e-18, -7.12212718e-18, -1.31427968e-17, -0.381709117, 1.69246325, 
        -1.31075414, 1.14052355e-17, 0, 0, 0, 0, 0, 0.698132, -0.349066, -0.087266, 
        -1.396263, 0, 0, 0, 0.698132, 0.349066, 0.087266, -1.396263, 0, 0, 
        0 ]
      ikLinks: 
        - 
          name: WAIST
          index: 0
          isBaseLink: true
          translation: [ 0.2, 0, 1.2 ]
          rotation: [ 
            1, 3.08148791e-33, -2.77555756e-16, 
            -1.54074396e-33, 1, 3.08148791e-33, 
            2.77555756e-16, -3.51753135e-33, 1 ]
        - 
          name: LARM_JOINT6
          index: 12
          translation: [ 0.183706977, 0.342278723, 1.14183807 ]
          rotation: [ 
            0.730689996, 0.152245103, -0.665517511, 
            -0.322602529, 0.936116794, -0.140046267, 
            0.601680761, 0.317028039, 0.733125832 ]
        - 
          name: RARM_JOINT6
          index: 19
          translation: [ 0.183706977, -0.342278723, 1.14183807 ]
          rotation: [ 
            0.730689996, -0.152245103, -0.665517511, 
            0.322602529, 0.936116794, 0.140046267, 
            0.601680761, -0.317028039, 0.733125832 ]
        - 
          name: LLEG_JOINT5
          index: 25
          translation: [ -0.0449989453, 0.1, 0.603500324 ]
          rotation: [ 
            1, 7.12212719e-18, 1.00023737e-09, 
            -7.1221272e-18, 1, 1.73756126e-18, 
            -1.00023737e-09, -1.73756127e-18, 1 ]
          isTouching: true
          partingDirection: [ 0, 0, 1 ]
        - 
          name: RLEG_JOINT5
          index: 31
          translation: [ 0.354998993, -0.1, 0.649999688 ]
          rotation: [ 
            1, -8.60517034e-19, -2.9999217e-09, 
            8.60517017e-19, 1, -5.75898508e-18, 
            2.9999217e-09, 5.75898508e-18, 1 ]
  - 
    time: 1.4
    refer: 
      type: Pose
      name: ""
      joints: [ 
        0, 1, 2, 3, 4, 5, 6, 7, 8, 9, 
        10, 11, 12, 13, 14, 15, 16, 17, 18, 19, 
        20, 21, 22, 23, 24, 25, 26, 27, 28, 29, 
        30 ]
      q: [ 
        -6.31981246e-18, 4.49763385e-18, -1.42277501, 1.47491122, -0.05213621, 1.16839183e-18, -3.40619713e-17, 1.00482917e-18, 0.139713648, 1.2317619, 
        -1.37147555, 1.40572329e-17, 0, 0, 0, 0, 0, 0.698132, -0.349066, -0.087266, 
        -1.396263, 0, 0, 0, 0.698132, 0.349066, 0.087266, -1.396263, 0, 0, 
        0 ]
      ikLinks: 
        - 
          name: WAIST
          index: 0
          isBaseLink: true
          translation: [ 0.4, 0, 1.2 ]
          rotation: [ 
            1, 6.16297582e-33, -2.77555756e-16, 
            0, 1, 2.88889492e-33, 
            2.77555756e-16, -5.94818462e-34, 1 ]
        - 
          name: LARM_JOINT6
          index: 12
          translation: [ 0.383706977, 0.342278723, 1.14183807 ]
          rotation: [ 
            0.730689996, 0.152245103, -0.665517511, 
            -0.322602529, 0.936116794, -0.140046267, 
            0.601680761, 0.317028039, 0.733125832 ]
        - 
          name: RARM_JOINT6
          index: 19
          translation: [ 0.383706977, -0.342278723, 1.14183807 ]
          rotation: [ 
            0.730689996, -0.152245103, -0.665517511, 
            0.322602529, 0.936116794, 0.140046267, 
            0.601680761, -0.317028039, 0.733125832 ]
        - 
          name: LLEG_JOINT5
          index: 25
          translation: [ -0.0449991488, 0.1, 0.603501311 ]
          rotation: [ 
            1, 3.40619712e-17, -6.99971417e-09, 
            -3.40619713e-17, 1, -1.50620618e-17, 
            6.99971417e-09, 1.5062062e-17, 1 ]
          isTouching: true
          partingDirection: [ 0, 0, 1 ]
        - 
          name: RLEG_JOINT5
          index: 31
          translation: [ 0.754999599, -0.1, 0.603500589 ]
          rotation: [ 
            1, 6.31981246e-18, -4.99927308e-10, 
            -6.31981246e-18, 1, -5.66602568e-18, 
            4.99927308e-10, 5.66602568e-18, 1 ]
          isTouching: true
          partingDirection: [ 0, 0, 1 ]
  - 
    time: 1.6
    refer: 
      type: Pose
      name: ""
      joints: [ 
        0, 1, 2, 3, 4, 5, 6, 7, 8, 9, 
        10, 11, 12, 13, 14, 15, 16, 17, 18, 19, 
        20, 21, 22, 23, 24, 25, 26, 27, 28, 29, 
        30 ]
      q: [ 
        -6.31981246e-18, 4.49763385e-18, -1.42277501, 1.47491122, -0.05213621, 1.16839183e-18, -3.40619713e-17, 1.00482917e-18, 0.139713648, 1.2317619, 
        -1.37147555, 1.40572329e-17, 0, 0, 0, 0, 0, 0.698132, -0.349066, -0.087266, 
        -1.396263, 0, 0, 0, 0.698132, 0.349066, 0.087266, -1.396263, 0, 0, 
        0 ]
      ikLinks: 
        - 
          name: WAIST
          index: 0
          isBaseLink: true
          translation: [ 0.4, 0, 1.2 ]
          rotation: [ 
            1, 6.16297582e-33, -2.77555756e-16, 
            0, 1, 2.88889492e-33, 
            2.77555756e-16, -5.94818462e-34, 1 ]
        - 
          name: LARM_JOINT6
          index: 12
          translation: [ 0.383706977, 0.342278723, 1.14183807 ]
          rotation: [ 
            0.730689996, 0.152245103, -0.665517511, 
            -0.322602529, 0.936116794, -0.140046267, 
            0.601680761, 0.317028039, 0.733125832 ]
        - 
          name: RARM_JOINT6
          index: 19
          translation: [ 0.383706977, -0.342278723, 1.14183807 ]
          rotation: [ 
            0.730689996, -0.152245103, -0.665517511, 
            0.322602529, 0.936116794, 0.140046267, 
            0.601680761, -0.317028039, 0.733125832 ]
        - 
          name: LLEG_JOINT5
          index: 25
          translation: [ -0.0449991488, 0.1, 0.603501311 ]
          rotation: [ 
            1, 3.40619712e-17, -6.99971417e-09, 
            -3.40619713e-17, 1, -1.50620618e-17, 
            6.99971417e-09, 1.5062062e-17, 1 ]
          isTouching: true
          partingDirection: [ 0, 0, 1 ]
        - 
          name: RLEG_JOINT5
          index: 31
          translation: [ 0.754999599, -0.1, 0.603500589 ]
          rotation: [ 
            1, 6.31981246e-18, -4.99927308e-10, 
            -6.31981246e-18, 1, -5.66602568e-18, 
            4.99927308e-10, 5.66602568e-18, 1 ]
          isTouching: true
          partingDirection: [ 0, 0, 1 ]
  - 
    time: 2.05
    refer: 
      type: Pose
      name: ""
      joints: [ 
        0, 1, 2, 3, 4, 5, 6, 7, 8, 9, 
        10, 11, 12, 13, 14, 15, 16, 17, 18, 19, 
        20, 21, 22, 23, 24, 25, 26, 27, 28, 29, 
        30 ]
      q: [ 
        2.18206635e-18, -5.46690486e-18, -1.26719727, 1.81294284, -0.545745573, 1.95941804e-17, -2.49561998e-16, -1.16818105e-16, -0.407115682, 1.82719452, 
        -1.42007884, 2.44970517e-16, 0, 0, 0, 0, 0, 0.698132, -0.349066, -0.087266, 
        -1.396263, 0, 0, 0, 0.698132, 0.349066, 0.087266, -1.396263, 0, 0, 
        0 ]
      ikLinks: 
        - 
          name: WAIST
          index: 0
          isBaseLink: true
          translation: [ 0.6, 0, 1.2 ]
          rotation: [ 
            1, 9.86076132e-32, -2.77555756e-16, 
            1.4791142e-31, 1, 0, 
            2.77555756e-16, -9.39192723e-32, 1 ]
        - 
          name: LARM_JOINT6
          index: 12
          translation: [ 0.583706977, 0.342278723, 1.14183807 ]
          rotation: [ 
            0.730689996, 0.152245103, -0.665517511, 
            -0.322602529, 0.936116794, -0.140046267, 
            0.601680761, 0.317028039, 0.733125832 ]
        - 
          name: RARM_JOINT6
          index: 19
          translation: [ 0.583706977, -0.342278723, 1.14183807 ]
          rotation: [ 
            0.730689996, -0.152245103, -0.665517511, 
            0.322602529, 0.936116794, 0.140046267, 
            0.601680761, -0.317028039, 0.733125832 ]
        - 
          name: LLEG_JOINT5
          index: 25
          translation: [ 0.355000273, 0.1, 0.649999636 ]
          rotation: [ 
            1, 2.49561997e-16, -9.99765576e-10, 
            -2.49561998e-16, 1, -1.28152411e-16, 
            9.99765576e-10, 1.28152412e-16, 1 ]
        - 
          name: RLEG_JOINT5
          index: 31
          translation: [ 0.754999147, -0.1, 0.60350028 ]
          rotation: [ 
            1, -2.18206631e-18, 2.0001017e-09, 
            2.18206634e-18, 1, -1.41272755e-17, 
            -2.0001017e-09, 1.41272755e-17, 1 ]
          isTouching: true
          partingDirection: [ 0, 0, 1 ]
  - 
    time: 2.5
    refer: 
      type: Pose
      name: ""
      joints: [ 
        0, 1, 2, 3, 4, 5, 6, 7, 8, 9, 
        10, 11, 12, 13, 14, 15, 16, 17, 18, 19, 
        20, 21, 22, 23, 24, 25, 26, 27, 28, 29, 
        30 ]
      q: [ 
        2.27133478e-20, -2.72534929e-17, -0.881054697, 1.88825528, -1.00720059, 1.67322573e-17, 1.02213922e-19, -2.58384679e-18, -0.881054697, 1.88825528, 
        -1.00720059, -7.54897556e-18, 0, 0, 0, 0, 0, 0.698132, -0.349066, -0.087266, 
        -1.396263, 0, 0, 0, 0.698132, 0.349066, 0.087266, -1.396263, 0, 0, 
        0 ]
      ikLinks: 
        - 
          name: WAIST
          index: 0
          isBaseLink: true
          translation: [ 0.8, 0, 1.2 ]
          rotation: [ 
            1, -8.66668475e-34, -3.88578059e-16, 
            9.99076159e-34, 1, -3.85185989e-34, 
            3.88578059e-16, 9.28418182e-33, 1 ]
        - 
          name: LARM_JOINT6
          index: 12
          translation: [ 0.783706977, 0.342278723, 1.14183807 ]
          rotation: [ 
            0.730689996, 0.152245103, -0.665517511, 
            -0.322602529, 0.936116794, -0.140046267, 
            0.601680761, 0.317028039, 0.733125832 ]
        - 
          name: RARM_JOINT6
          index: 19
          translation: [ 0.783706977, -0.342278723, 1.14183807 ]
          rotation: [ 
            0.730689996, -0.152245103, -0.665517511, 
            0.322602529, 0.936116794, 0.140046267, 
            0.601680761, -0.317028039, 0.733125832 ]
        - 
          name: LLEG_JOINT5
          index: 25
          translation: [ 0.75500012, 0.1, 0.603499893 ]
          rotation: [ 
            1, -1.02213877e-19, -5.99982364e-09, 
            1.02213937e-19, 1, 1.01328223e-17, 
            5.99982364e-09, -1.01328223e-17, 1 ]
          isTouching: true
          partingDirection: [ 0, 0, 1 ]
        - 
          name: RLEG_JOINT5
          index: 31
          translation: [ 0.75500012, -0.1, 0.603499893 ]
          rotation: [ 
            1, -2.27134482e-20, -5.99982353e-09, 
            2.27135113e-20, 1, 1.05212355e-17, 
            5.99982353e-09, -1.05212355e-17, 1 ]
          isTouching: true
          partingDirection: [ 0, 0, 1 ]
  - 
    time: 2.992
    refer: 
      type: Pose
      name: ""
      joints: [ 
        0, 1, 2, 3, 4, 5, 6, 7, 8, 9, 
        10, 11, 12, 13, 14, 15, 16, 17, 18, 19, 
        20, 21, 22, 23, 24, 25, 26, 27, 28, 29, 
        30 ]
      q: [ 
        2.27133478e-20, -2.72534929e-17, -0.881054697, 1.88825528, -1.00720059, 1.67322573e-17, 1.02213922e-19, -2.58384679e-18, -0.881054697, 1.88825528, 
        -1.00720059, -7.54897556e-18, 0, 0, 0, 0, 0, 0.698132, -0.349066, -0.087266, 
        -1.396263, 0, 0, 0, 0.698132, 0.349066, 0.087266, -1.396263, 0, 0, 
        0 ]
      ikLinks: 
        - 
          name: WAIST
          index: 0
          isBaseLink: true
          translation: [ 0.8, 0, 1.2 ]
          rotation: [ 
            1, -8.66668475e-34, -3.88578059e-16, 
            9.99076159e-34, 1, -3.85185989e-34, 
            3.88578059e-16, 9.28418182e-33, 1 ]
        - 
          name: LARM_JOINT6
          index: 12
          translation: [ 0.783706977, 0.342278723, 1.14183807 ]
          rotation: [ 
            0.730689996, 0.152245103, -0.665517511, 
            -0.322602529, 0.936116794, -0.140046267, 
            0.601680761, 0.317028039, 0.733125832 ]
        - 
          name: RARM_JOINT6
          index: 19
          translation: [ 0.783706977, -0.342278723, 1.14183807 ]
          rotation: [ 
            0.730689996, -0.152245103, -0.665517511, 
            0.322602529, 0.936116794, 0.140046267, 
            0.601680761, -0.317028039, 0.733125832 ]
        - 
          name: LLEG_JOINT5
          index: 25
          translation: [ 0.75500012, 0.1, 0.603499893 ]
          rotation: [ 
            1, -1.02213877e-19, -5.99982364e-09, 
            1.02213937e-19, 1, 1.01328223e-17, 
            5.99982364e-09, -1.01328223e-17, 1 ]
          isTouching: true
          partingDirection: [ 0, 0, 1 ]
        - 
          name: RLEG_JOINT5
          index: 31
          translation: [ 0.75500012, -0.1, 0.603499893 ]
          rotation: [ 
            1, -2.27134482e-20, -5.99982353e-09, 
            2.27135113e-20, 1, 1.05212355e-17, 
            5.99982353e-09, -1.05212355e-17, 1 ]
          isTouching: true
          partingDirection: [ 0, 0, 1 ]
