# Body pose sequence format version 1.0 defined by cnoid-Robotics

type: PoseSeq
name: "jump-200msec"
targetBody: "JAXON_BLUE"
refs: 
  - 
    time: 0
    refer: 
      type: Pose
      name: ""
      joints: [ 
        0, 1, 2, 3, 4, 5, 6, 7, 8, 9, 
        10, 11, 12, 13, 14, 15, 16, 17, 18, 19, 
        20, 21, 22, 23, 24, 25, 26, 27, 28, 29, 
        30 ]
      q: [ 
        0, 0, -0.349066, 0.698132, -0.349066, 0, 0, 0, -0.349066, 0.698132, 
        -0.349066, 0, 0, 0, 0, 0, 0, 0.698132, -0.349066, -0.087266, 
        -1.396263, 0, 0, 0, 0.698132, 0.349066, 0.087266, -1.396263, 0, 0, 
        0 ]
      ikLinks: 
        - 
          name: WAIST
          index: 0
          isBaseLink: true
          translation: [ 4.04056781e-05, 0, 0.977460209 ]
          rotation: [ 
            1, 0, -1.66533454e-16, 
            0, 1, 0, 
            1.66533454e-16, 0, 1 ]
        - 
          name: LARM_JOINT6
          index: 12
          translation: [ -0.0162526168, 0.342278723, 0.919298283 ]
          rotation: [ 
            0.730689996, 0.152245103, -0.665517511, 
            -0.322602529, 0.936116794, -0.140046267, 
            0.601680761, 0.317028039, 0.733125832 ]
        - 
          name: RARM_JOINT6
          index: 19
          translation: [ -0.0162526168, -0.342278723, 0.919298283 ]
          rotation: [ 
            0.730689996, -0.152245103, -0.665517511, 
            0.322602529, 0.936116794, 0.140046267, 
            0.601680761, -0.317028039, 0.733125832 ]
        - 
          name: LLEG_JOINT5
          index: 25
          translation: [ -0.0068, 0.1, 0.103500005 ]
          rotation: [ 
            1, 0, -1.11022302e-16, 
            0, 1, 0, 
            1.11022302e-16, 0, 1 ]
          isTouching: true
          partingDirection: [ 0, 0, 1 ]
        - 
          name: RLEG_JOINT5
          index: 31
          translation: [ -0.0068, -0.1, 0.103500005 ]
          rotation: [ 
            1, 0, -5.55111512e-17, 
            0, 1, 0, 
            5.55111512e-17, 0, 1 ]
          isTouching: true
          partingDirection: [ 0, 0, 1 ]
  - 
    time: 1
    refer: 
      type: Pose
      name: ""
      joints: [ 
        0, 1, 2, 3, 4, 5, 6, 7, 8, 9, 
        10, 11, 12, 13, 14, 15, 16, 17, 18, 19, 
        20, 21, 22, 23, 24, 25, 26, 27, 28, 29, 
        30 ]
      q: [ 
        -4.98736772e-21, -1.05246289e-18, -0.882739861, 1.73209974, -0.849359878, 1.13818591e-18, -6.8749959e-21, -1.64782726e-18, -0.882739861, 1.73209974, 
        -0.849359878, 1.79811493e-18, 0, 0, 0, 0, 0, 0.698132, -0.349066, -0.087266, 
        -1.396263, 0, 0, 0, 0.698132, 0.349066, 0.087266, -1.396263, 0, 0, 
        0 ]
      ikLinks: 
        - 
          name: WAIST
          index: 0
          isBaseLink: true
          translation: [ -8.68194405e-17, 0, 0.75 ]
          rotation: [ 
            1, -2.27951865e-34, -2.22044605e-16, 
            5.28126102e-34, 1, 3.85185989e-34, 
            2.22044605e-16, -1.1074181e-36, 1 ]
        - 
          name: LARM_JOINT6
          index: 12
          translation: [ -0.0162930225, 0.342278723, 0.691838074 ]
          rotation: [ 
            0.730689996, 0.152245103, -0.665517511, 
            -0.322602529, 0.936116794, -0.140046267, 
            0.601680761, 0.317028039, 0.733125832 ]
        - 
          name: RARM_JOINT6
          index: 19
          translation: [ -0.0162930225, -0.342278723, 0.691838074 ]
          rotation: [ 
            0.730689996, -0.152245103, -0.665517511, 
            0.322602529, 0.936116794, 0.140046267, 
            0.601680761, -0.317028039, 0.733125832 ]
        - 
          name: LLEG_JOINT5
          index: 25
          translation: [ -0.00680007065, 0.1, 0.103500357 ]
          rotation: [ 
            1, 6.8749959e-21, 8.32112157e-14, 
            -6.8749959e-21, 1, -1.50287672e-19, 
            -8.32112157e-14, 1.50287672e-19, 1 ]
          isTouching: true
          partingDirection: [ 0, 0, 1 ]
        - 
          name: RLEG_JOINT5
          index: 31
          translation: [ -0.00680007065, -0.1, 0.103500357 ]
          rotation: [ 
            1, 4.98736772e-21, 8.31001934e-14, 
            -4.98736772e-21, 1, -8.57230172e-20, 
            -8.31001934e-14, 8.57230172e-20, 1 ]
          isTouching: true
          partingDirection: [ 0, 0, 1 ]
  - 
    time: 1.15
    refer: 
      type: Pose
      name: ""
      joints: [ 
        0, 1, 2, 3, 4, 5, 6, 7, 8, 9, 
        10, 11, 12, 13, 14, 15, 16, 17, 18, 19, 
        20, 21, 22, 23, 24, 25, 26, 27, 28, 29, 
        30 ]
      q: [ 
        6.44666472e-23, 1.27722943e-20, -0.579100147, 1.14586742, -0.566767274, -1.60815228e-20, 6.39161955e-23, 1.26517981e-20, -0.579100147, 1.14586742, 
        -0.566767274, -1.59353022e-20, 0, 0, 0, 0, 0, 0.698132, -0.349066, -0.087266, 
        -1.396263, 0, 0, 0, 0.698132, 0.349066, 0.087266, -1.396263, 0, 0, 
        0 ]
      ikLinks: 
        - 
          name: WAIST
          index: 0
          isBaseLink: true
          translation: [ 1.2101431e-17, 0, 0.9 ]
          rotation: [ 
            1, -2.32747881e-36, -1.11022302e-16, 
            -7.75826272e-37, 1, 1.50463277e-36, 
            1.11022302e-16, 7.1572356e-39, 1 ]
        - 
          name: LARM_JOINT6
          index: 12
          translation: [ -0.0162930225, 0.342278723, 0.841838074 ]
          rotation: [ 
            0.730689996, 0.152245103, -0.665517511, 
            -0.322602529, 0.936116794, -0.140046267, 
            0.601680761, 0.317028039, 0.733125832 ]
        - 
          name: RARM_JOINT6
          index: 19
          translation: [ -0.0162930225, -0.342278723, 0.841838074 ]
          rotation: [ 
            0.730689996, -0.152245103, -0.665517511, 
            0.322602529, 0.936116794, 0.140046267, 
            0.601680761, -0.317028039, 0.733125832 ]
        - 
          name: LLEG_JOINT5
          index: 25
          translation: [ -0.00680005107, 0.1, 0.103500506 ]
          rotation: [ 
            1, -6.39161955e-23, 2.17603713e-13, 
            6.39161955e-23, 1, 3.28350414e-21, 
            -2.17603713e-13, -3.28350414e-21, 1 ]
          isTouching: true
          partingDirection: [ 0, 0, 1 ]
        - 
          name: RLEG_JOINT5
          index: 31
          translation: [ -0.00680005107, -0.1, 0.103500506 ]
          rotation: [ 
            1, -6.44666472e-23, 2.17492691e-13, 
            6.44666472e-23, 1, 3.30922841e-21, 
            -2.17492691e-13, -3.30922841e-21, 1 ]
          isTouching: true
          partingDirection: [ 0, 0, 1 ]
  - 
    time: 1.25
    refer: 
      type: Pose
      name: ""
      joints: [ 
        0, 1, 2, 3, 4, 5, 6, 7, 8, 9, 
        10, 11, 12, 13, 14, 15, 16, 17, 18, 19, 
        20, 21, 22, 23, 24, 25, 26, 27, 28, 29, 
        30 ]
      q: [ 
        3.52333685e-26, 6.98208441e-24, -0.349167099, 0.698329074, -0.349161974, -8.79328429e-24, 3.49424038e-26, 6.91839098e-24, -0.349167099, 0.698329074, 
        -0.349161974, -8.7159932e-24, 0, 0, 0, 0, 0, 0.698131701, -0.34906585, -0.0872664624, 
        -1.3962634, 0, 0, 0, 0.698131701, 0.34906585, 0.0872664624, -1.3962634, 0, 0, 
        0 ]
      ikLinks: 
        - 
          name: WAIST
          index: 0
          isBaseLink: true
          translation: [ 4.03797579e-05, 0, 1.02743393 ]
          rotation: [ 
            1, 4.17277536e-39, -1.66533454e-16, 
            -4.61473368e-39, 1, 4.40810382e-39, 
            1.66533454e-16, -5.87165267e-39, 1 ]
        - 
          name: LARM_JOINT6
          index: 12
          translation: [ -0.0162524351, 0.342278749, 0.96927208 ]
          rotation: [ 
            0.730689593, 0.152244556, -0.665518079, 
            -0.322602371, 0.936116807, -0.140046544, 
            0.601681335, 0.317028262, 0.733125264 ]
        - 
          name: RARM_JOINT6
          index: 19
          translation: [ -0.0162524351, -0.342278749, 0.96927208 ]
          rotation: [ 
            0.730689593, -0.152244556, -0.665518079, 
            0.322602371, 0.936116807, 0.140046544, 
            0.601681335, -0.317028262, 0.733125264 ]
        - 
          name: LLEG_JOINT5
          index: 25
          translation: [ -0.0068, 0.1, 0.1535 ]
          rotation: [ 
            1, -3.49424125e-26, 9.9999975e-10, 
            3.49424107e-26, 1, 1.79760222e-24, 
            -9.9999975e-10, -1.79760222e-24, 1 ]
        - 
          name: RLEG_JOINT5
          index: 31
          translation: [ -0.0068, -0.1, 0.1535 ]
          rotation: [ 
            1, -3.52333773e-26, 9.99999805e-10, 
            3.52333755e-26, 1, 1.81119988e-24, 
            -9.99999805e-10, -1.81119988e-24, 1 ]
  - 
    time: 1.35
    refer: 
      type: Pose
      name: ""
      joints: [ 
        0, 1, 2, 3, 4, 5, 6, 7, 8, 9, 
        10, 11, 12, 13, 14, 15, 16, 17, 18, 19, 
        20, 21, 22, 23, 24, 25, 26, 27, 28, 29, 
        30 ]
      q: [ 
        -1.75102959e-22, -3.29188034e-20, -0.579099498, 1.14586602, -0.566766523, 4.33459336e-20, -1.75102959e-22, -3.29188034e-20, -0.579099498, 1.14586602, 
        -0.566766523, 4.33459336e-20, 0, 0, 0, 0, 0, 0.698132, -0.349066, -0.087266, 
        -1.396263, 0, 0, 0, 0.698132, 0.349066, 0.087266, -1.396263, 0, 0, 
        0 ]
      ikLinks: 
        - 
          name: WAIST
          index: 0
          isBaseLink: true
          translation: [ -4.69624339e-17, 0, 0.9 ]
          rotation: [ 
            1, -1.8102613e-36, -3.33066907e-16, 
            3.71456215e-36, 1, 0, 
            3.33066907e-16, -5.83210012e-38, 1 ]
        - 
          name: LARM_JOINT6
          index: 12
          translation: [ -0.0162930225, 0.342278723, 0.841838074 ]
          rotation: [ 
            0.730689996, 0.152245103, -0.665517511, 
            -0.322602529, 0.936116794, -0.140046267, 
            0.601680761, 0.317028039, 0.733125832 ]
        - 
          name: RARM_JOINT6
          index: 19
          translation: [ -0.0162930225, -0.342278723, 0.841838074 ]
          rotation: [ 
            0.730689996, -0.152245103, -0.665517511, 
            0.322602529, 0.936116794, 0.140046267, 
            0.601680761, -0.317028039, 0.733125832 ]
        - 
          name: LLEG_JOINT5
          index: 25
          translation: [ -0.00680000393, 0.1, 0.10350021 ]
          rotation: [ 
            1, 1.75102959e-22, 2.17437179e-13, 
            -1.75102959e-22, 1, -1.04271302e-20, 
            -2.17437179e-13, 1.04271302e-20, 1 ]
          isTouching: true
          partingDirection: [ 0, 0, 1 ]
        - 
          name: RLEG_JOINT5
          index: 31
          translation: [ -0.00680000393, -0.1, 0.10350021 ]
          rotation: [ 
            1, 1.75102959e-22, 2.17548202e-13, 
            -1.75102959e-22, 1, -1.04271302e-20, 
            -2.17548202e-13, 1.04271302e-20, 1 ]
          isTouching: true
          partingDirection: [ 0, 0, 1 ]
  - 
    time: 2
    refer: 
      type: Pose
      name: ""
      joints: [ 
        0, 1, 2, 3, 4, 5, 6, 7, 8, 9, 
        10, 11, 12, 13, 14, 15, 16, 17, 18, 19, 
        20, 21, 22, 23, 24, 25, 26, 27, 28, 29, 
        30 ]
      q: [ 
        -6.31222052e-21, -1.51653763e-18, -0.792437977, 1.5588637, -0.766425723, 1.65538517e-18, -6.31222052e-21, -1.51653763e-18, -0.792437977, 1.5588637, 
        -0.766425723, 1.65538517e-18, 0, 0, 0, 0, 0, 0.698132, -0.349066, -0.087266, 
        -1.396263, 0, 0, 0, 0.698132, 0.349066, 0.087266, -1.396263, 0, 0, 
        0 ]
      ikLinks: 
        - 
          name: WAIST
          index: 0
          isBaseLink: true
          translation: [ 4.04093441e-05, 0, 0.799460041 ]
          rotation: [ 
            1, 0, -1.11022302e-16, 
            1.10590509e-34, 1, 0, 
            1.11022302e-16, -7.00797256e-37, 1 ]
        - 
          name: LARM_JOINT6
          index: 12
          translation: [ -0.0162526132, 0.342278723, 0.741298115 ]
          rotation: [ 
            0.730689996, 0.152245103, -0.665517511, 
            -0.322602529, 0.936116794, -0.140046267, 
            0.601680761, 0.317028039, 0.733125832 ]
        - 
          name: RARM_JOINT6
          index: 19
          translation: [ -0.0162526132, -0.342278723, 0.741298115 ]
          rotation: [ 
            0.730689996, -0.152245103, -0.665517511, 
            0.322602529, 0.936116794, 0.140046267, 
            0.601680761, -0.317028039, 0.733125832 ]
        - 
          name: LLEG_JOINT5
          index: 25
          translation: [ -0.0068, 0.1, 0.103500005 ]
          rotation: [ 
            1, 6.31222052e-21, -5.55111512e-17, 
            -6.31222052e-21, 1, -1.3884754e-19, 
            5.55111512e-17, 1.3884754e-19, 1 ]
          isTouching: true
          partingDirection: [ 0, 0, 1 ]
        - 
          name: RLEG_JOINT5
          index: 31
          translation: [ -0.0068, -0.1, 0.103500005 ]
          rotation: [ 
            1, 6.31222052e-21, -5.55111512e-17, 
            -6.31222052e-21, 1, -1.3884754e-19, 
            5.55111512e-17, 1.3884754e-19, 1 ]
          isTouching: true
          partingDirection: [ 0, 0, 1 ]
