# Body pose sequence format version 1.0 defined by cnoid-Robotics

type: PoseSeq
name: "jump-across-370msec"
targetBody: "JAXON_BLUE"
refs: 
  - 
    time: 0
    refer: 
      type: Pose
      name: ""
      joints: [ 
        0, 1, 2, 3, 4, 5, 6, 7, 8, 9, 
        10, 11, 12, 13, 14, 15, 16, 17, 18, 19, 
        20, 21, 22, 23, 24, 25, 26, 27, 28, 29, 
        30 ]
      q: [ 
        1.90226153e-19, 4.6590047e-18, -0.291687718, 0.687644268, -0.395956552, -5.90674691e-18, 1.9399532e-19, 4.75821124e-18, -0.291687718, 0.687644268, 
        -0.395956552, -6.03253236e-18, 0, 0, 0, 0, 0, 0.698132, -0.349066, -0.087266, 
        -1.396263, 0, 0, 0, 0.698132, 0.349066, 0.087266, -1.396263, 0, 0, 
        0 ]
      ikLinks: 
        - 
          name: WAIST
          index: 0
          isBaseLink: true
          translation: [ 1.18237484e-07, 0, 1.47749999 ]
          rotation: [ 
            1, 4.81482486e-34, -3.33066907e-16, 
            7.22223729e-35, 1, 2.31111593e-33, 
            3.33066907e-16, -2.24650251e-33, 1 ]
        - 
          name: LARM_JOINT6
          index: 12
          translation: [ -0.0162929043, 0.342278723, 1.41933806 ]
          rotation: [ 
            0.730689996, 0.152245103, -0.665517511, 
            -0.322602529, 0.936116794, -0.140046267, 
            0.601680761, 0.317028039, 0.733125832 ]
        - 
          name: RARM_JOINT6
          index: 19
          translation: [ -0.0162929043, -0.342278723, 1.41933806 ]
          rotation: [ 
            0.730689996, -0.152245103, -0.665517511, 
            0.322602529, 0.936116794, 0.140046267, 
            0.601680761, -0.317028039, 0.733125832 ]
        - 
          name: LLEG_JOINT5
          index: 25
          translation: [ -0.045, 0.1, 0.6035 ]
          rotation: [ 
            1, -1.93995308e-19, -2.00000033e-09, 
            1.9399531e-19, 1, 1.27432112e-18, 
            2.00000033e-09, -1.27432112e-18, 1 ]
          isTouching: true
          partingDirection: [ 0, 0, 1 ]
        - 
          name: RLEG_JOINT5
          index: 31
          translation: [ -0.045, -0.1, 0.6035 ]
          rotation: [ 
            1, -1.90226141e-19, -2.00000033e-09, 
            1.90226144e-19, 1, 1.24774221e-18, 
            2.00000033e-09, -1.24774221e-18, 1 ]
          isTouching: true
          partingDirection: [ 0, 0, 1 ]
  - 
    time: 0.2
    refer: 
      type: Pose
      name: ""
      joints: [ 
        0, 1, 2, 3, 4, 5, 6, 7, 8, 9, 
        10, 11, 12, 13, 14, 15, 16, 17, 18, 19, 
        20, 21, 22, 23, 24, 25, 26, 27, 28, 29, 
        30 ]
      q: [ 
        1.90226153e-19, 4.6590047e-18, -0.291687718, 0.687644268, -0.395956552, -5.90674691e-18, 1.9399532e-19, 4.75821124e-18, -0.291687718, 0.687644268, 
        -0.395956552, -6.03253236e-18, 0, 0, 0, 0, 0, 0.698132, -0.349066, -0.087266, 
        -1.396263, 0, 0, 0, 0.698132, 0.349066, 0.087266, -1.396263, 0, 0, 
        0 ]
      ikLinks: 
        - 
          name: WAIST
          index: 0
          isBaseLink: true
          translation: [ 1.18237484e-07, 0, 1.47749999 ]
          rotation: [ 
            1, 4.81482486e-34, -3.33066907e-16, 
            7.22223729e-35, 1, 2.31111593e-33, 
            3.33066907e-16, -2.24650251e-33, 1 ]
        - 
          name: LARM_JOINT6
          index: 12
          translation: [ -0.0162929043, 0.342278723, 1.41933806 ]
          rotation: [ 
            0.730689996, 0.152245103, -0.665517511, 
            -0.322602529, 0.936116794, -0.140046267, 
            0.601680761, 0.317028039, 0.733125832 ]
        - 
          name: RARM_JOINT6
          index: 19
          translation: [ -0.0162929043, -0.342278723, 1.41933806 ]
          rotation: [ 
            0.730689996, -0.152245103, -0.665517511, 
            0.322602529, 0.936116794, 0.140046267, 
            0.601680761, -0.317028039, 0.733125832 ]
        - 
          name: LLEG_JOINT5
          index: 25
          translation: [ -0.045, 0.1, 0.6035 ]
          rotation: [ 
            1, -1.93995308e-19, -2.00000033e-09, 
            1.9399531e-19, 1, 1.27432112e-18, 
            2.00000033e-09, -1.27432112e-18, 1 ]
          isTouching: true
          partingDirection: [ 0, 0, 1 ]
        - 
          name: RLEG_JOINT5
          index: 31
          translation: [ -0.045, -0.1, 0.6035 ]
          rotation: [ 
            1, -1.90226141e-19, -2.00000033e-09, 
            1.90226144e-19, 1, 1.24774221e-18, 
            2.00000033e-09, -1.24774221e-18, 1 ]
          isTouching: true
          partingDirection: [ 0, 0, 1 ]
  - 
    time: 1.05
    refer: 
      type: Pose
      name: ""
      joints: [ 
        0, 1, 2, 3, 4, 5, 6, 7, 8, 9, 
        10, 11, 12, 13, 14, 15, 16, 17, 18, 19, 
        20, 21, 22, 23, 24, 25, 26, 27, 28, 29, 
        30 ]
      q: [ 
        1.41637376e-09, 0.139732329, -1.01343928, 2.17817399, -1.16473472, -0.139732329, 1.41637028e-09, 0.139731992, -1.01339202, 2.17816586, 
        -1.16477385, -0.139731992, 0, 0, 0, 0, 0, 0.698132, -0.349066, -0.087266, 
        -1.396263, 0, 0, 0, 0.698132, 0.349066, 0.087266, -1.396263, 0, 0, 
        0 ]
      ikLinks: 
        - 
          name: WAIST
          index: 0
          isBaseLink: true
          translation: [ -1.28330572e-18, -0.05, 1.1 ]
          rotation: [ 
            1, -9.49827261e-18, -4.09533931e-16, 
            -1.99800142e-17, 1, 5.55111512e-17, 
            4.4408921e-16, -8.32667262e-17, 1 ]
        - 
          name: LARM_JOINT6
          index: 12
          translation: [ -0.0162930225, 0.292278723, 1.04183807 ]
          rotation: [ 
            0.730689996, 0.152245103, -0.665517511, 
            -0.322602529, 0.936116794, -0.140046267, 
            0.601680761, 0.317028039, 0.733125832 ]
        - 
          name: RARM_JOINT6
          index: 19
          translation: [ -0.0162930225, -0.392278723, 1.04183807 ]
          rotation: [ 
            0.730689996, -0.152245103, -0.665517511, 
            0.322602529, 0.936116794, 0.140046267, 
            0.601680761, -0.317028039, 0.733125832 ]
        - 
          name: LLEG_JOINT5
          index: 25
          translation: [ -0.0449998151, 0.100000383, 0.603501318 ]
          rotation: [ 
            1, -6.53113112e-11, -9.60592054e-09, 
            6.53112911e-11, 1, -1.39666056e-13, 
            9.60592061e-09, 1.39638301e-13, 1 ]
          isTouching: true
          partingDirection: [ 0, 0, 1 ]
        - 
          name: RLEG_JOINT5
          index: 31
          translation: [ -0.0449841325, -0.0999996172, 0.603502187 ]
          rotation: [ 
            1, -6.53119664e-11, -9.60591718e-09, 
            6.53119364e-11, 1, -1.39804834e-13, 
            9.60591712e-09, 1.39804834e-13, 1 ]
          isTouching: true
          partingDirection: [ 0, 0, 1 ]
  - 
    time: 1.5
    refer: 
      type: Pose
      name: ""
      joints: [ 
        0, 1, 2, 3, 4, 5, 6, 7, 8, 9, 
        10, 11, 12, 13, 14, 15, 16, 17, 18, 19, 
        20, 21, 22, 23, 24, 25, 26, 27, 28, 29, 
        30 ]
      q: [ 
        -3.05316744e-11, 0.0305013235, -0.111889914, 0.913638239, -0.801748324, -0.0305013235, -3.44856641e-11, 0.034528232, -1.05739636, 1.24858493, 
        -0.191188566, -0.034528232, 0, 0, 0, 0, 0, 0.698132, -0.349066, -0.087266, 
        -1.396263, 0, 0, 0, 0.698132, 0.349066, 0.087266, -1.396263, 0, 0, 
        0 ]
      ikLinks: 
        - 
          name: WAIST
          index: 0
          isBaseLink: true
          translation: [ 0.2, -0.02, 1.4 ]
          rotation: [ 
            1, -1.91224815e-18, -6.10773663e-16, 
            1.5549231e-18, 1, 6.9388939e-18, 
            6.66133815e-16, -2.2972067e-26, 1 ]
        - 
          name: LARM_JOINT6
          index: 12
          translation: [ 0.183706977, 0.322278723, 1.34183807 ]
          rotation: [ 
            0.730689996, 0.152245103, -0.665517511, 
            -0.322602529, 0.936116794, -0.140046267, 
            0.601680761, 0.317028039, 0.733125832 ]
        - 
          name: RARM_JOINT6
          index: 19
          translation: [ 0.183706977, -0.362278723, 1.34183807 ]
          rotation: [ 
            0.730689996, -0.152245103, -0.665517511, 
            0.322602529, 0.936116794, 0.140046267, 
            0.601680761, -0.317028039, 0.733125832 ]
        - 
          name: LLEG_JOINT5
          index: 25
          translation: [ 0.454999903, 0.0999998007, 0.679999832 ]
          rotation: [ 
            1, -2.55193577e-14, 9.99108344e-10, 
            2.55186497e-14, 1, -3.45834472e-14, 
            -9.99108352e-10, 3.45834472e-14, 1 ]
        - 
          name: RLEG_JOINT5
          index: 31
          translation: [ -0.0449997192, -0.100000199, 0.603500641 ]
          rotation: [ 
            1, 2.61567606e-14, 9.99826663e-10, 
            -2.61544258e-14, 1, -3.04894998e-14, 
            -9.9982661e-10, 3.04929693e-14, 1 ]
          isTouching: true
          partingDirection: [ 0, 0, 1 ]
  - 
    time: 1.65
    refer: 
      type: Pose
      name: ""
      joints: [ 
        0, 1, 2, 3, 4, 5, 6, 7, 8, 9, 
        10, 11 ]
      q: [ 
        3.19289996e-17, 1.24925501e-17, -0.0242974597, 0.711887425, -0.687589964, -5.00250357e-17, 7.21174473e-17, -1.07020692e-17, -0.672168525, 0.876739746, 
        -0.204923327, 1.11515915e-16 ]
      ikLinks: 
        - 
          name: WAIST
          index: 0
          isBaseLink: true
          translation: [ 0.399638616, 0, 1.54999909 ]
          rotation: [ 
            1, 3.69778549e-32, 1.66533454e-16, 
            -3.69778549e-32, 1, -6.16297582e-33, 
            -1.66533454e-16, 6.47895989e-33, 1 ]
        - 
          name: LLEG_JOINT5
          index: 25
          translation: [ 0.5549997, 0.1, 0.72 ]
          rotation: [ 
            0.999999938, -7.21567128e-17, -0.000352106389, 
            7.21212111e-17, 1, -1.00839239e-16, 
            0.000352106389, 1.00813838e-16, 0.999999938 ]
        - 
          name: RLEG_JOINT5
          index: 31
          translation: [ 0.1550001, -0.1, 0.720000112 ]
          rotation: [ 
            1, -3.19289996e-17, 4.01307765e-10, 
            3.19289996e-17, 1, 3.75324856e-17, 
            -4.01307765e-10, -3.75324856e-17, 1 ]
  - 
    time: 1.8
    refer: 
      type: Pose
      name: ""
      joints: [ 
        0, 1, 2, 3, 4, 5, 6, 7, 8, 9, 
        10, 11, 12, 13, 14, 15, 16, 17, 18, 19, 
        20, 21, 22, 23, 24, 25, 26, 27, 28, 29, 
        30 ]
      q: [ 
        3.45737116e-11, -0.0345282321, -0.251663598, 1.26587558, -1.01421198, 0.0345282321, 3.0478302e-11, -0.0305013179, -0.774990879, 1.05589482, 
        -0.280903939, 0.0305013179, 0, 0, 0, 0, 0, 0.698132, -0.349066, -0.087266, 
        -1.396263, 0, 0, 0, 0.698132, 0.349066, 0.087266, -1.396263, 0, 0, 
        0 ]
      ikLinks: 
        - 
          name: WAIST
          index: 0
          isBaseLink: true
          translation: [ 0.6, 0.02, 1.4 ]
          rotation: [ 
            1, 1.85907851e-18, -1.05601596e-16, 
            -1.59033123e-18, 1, 0, 
            2.77555756e-16, 8.45942817e-27, 1 ]
        - 
          name: LARM_JOINT6
          index: 12
          translation: [ 0.583706977, 0.362278723, 1.34183807 ]
          rotation: [ 
            0.730689996, 0.152245103, -0.665517511, 
            -0.322602529, 0.936116794, -0.140046267, 
            0.601680761, 0.317028039, 0.733125832 ]
        - 
          name: RARM_JOINT6
          index: 19
          translation: [ 0.583706977, -0.322278723, 1.34183807 ]
          rotation: [ 
            0.730689996, -0.152245103, -0.665517511, 
            0.322602529, 0.936116794, 0.140046267, 
            0.601680761, -0.317028039, 0.733125832 ]
        - 
          name: LLEG_JOINT5
          index: 25
          translation: [ 0.754999923, 0.100000199, 0.603500521 ]
          rotation: [ 
            1, 1.12503271e-14, 9.99304084e-10, 
            -1.12514165e-14, 1, 3.05484804e-14, 
            -9.99303917e-10, -3.0545011e-14, 1 ]
          isTouching: true
          partingDirection: [ 0, 0, 1 ]
        - 
          name: RLEG_JOINT5
          index: 31
          translation: [ 0.355000083, -0.0999998007, 0.679999835 ]
          rotation: [ 
            1, -3.41019673e-14, 9.99931792e-10, 
            3.41011941e-14, 1, 3.45140583e-14, 
            -9.99931693e-10, -3.45071194e-14, 1 ]
  - 
    time: 2.25
    refer: 
      type: Pose
      name: ""
      joints: [ 
        0, 1, 2, 3, 4, 5, 6, 7, 8, 9, 
        10, 11, 12, 13, 14, 15, 16, 17, 18, 19, 
        20, 21, 22, 23, 24, 25, 26, 27, 28, 29, 
        30 ]
      q: [ 
        8.02889365e-07, -0.13972987, -1.18387056, 2.18539852, -1.00152221, 0.13972987, -5.21901949e-10, -0.139728944, -1.18389517, 2.18539079, 
        -1.00149563, 0.139728944, 0, 0, 0, 0, 0, 0.698132, -0.349066, -0.087266, 
        -1.396263, 0, 0, 0, 0.698132, 0.349066, 0.087266, -1.396263, 0, 0, 
        0 ]
      ikLinks: 
        - 
          name: WAIST
          index: 0
          isBaseLink: true
          translation: [ 0.74, 0.05, 1.1 ]
          rotation: [ 
            1, -7.17859223e-18, -1.06558339e-16, 
            -2.37386398e-17, 1, -2.77555756e-17, 
            1.66533454e-16, -8.69141341e-26, 1 ]
        - 
          name: LARM_JOINT6
          index: 12
          translation: [ 0.723706977, 0.392278723, 1.04183807 ]
          rotation: [ 
            0.730689996, 0.152245103, -0.665517511, 
            -0.322602529, 0.936116794, -0.140046267, 
            0.601680761, 0.317028039, 0.733125832 ]
        - 
          name: RARM_JOINT6
          index: 19
          translation: [ 0.723706977, -0.292278723, 1.04183807 ]
          rotation: [ 
            0.730689996, -0.152245103, -0.665517511, 
            0.322602529, 0.936116794, 0.140046267, 
            0.601680761, -0.317028039, 0.733125832 ]
        - 
          name: LLEG_JOINT5
          index: 25
          translation: [ 0.755000196, 0.100000514, 0.603499841 ]
          rotation: [ 
            1, 1.2333045e-12, -3.70199386e-09, 
            -1.233319e-12, 1, 1.39777079e-13, 
            3.70199388e-09, -1.39804834e-13, 1 ]
          isTouching: true
          partingDirection: [ 0, 0, 1 ]
        - 
          name: RLEG_JOINT5
          index: 31
          translation: [ 0.754989735, -0.0999994918, 0.603502099 ]
          rotation: [ 
            1, -1.88001349e-09, 5.69519938e-06, 
            1.88001345e-09, 1, 1.28397293e-13, 
            -5.69519938e-06, -1.17683641e-13, 1 ]
          isTouching: true
          partingDirection: [ 0, 0, 1 ]
  - 
    time: 2.8
    refer: 
      type: Pose
      name: ""
      joints: [ 
        0, 1, 2, 3, 4, 5, 6, 7, 8, 9, 
        10, 11, 12, 13, 14, 15, 16, 17, 18, 19, 
        20, 21, 22, 23, 24, 25, 26, 27, 28, 29, 
        30 ]
      q: [ 
        -1.08513767e-18, 2.80039527e-17, -1.18996956, 2.19549184, -1.00552229, -2.42190978e-17, -1.24735962e-18, 1.3242585e-17, -1.18996956, 2.19549184, 
        -1.00552229, -8.27865061e-18, 0, 0, 0, 0, 0, 0.698132, -0.349066, -0.087266, 
        -1.396263, 0, 0, 0, 0.698132, 0.349066, 0.087266, -1.396263, 0, 0, 
        0 ]
      ikLinks: 
        - 
          name: WAIST
          index: 0
          isBaseLink: true
          translation: [ 0.740000828, 0, 1.10000039 ]
          rotation: [ 
            1, 2.11852294e-33, -1.11022302e-16, 
            -1.54074396e-33, 1, 3.08148791e-33, 
            1.11022302e-16, 6.02449109e-33, 1 ]
        - 
          name: LARM_JOINT6
          index: 12
          translation: [ 0.723707805, 0.342278723, 1.04183847 ]
          rotation: [ 
            0.730689996, 0.152245103, -0.665517511, 
            -0.322602529, 0.936116794, -0.140046267, 
            0.601680761, 0.317028039, 0.733125832 ]
        - 
          name: RARM_JOINT6
          index: 19
          translation: [ 0.723707805, -0.342278723, 1.04183847 ]
          rotation: [ 
            0.730689996, -0.152245103, -0.665517511, 
            0.322602529, 0.936116794, 0.140046267, 
            0.601680761, -0.317028039, 0.733125832 ]
        - 
          name: LLEG_JOINT5
          index: 25
          translation: [ 0.755, 0.1, 0.6035 ]
          rotation: [ 
            1, 1.2473597e-18, -1.00000002e-08, 
            -1.24735975e-18, 1, -4.96393438e-18, 
            1.00000002e-08, 4.96393439e-18, 1 ]
          isTouching: true
          partingDirection: [ 0, 0, 1 ]
        - 
          name: RLEG_JOINT5
          index: 31
          translation: [ 0.755, -0.1, 0.6035 ]
          rotation: [ 
            1, 1.08513791e-18, -1.00000002e-08, 
            -1.08513795e-18, 1, -3.78485489e-18, 
            1.00000002e-08, 3.7848549e-18, 1 ]
          isTouching: true
          partingDirection: [ 0, 0, 1 ]
