# Body pose sequence format version 1.0 defined by cnoid-Robotics

type: PoseSeq
name: "broad-jump-toe-takeoff-750mm"
targetBody: "JAXON_BLUE"
refs: 
  - 
    time: 0
    refer: 
      type: Pose
      name: ""
      joints: [ 
        0, 1, 2, 3, 4, 5, 6, 7, 8, 9, 
        10, 11, 12, 13, 14, 15, 16, 17, 18, 19, 
        20, 21, 22, 23, 24, 25, 26, 27, 28, 29, 
        30 ]
      q: [ 
        -2.9865413e-20, 1.00030458e-05, -0.292327503, 0.687685399, -0.395357896, -1.00030458e-05, -3.67022655e-20, 1.00030458e-05, -0.292327503, 0.687685399, 
        -0.395357896, -1.00030458e-05, 0, 0, 0, 0, 0, 0.698131701, -0.34906585, -0.0872664626, 
        -1.3962634, 0, 0, 0, 0.698131701, 0.34906585, 0.0872664626, -1.3962634, 0, 0, 
        0 ]
      ikLinks: 
        - 
          name: WAIST
          index: 0
          isBaseLink: true
          translation: [ 1.04693272e-17, -2.77555756e-17, 0.9776 ]
          rotation: [ 
            0.999999861, -0.000167849467, 0.000499433808, 
            0.000167849571, 0.999999986, -1.67072311e-07, 
            -0.000499433773, 2.50902038e-07, 0.999999875 ]
        - 
          name: LARM_JOINT6
          index: 12
          translation: [ -0.0163793115, 0.342276019, 0.91944638 ]
          rotation: [ 
            0.731044139, 0.152245743, -0.665128333, 
            -0.322479821, 0.936142295, -0.140158371, 
            0.601316249, 0.316952422, 0.733457518 ]
        - 
          name: RARM_JOINT6
          index: 19
          translation: [ -0.0162644089, -0.342281469, 0.919446208 ]
          rotation: [ 
            0.730935842, -0.152559997, -0.665175347, 
            0.322724912, 0.936091292, 0.139934712, 
            0.601316411, -0.316951952, 0.733457588 ]
        - 
          name: LLEG_JOINT5
          index: 25
          translation: [ -0.0449996266, 0.1, 0.103600093 ]
          rotation: [ 
            0.999999861, -0.000167849467, 0.000499433808, 
            0.000167849571, 0.999999986, -1.67072311e-07, 
            -0.000499433773, 2.50902038e-07, 0.999999875 ]
          isTouching: true
          partingDirection: [ 0, 0, 1 ]
        - 
          name: RLEG_JOINT5
          index: 31
          translation: [ -0.0449660567, -0.0999999972, 0.103600042 ]
          rotation: [ 
            0.999999861, -0.000167849467, 0.000499433808, 
            0.000167849571, 0.999999986, -1.67072311e-07, 
            -0.000499433773, 2.50902038e-07, 0.999999875 ]
          isTouching: true
          partingDirection: [ 0, 0, 1 ]
  - 
    time: 0.2
    refer: 
      type: Pose
      name: ""
      joints: [ 
        0, 1, 2, 3, 4, 5, 6, 7, 8, 9, 
        10, 11, 12, 13, 14, 15, 16, 17, 18, 19, 
        20, 21, 22, 23, 24, 25, 26, 27, 28, 29, 
        30 ]
      q: [ 
        -2.9865413e-20, 1.00030458e-05, -0.292327503, 0.687685399, -0.395357896, -1.00030458e-05, -3.67022655e-20, 1.00030458e-05, -0.292327503, 0.687685399, 
        -0.395357896, -1.00030458e-05, 0, 0, 0, 0, 0, 0.698131701, -0.34906585, -0.0872664626, 
        -1.3962634, 0, 0, 0, 0.698131701, 0.34906585, 0.0872664626, -1.3962634, 0, 0, 
        0 ]
      ikLinks: 
        - 
          name: WAIST
          index: 0
          isBaseLink: true
          translation: [ 1.04693272e-17, -2.77555756e-17, 0.9776 ]
          rotation: [ 
            0.999999861, -0.000167849467, 0.000499433808, 
            0.000167849571, 0.999999986, -1.67072311e-07, 
            -0.000499433773, 2.50902038e-07, 0.999999875 ]
        - 
          name: LARM_JOINT6
          index: 12
          translation: [ -0.0163793115, 0.342276019, 0.91944638 ]
          rotation: [ 
            0.731044139, 0.152245743, -0.665128333, 
            -0.322479821, 0.936142295, -0.140158371, 
            0.601316249, 0.316952422, 0.733457518 ]
        - 
          name: RARM_JOINT6
          index: 19
          translation: [ -0.0162644089, -0.342281469, 0.919446208 ]
          rotation: [ 
            0.730935842, -0.152559997, -0.665175347, 
            0.322724912, 0.936091292, 0.139934712, 
            0.601316411, -0.316951952, 0.733457588 ]
        - 
          name: LLEG_JOINT5
          index: 25
          translation: [ -0.0449996266, 0.1, 0.103600093 ]
          rotation: [ 
            0.999999861, -0.000167849467, 0.000499433808, 
            0.000167849571, 0.999999986, -1.67072311e-07, 
            -0.000499433773, 2.50902038e-07, 0.999999875 ]
          isTouching: true
          partingDirection: [ 0, 0, 1 ]
        - 
          name: RLEG_JOINT5
          index: 31
          translation: [ -0.0449660567, -0.0999999972, 0.103600042 ]
          rotation: [ 
            0.999999861, -0.000167849467, 0.000499433808, 
            0.000167849571, 0.999999986, -1.67072311e-07, 
            -0.000499433773, 2.50902038e-07, 0.999999875 ]
          isTouching: true
          partingDirection: [ 0, 0, 1 ]
  - 
    time: 1.1
    refer: 
      type: Pose
      name: ""
      ikLinks: 
        - 
          name: WAIST
          index: 0
          isBaseLink: true
          translation: [ -0.05, 2.77555756e-17, 0.72 ]
          rotation: [ 
            0.866025404, -2.03287907e-19, 0.5, 
            3.25260652e-19, 1, 2.16840434e-19, 
            -0.5, -1.35525272e-20, 0.866025404 ]
  - 
    time: 1.27
    refer: 
      type: Pose
      name: ""
      ikLinks: 
        - 
          name: WAIST
          index: 0
          isBaseLink: true
          translation: [ -6.9388939e-17, -1.38777878e-17, 0.7 ]
          rotation: [ 
            0.906307787, -3.25260652e-19, 0.422618262, 
            3.52365706e-19, 1, 1.35525272e-19, 
            -0.422618262, -4.06575815e-20, 0.906307787 ]
  - 
    time: 1.4
    refer: 
      type: Pose
      name: ""
      joints: [ 
        0, 1, 2, 3, 4, 5, 6, 7, 8, 9, 
        10, 11 ]
      q: [ 
        0.000185295958, 4.76911969e-05, -0.523691697, 1.50322959, -1.22998635, -9.17723583e-05, 0.000185297298, 4.76964891e-05, -0.523608259, 1.50316889, 
        -1.23000911, -9.17778181e-05 ]
      ikLinks: 
        - 
          name: LLEG_JOINT5
          index: 25
          translation: [ -0.0449978144, 0.1, 0.103601802 ]
          rotation: [ 
            0.999999482, -0.00016769481, 0.00100431625, 
            0.000167695251, 0.999999986, -3.54404909e-07, 
            -0.00100431618, 5.22823791e-07, 0.999999496 ]
          isTouching: true
          partingDirection: [ 0, 0, 1 ]
        - 
          name: RLEG_JOINT5
          index: 31
          translation: [ -0.0449642442, -0.099999997, 0.103601752 ]
          rotation: [ 
            0.999999482, -0.000167694825, 0.00100433738, 
            0.000167695266, 0.999999986, -3.54401955e-07, 
            -0.00100433731, 5.22824395e-07, 0.999999496 ]
          isTouching: true
          partingDirection: [ 0, 0, 1 ]
  - 
    time: 1.5
    refer: 
      type: Pose
      name: ""
      joints: [ 
        0, 1, 2, 3, 4, 5, 6, 7, 8, 9, 
        10, 11 ]
      q: [ 
        -8.32996811e-10, -7.13937547e-10, 0.0048219481, 1.36581459, -0.584977013, 7.6099053e-10, -1.00275661e-09, -8.59434569e-10, 0.00482351022, 1.36581255, 
        -0.584976531, 9.6759834e-10 ]
      ikLinks: 
        - 
          name: WAIST
          index: 0
          isBaseLink: true
          translation: [ 0.25, 0, 0.85 ]
          rotation: [ 
            0.965925826, -4.34063026e-22, -0.258819045, 
            4.49365868e-22, 1, 3.1019273e-25, 
            0.258819045, -1.16632466e-22, 0.965925826 ]
        - 
          name: LLEG_JOINT5
          index: 25
          translation: [ 0.0250007903, 0.1, 0.168001235 ]
          rotation: [ 
            0.865894692, 1.67504471e-09, 0.50022633, 
            -1.31674148e-09, 1, -1.06928648e-09, 
            -0.50022633, 2.6722073e-10, 0.865894692 ]
          isTouching: true
          partingDirection: [ 0, 0, 1 ]
        - 
          name: RLEG_JOINT5
          index: 31
          translation: [ 0.0250012787, -0.1, 0.168001558 ]
          rotation: [ 
            0.865894693, 1.37006127e-09, 0.50022633, 
            -1.09382573e-09, 1, -8.45464031e-10, 
            -0.50022633, 1.84922386e-10, 0.865894693 ]
          isTouching: true
          partingDirection: [ 0, 0, 1 ]
  - 
    time: 1.54
    refer: 
      type: Pose
      name: ""
      joints: [ 
        0, 1, 2, 3, 4, 5, 6, 7, 8, 9, 
        10, 11 ]
      q: [ 
        2.70362241e-07, 2.04843152e-07, -0.103438082, 1.4578629, -0.691136706, -2.02569402e-07, 2.70974918e-07, 2.05307355e-07, -0.103438082, 1.4578629, 
        -0.691136705, -2.02521033e-07 ]
      ikLinks: 
        - 
          name: LLEG_JOINT5
          index: 25
          translation: [ 0.089999898, 0.1, 0.185000009 ]
          rotation: [ 
            0.939410755, -3.9049396e-07, 0.342793571, 
            3.3993066e-07, 1, 2.07586864e-07, 
            -0.342793571, -7.84832873e-08, 0.939410755 ]
        - 
          name: RLEG_JOINT5
          index: 31
          translation: [ 0.089999898, -0.1, 0.185000009 ]
          rotation: [ 
            0.939410756, -3.89784596e-07, 0.34279357, 
            3.39162073e-07, 1, 2.07623779e-07, 
            -0.34279357, -7.8781433e-08, 0.939410756 ]
  - 
    time: 1.636
    refer: 
      type: Pose
      name: ""
      joints: [ 
        0, 1, 2, 3, 4, 5, 6, 7, 8, 9, 
        10, 11 ]
      q: [ 
        0.000149545179, 7.59593118e-05, -0.136451481, 1.17857482, -0.694808833, -2.10113307e-05, 0.000149545143, 7.59594958e-05, -0.136450195, 1.1785744, 
        -0.694809697, -2.10115177e-05 ]
      ikLinks: 
        - 
          name: WAIST
          index: 0
          isBaseLink: true
          translation: [ 0.35, 2.77555756e-17, 0.9963 ]
          rotation: [ 
            0.939692621, 2.98155597e-19, -0.342020143, 
            -2.43945489e-19, 1, 1.62630326e-19, 
            0.342020143, -6.09863722e-20, 0.939692621 ]
        - 
          name: LLEG_JOINT5
          index: 25
          translation: [ 0.320000294, 0.1, 0.220000065 ]
          rotation: [ 
            0.999998453, -0.000166469346, -0.00175133887, 
            0.000166470457, 0.999999986, 4.88813315e-07, 
            0.00175133876, -7.80358741e-07, 0.999998466 ]
        - 
          name: RLEG_JOINT5
          index: 31
          translation: [ 0.320000992, -0.1, 0.220000072 ]
          rotation: [ 
            0.999998453, -0.000166469317, -0.00175133987, 
            0.000166470428, 0.999999986, 4.88811287e-07, 
            0.00175133976, -7.80356828e-07, 0.999998466 ]
  - 
    time: 1.732
    refer: 
      type: Pose
      name: ""
      joints: [ 
        0, 1, 2, 3, 4, 5, 6, 7, 8, 9, 
        10, 11 ]
      q: [ 
        0.000171996144, 9.55018319e-06, -0.539256066, 1.15600047, -0.326366696, 4.00660074e-05, 0.000171996157, 9.55018391e-06, -0.539256066, 1.15600047, 
        -0.326366691, 4.00660087e-05 ]
      ikLinks: 
        - 
          name: LLEG_JOINT5
          index: 25
          translation: [ 0.649999997, 0.1, 0.128000206 ]
          rotation: [ 
            0.999999954, -0.000167530015, -0.000250954882, 
            0.000167530028, 0.999999986, 2.85506563e-08, 
            0.000250954874, -7.05931334e-08, 0.999999969 ]
        - 
          name: RLEG_JOINT5
          index: 31
          translation: [ 0.649999997, -0.1, 0.128000206 ]
          rotation: [ 
            0.999999954, -0.000167530003, -0.000250960553, 
            0.000167530015, 0.999999986, 2.85480095e-08, 
            0.000250960544, -7.05914334e-08, 0.999999969 ]
  - 
    time: 1.77
    refer: 
      type: Pose
      name: ""
      joints: [ 
        0, 1, 2, 3, 4, 5, 6, 7, 8, 9, 
        10, 11 ]
      q: [ 
        0.000174803741, -1.33420337e-06, -0.650259304, 1.24832364, -0.33681321, 4.62967907e-05, 0.000174803748, -1.33420341e-06, -0.650259303, 1.24832363, 
        -0.336813212, 4.6296808e-05 ]
      ikLinks: 
        - 
          name: WAIST
          index: 0
          isBaseLink: true
          translation: [ 0.5, 0, 0.85 ]
          rotation: [ 
            0.965925826, -5.42101086e-20, -0.258819045, 
            5.42101086e-20, 1, -2.22346149e-20, 
            0.258819045, 0, 0.965925826 ]
        - 
          name: LLEG_JOINT5
          index: 25
          translation: [ 0.704998992, 0.1, 0.103601726 ]
          rotation: [ 
            0.999999836, -0.00016852752, -0.000548264685, 
            0.000168527623, 0.999999986, 1.42081781e-07, 
            0.000548264653, -2.34479502e-07, 0.99999985 ]
          isTouching: true
          partingDirection: [ 0, 0, 1 ]
        - 
          name: RLEG_JOINT5
          index: 31
          translation: [ 0.704998992, -0.1, 0.103601727 ]
          rotation: [ 
            0.999999836, -0.000168527513, -0.000548261685, 
            0.000168527616, 0.999999986, 1.42097675e-07, 
            0.000548261653, -2.34494887e-07, 0.99999985 ]
          isTouching: true
          partingDirection: [ 0, 0, 1 ]
  - 
    time: 2
    refer: 
      type: Pose
      name: ""
      ikLinks: 
        - 
          name: WAIST
          index: 0
          isBaseLink: true
          translation: [ 0.67, -1.38777878e-17, 0.7 ]
          rotation: [ 
            0.984807753, -5.42101086e-20, -0.173648178, 
            5.42101086e-20, 1, -8.13151629e-20, 
            0.173648178, 1.08420217e-19, 0.984807753 ]
  - 
    time: 2.5
    refer: 
      type: Pose
      name: ""
      joints: [ 
        0, 1, 2, 3, 4, 5, 6, 7, 8, 9, 
        10, 11 ]
      q: [ 
        1.07212836e-13, -2.16841508e-06, -0.995018854, 1.89550314, -0.900484282, 2.16841508e-06, -1.01270922e-15, -2.17460149e-06, -0.995091838, 1.8955018, 
        -0.900409967, 2.17460149e-06 ]
      ikLinks: 
        - 
          name: WAIST
          index: 0
          translation: [ 0.699999911, -1.24678046e-12, 0.699999893 ]
          rotation: [ 
            0.999999861, -0.000167849467, 0.000499433808, 
            0.000167849571, 0.999999986, -1.67072311e-07, 
            -0.000499433773, 2.50902038e-07, 0.999999875 ]
        - 
          name: LLEG_JOINT5
          index: 25
          translation: [ 0.705, 0.1, 0.1036 ]
          rotation: [ 
            0.999999861, -0.000167849467, 0.000499428808, 
            0.000167849571, 0.999999986, -1.6707315e-07, 
            -0.000499428773, 2.50902038e-07, 0.999999875 ]
          isTouching: true
          partingDirection: [ 0, 0, 1 ]
        - 
          name: RLEG_JOINT5
          index: 31
          translation: [ 0.705, -0.1, 0.1036 ]
          rotation: [ 
            0.999999861, -0.000167849467, 0.000499437808, 
            0.000167849571, 0.999999986, -1.6707164e-07, 
            -0.000499437773, 2.50902038e-07, 0.999999875 ]
          isTouching: true
          partingDirection: [ 0, 0, 1 ]
  - 
    time: 3
    refer: 
      type: Pose
      name: ""
      joints: [ 
        0, 1, 2, 3, 4, 5, 6, 7, 8, 9, 
        10, 11, 12, 13, 14, 15, 16, 17, 18, 19, 
        20, 21, 22, 23, 24, 25, 26, 27, 28, 29, 
        30 ]
      q: [ 
        1.89194969e-14, -2.16820792e-06, -0.995017689, 1.89550352, -0.900485832, 2.16820792e-06, 3.44630689e-14, -2.17439426e-06, -0.995090672, 1.89550218, 
        -0.900411515, 2.17439426e-06, 0, 0, 0, 0, 0, 0.698131701, -0.34906585, -0.0872664626, 
        -1.3962634, 0, 0, 0, 0.698131701, 0.34906585, 0.0872664626, -1.3962634, 0, 0, 
        0 ]
      ikLinks: 
        - 
          name: WAIST
          index: 0
          isBaseLink: true
          translation: [ 0.700000536, 9.13243092e-12, 0.69999978 ]
          rotation: [ 
            0.999999861, -0.000167849467, 0.000499433808, 
            0.000167849571, 0.999999986, -1.67072311e-07, 
            -0.000499433773, 2.50902038e-07, 0.999999875 ]
        - 
          name: LARM_JOINT6
          index: 12
          translation: [ 0.683621224, 0.342276019, 0.641846159 ]
          rotation: [ 
            0.731044141, 0.152245743, -0.665128332, 
            -0.322479821, 0.936142295, -0.140158372, 
            0.601316248, 0.316952422, 0.733457519 ]
        - 
          name: RARM_JOINT6
          index: 19
          translation: [ 0.683736127, -0.342281469, 0.641845988 ]
          rotation: [ 
            0.730935843, -0.152559996, -0.665175346, 
            0.322724911, 0.936091292, 0.139934713, 
            0.60131641, -0.316951952, 0.73345759 ]
        - 
          name: LLEG_JOINT5
          index: 25
          translation: [ 0.705, 0.1, 0.1036 ]
          rotation: [ 
            0.999999861, -0.000167849467, 0.000499426808, 
            0.000167849571, 0.999999986, -1.67073486e-07, 
            -0.000499426773, 2.50902038e-07, 0.999999875 ]
          isTouching: true
          partingDirection: [ 0, 0, 1 ]
        - 
          name: RLEG_JOINT5
          index: 31
          translation: [ 0.705000001, -0.1, 0.1036 ]
          rotation: [ 
            0.999999861, -0.000167849467, 0.000499432808, 
            0.000167849571, 0.999999986, -1.67072479e-07, 
            -0.000499432773, 2.50902038e-07, 0.999999875 ]
          isTouching: true
          partingDirection: [ 0, 0, 1 ]
