# Body pose sequence format version 1.0 defined by cnoid-Robotics

type: PoseSeq
name: "jump-250msec"
targetBody: "JAXON_BLUE"
refs: 
  - 
    time: 0
    refer: 
      type: Pose
      name: ""
      joints: [ 
        0, 1, 2, 3, 4, 5, 6, 7, 8, 9, 
        10, 11, 12, 13, 14, 15, 16, 17, 18, 19, 
        20, 21, 22, 23, 24, 25, 26, 27, 28, 29, 
        30 ]
      q: [ 
        1.90226153e-19, 4.6590047e-18, -0.291687718, 0.687644268, -0.395956552, -5.90674691e-18, 1.9399532e-19, 4.75821124e-18, -0.291687718, 0.687644268, 
        -0.395956552, -6.03253236e-18, 0, 0, 0, 0, 0, 0.698132, -0.349066, -0.087266, 
        -1.396263, 0, 0, 0, 0.698132, 0.349066, 0.087266, -1.396263, 0, 0, 
        0 ]
      ikLinks: 
        - 
          name: WAIST
          index: 0
          isBaseLink: true
          translation: [ 2.49800181e-18, 0, 0.9775 ]
          rotation: [ 
            1, -7.22223729e-35, -2.77555756e-16, 
            -1.6851887e-34, 1, 1.54074396e-33, 
            2.77555756e-16, 1.59354232e-33, 1 ]
        - 
          name: LARM_JOINT6
          index: 12
          translation: [ -0.0162930225, 0.342278723, 0.919338074 ]
          rotation: [ 
            0.730689996, 0.152245103, -0.665517511, 
            -0.322602529, 0.936116794, -0.140046267, 
            0.601680761, 0.317028039, 0.733125832 ]
        - 
          name: RARM_JOINT6
          index: 19
          translation: [ -0.0162930225, -0.342278723, 0.919338074 ]
          rotation: [ 
            0.730689996, -0.152245103, -0.665517511, 
            0.322602529, 0.936116794, 0.140046267, 
            0.601680761, -0.317028039, 0.733125832 ]
        - 
          name: LLEG_JOINT5
          index: 25
          translation: [ -0.0450001185, 0.1, 0.103500015 ]
          rotation: [ 
            1, -1.93995314e-19, -1.00001329e-09, 
            1.93995316e-19, 1, 1.27432112e-18, 
            1.00001329e-09, -1.27432112e-18, 1 ]
          isTouching: true
          partingDirection: [ 0, 0, 1 ]
        - 
          name: RLEG_JOINT5
          index: 31
          translation: [ -0.0450001185, -0.1, 0.103500015 ]
          rotation: [ 
            1, -1.90226147e-19, -1.00001335e-09, 
            1.90226148e-19, 1, 1.24774221e-18, 
            1.00001335e-09, -1.24774221e-18, 1 ]
          isTouching: true
          partingDirection: [ 0, 0, 1 ]
  - 
    time: 0.2
    refer: 
      type: Pose
      name: ""
      joints: [ 
        0, 1, 2, 3, 4, 5, 6, 7, 8, 9, 
        10, 11, 12, 13, 14, 15, 16, 17, 18, 19, 
        20, 21, 22, 23, 24, 25, 26, 27, 28, 29, 
        30 ]
      q: [ 
        1.90226153e-19, 4.6590047e-18, -0.291687718, 0.687644268, -0.395956552, -5.90674691e-18, 1.9399532e-19, 4.75821124e-18, -0.291687718, 0.687644268, 
        -0.395956552, -6.03253236e-18, 0, 0, 0, 0, 0, 0.698132, -0.349066, -0.087266, 
        -1.396263, 0, 0, 0, 0.698132, 0.349066, 0.087266, -1.396263, 0, 0, 
        0 ]
      ikLinks: 
        - 
          name: WAIST
          index: 0
          isBaseLink: true
          translation: [ 2.49800181e-18, 0, 0.9775 ]
          rotation: [ 
            1, -7.22223729e-35, -2.77555756e-16, 
            -1.6851887e-34, 1, 1.54074396e-33, 
            2.77555756e-16, 1.59354232e-33, 1 ]
        - 
          name: LARM_JOINT6
          index: 12
          translation: [ -0.0162930225, 0.342278723, 0.919338074 ]
          rotation: [ 
            0.730689996, 0.152245103, -0.665517511, 
            -0.322602529, 0.936116794, -0.140046267, 
            0.601680761, 0.317028039, 0.733125832 ]
        - 
          name: RARM_JOINT6
          index: 19
          translation: [ -0.0162930225, -0.342278723, 0.919338074 ]
          rotation: [ 
            0.730689996, -0.152245103, -0.665517511, 
            0.322602529, 0.936116794, 0.140046267, 
            0.601680761, -0.317028039, 0.733125832 ]
        - 
          name: LLEG_JOINT5
          index: 25
          translation: [ -0.0450001185, 0.1, 0.103500015 ]
          rotation: [ 
            1, -1.93995314e-19, -1.00001329e-09, 
            1.93995316e-19, 1, 1.27432112e-18, 
            1.00001329e-09, -1.27432112e-18, 1 ]
          isTouching: true
          partingDirection: [ 0, 0, 1 ]
        - 
          name: RLEG_JOINT5
          index: 31
          translation: [ -0.0450001185, -0.1, 0.103500015 ]
          rotation: [ 
            1, -1.90226147e-19, -1.00001335e-09, 
            1.90226148e-19, 1, 1.24774221e-18, 
            1.00001335e-09, -1.24774221e-18, 1 ]
          isTouching: true
          partingDirection: [ 0, 0, 1 ]
  - 
    time: 1.15
    refer: 
      type: Pose
      name: ""
      joints: [ 
        0, 1, 2, 3, 4, 5, 6, 7, 8, 9, 
        10, 11, 12, 13, 14, 15, 16, 17, 18, 19, 
        20, 21, 22, 23, 24, 25, 26, 27, 28, 29, 
        30 ]
      q: [ 
        -6.12272309e-07, 7.02890645e-09, -1.02848296, 1.95776872, -0.929455844, 1.75139583e-08, -6.08099763e-07, 6.98049053e-09, -1.02848296, 1.95776872, 
        -0.929455844, 1.91918309e-08, -3.28678554e-05, 0, 0.000108645879, 5.30235365e-05, 0.00328566667, 0.704197886, -0.34985285, -0.0867770556, 
        -1.39420616, 6.13345455e-05, 0.000528746502, 2.37059821e-05, 0.704168753, 0.349849667, 0.0867443478, -1.39420058, -8.53761772e-05, 0.000528474775, 
        -2.38604177e-05 ]
      ikLinks: 
        - 
          name: WAIST
          index: 0
          isBaseLink: true
          translation: [ -0.05, 1.38777878e-17, 0.68 ]
          rotation: [ 
            1, -1.05879118e-22, 8.47572838e-17, 
            1.05879118e-22, 1, 3.38316871e-22, 
            -2.22044605e-16, -2.25526165e-22, 1 ]
        - 
          name: LARM_JOINT6
          index: 12
          translation: [ -0.0692533614, 0.34259001, 0.621720564 ]
          rotation: [ 
            0.73586314, 0.155013979, -0.659148015, 
            -0.323033919, 0.935895086, -0.140532826, 
            0.595108835, 0.316340093, 0.73876547 ]
        - 
          name: RARM_JOINT6
          index: 19
          translation: [ -0.0691887203, -0.342613056, 0.621747812 ]
          rotation: [ 
            0.735810724, -0.155185234, -0.659166232, 
            0.323208742, 0.935844587, 0.140467143, 
            0.595078723, -0.316405519, 0.738761708 ]
        - 
          name: LLEG_JOINT5
          index: 25
          translation: [ -0.0450006357, 0.1, 0.1035123 ]
          rotation: [ 
            0.999999986, 6.08096499e-07, -0.000170083999, 
            -6.08100941e-07, 1, -2.60688933e-08, 
            0.000170083999, 2.61723211e-08, 0.999999986 ]
          isTouching: true
          partingDirection: [ 0, 0, 1 ]
        - 
          name: RLEG_JOINT5
          index: 31
          translation: [ -0.0450006352, -0.1, 0.1035123 ]
          rotation: [ 
            0.999999986, 6.1226933e-07, -0.000170084999, 
            -6.12273495e-07, 1, -2.44387263e-08, 
            0.000170084999, 2.45428645e-08, 0.999999986 ]
          isTouching: true
          partingDirection: [ 0, 0, 1 ]
  - 
    time: 1.5
    refer: 
      type: Pose
      name: ""
      joints: [ 
        0, 1, 2, 3, 4, 5, 6, 7, 8, 9, 
        10, 11, 12, 13, 14, 15, 16, 17, 18, 19, 
        20, 21, 22, 23, 24, 25, 26, 27, 28, 29, 
        30 ]
      q: [ 
        -2.39238268e-19, -6.6917504e-18, -0.550268453, 1.14377469, -0.593506236, 8.12531667e-18, -2.45995345e-19, -7.16669444e-18, -0.550268453, 1.14377469, 
        -0.593506236, 8.70220068e-18, 0, 0, 0, 0, 0, 0.698132, -0.349066, -0.087266, 
        -1.396263, 0, 0, 0, 0.698132, 0.349066, 0.087266, -1.396263, 0, 0, 
        0 ]
      ikLinks: 
        - 
          name: WAIST
          index: 0
          isBaseLink: true
          translation: [ -0.02, 0, 0.9 ]
          rotation: [ 
            1, -7.22223729e-34, -3.33066907e-16, 
            1.44444746e-34, 1, 0, 
            3.33066907e-16, -7.96823502e-35, 1 ]
        - 
          name: LARM_JOINT6
          index: 12
          translation: [ -0.0362930225, 0.342278723, 0.841838074 ]
          rotation: [ 
            0.730689996, 0.152245103, -0.665517511, 
            -0.322602529, 0.936116794, -0.140046267, 
            0.601680761, 0.317028039, 0.733125832 ]
        - 
          name: RARM_JOINT6
          index: 19
          translation: [ -0.0362930225, -0.342278723, 0.841838074 ]
          rotation: [ 
            0.730689996, -0.152245103, -0.665517511, 
            0.322602529, 0.936116794, 0.140046267, 
            0.601680761, -0.317028039, 0.733125832 ]
        - 
          name: LLEG_JOINT5
          index: 25
          translation: [ -0.0450003217, 0.1, 0.103500077 ]
          rotation: [ 
            1, 2.45995371e-19, 2.99995589e-09, 
            -2.45995367e-19, 1, -1.53550624e-18, 
            -2.99995589e-09, 1.53550624e-18, 1 ]
          isTouching: true
          partingDirection: [ 0, 0, 1 ]
        - 
          name: RLEG_JOINT5
          index: 31
          translation: [ -0.0450003217, -0.1, 0.103500077 ]
          rotation: [ 
            1, 2.39238293e-19, 2.99995595e-09, 
            -2.39238288e-19, 1, -1.43356627e-18, 
            -2.99995595e-09, 1.43356627e-18, 1 ]
          isTouching: true
          partingDirection: [ 0, 0, 1 ]
  - 
    time: 1.626
    refer: 
      type: Pose
      name: ""
      joints: [ 
        0, 1, 2, 3, 4, 5, 6, 7, 8, 9, 
        10, 11, 12, 13, 14, 15, 16, 17, 18, 19, 
        20, 21, 22, 23, 24, 25, 26, 27, 28, 29, 
        30 ]
      q: [ 
        -1.41664576e-19, -3.05703668e-18, -0.45002596, 0.945831409, -0.495805446, 3.85194225e-18, 2.72554395e-19, 7.74494673e-18, -0.450024262, 0.945828144, 
        -0.495803877, -9.56162351e-18, 0, 0, 0, 0, 0, 0.698132, -0.349066, -0.087266, 
        -1.396263, 0, 0, 0, 0.698132, 0.349066, 0.087266, -1.396263, 0, 0, 
        0 ]
      ikLinks: 
        - 
          name: WAIST
          index: 0
          isBaseLink: true
          translation: [ -0.02, 0, 0.975 ]
          rotation: [ 
            1, 6.98149605e-34, -2.22044605e-16, 
            -5.0555661e-34, 1, -3.85185989e-34, 
            2.22044605e-16, -3.14558548e-35, 1 ]
        - 
          name: LARM_JOINT6
          index: 12
          translation: [ -0.0362930225, 0.342278723, 0.916838074 ]
          rotation: [ 
            0.730689996, 0.152245103, -0.665517511, 
            -0.322602529, 0.936116794, -0.140046267, 
            0.601680761, 0.317028039, 0.733125832 ]
        - 
          name: RARM_JOINT6
          index: 19
          translation: [ -0.0362930225, -0.342278723, 0.916838074 ]
          rotation: [ 
            0.730689996, -0.152245103, -0.665517511, 
            0.322602529, 0.936116794, 0.140046267, 
            0.601680761, -0.317028039, 0.733125832 ]
        - 
          name: LLEG_JOINT5
          index: 25
          translation: [ -0.0450003504, 0.1, 0.139999489 ]
          rotation: [ 
            1, -2.72554434e-19, 3.99995942e-09, 
            2.72554426e-19, 1, 1.81667679e-18, 
            -3.99995942e-09, -1.81667678e-18, 1 ]
        - 
          name: RLEG_JOINT5
          index: 31
          translation: [ -0.0450003213, -0.1, 0.140000068 ]
          rotation: [ 
            1, 1.41664588e-19, 2.99995917e-09, 
            -1.41664585e-19, 1, -7.9490557e-19, 
            -2.99995917e-09, 7.9490557e-19, 1 ]
  - 
    time: 1.75
    refer: 
      type: Pose
      name: ""
      joints: [ 
        0, 1, 2, 3, 4, 5, 6, 7, 8, 9, 
        10, 11, 12, 13, 14, 15, 16, 17, 18, 19, 
        20, 21, 22, 23, 24, 25, 26, 27, 28, 29, 
        30 ]
      q: [ 
        -4.85873777e-19, -1.40352157e-17, -0.550268453, 1.14377469, -0.593506236, 1.70469628e-17, -4.9768803e-19, -1.4420153e-17, -0.550268453, 1.14377469, 
        -0.593506236, 1.75143979e-17, 0, 0, 0, 0, 0, 0.698132, -0.349066, -0.087266, 
        -1.396263, 0, 0, 0, 0.698132, 0.349066, 0.087266, -1.396263, 0, 0, 
        0 ]
      ikLinks: 
        - 
          name: WAIST
          index: 0
          isBaseLink: true
          translation: [ -0.02, 0, 0.9 ]
          rotation: [ 
            1, -9.62964972e-35, -2.77555756e-16, 
            1.54074396e-33, 1, -3.08148791e-33, 
            2.77555756e-16, -1.34857064e-34, 1 ]
        - 
          name: LARM_JOINT6
          index: 12
          translation: [ -0.0362930225, 0.342278723, 0.841838074 ]
          rotation: [ 
            0.730689996, 0.152245103, -0.665517511, 
            -0.322602529, 0.936116794, -0.140046267, 
            0.601680761, 0.317028039, 0.733125832 ]
        - 
          name: RARM_JOINT6
          index: 19
          translation: [ -0.0362930225, -0.342278723, 0.841838074 ]
          rotation: [ 
            0.730689996, -0.152245103, -0.665517511, 
            0.322602529, 0.936116794, 0.140046267, 
            0.601680761, -0.317028039, 0.733125832 ]
        - 
          name: LLEG_JOINT5
          index: 25
          translation: [ -0.0450003217, 0.1, 0.103500077 ]
          rotation: [ 
            1, 4.97688083e-19, 2.99995551e-09, 
            -4.97688073e-19, 1, -3.0942449e-18, 
            -2.99995551e-09, 3.0942449e-18, 1 ]
          isTouching: true
          partingDirection: [ 0, 0, 1 ]
        - 
          name: RLEG_JOINT5
          index: 31
          translation: [ -0.0450003217, -0.1, 0.103500077 ]
          rotation: [ 
            1, 4.85873828e-19, 2.99995562e-09, 
            -4.85873819e-19, 1, -3.01174713e-18, 
            -2.99995562e-09, 3.01174713e-18, 1 ]
          isTouching: true
          partingDirection: [ 0, 0, 1 ]
  - 
    time: 2.1
    refer: 
      type: Pose
      name: ""
      joints: [ 
        0, 1, 2, 3, 4, 5, 6, 7, 8, 9, 
        10, 11, 12, 13, 14, 15, 16, 17, 18, 19, 
        20, 21, 22, 23, 24, 25, 26, 27, 28, 29, 
        30 ]
      q: [ 
        -6.12272309e-07, 7.02890645e-09, -1.02848296, 1.95776872, -0.929455844, 1.75139583e-08, -6.08099763e-07, 6.98049053e-09, -1.02848296, 1.95776872, 
        -0.929455844, 1.91918309e-08, -3.28678554e-05, 0, 0.000108645879, 5.30235365e-05, 0.00328566667, 0.704197886, -0.34985285, -0.0867770556, 
        -1.39420616, 6.13345455e-05, 0.000528746502, 2.37059821e-05, 0.704168753, 0.349849667, 0.0867443478, -1.39420058, -8.53761772e-05, 0.000528474775, 
        -2.38604177e-05 ]
      ikLinks: 
        - 
          name: WAIST
          index: 0
          isBaseLink: true
          translation: [ -0.05, 1.38777878e-17, 0.68 ]
          rotation: [ 
            1, -1.05879118e-22, 8.47572838e-17, 
            1.05879118e-22, 1, 3.38316871e-22, 
            -2.22044605e-16, -2.25526165e-22, 1 ]
        - 
          name: LARM_JOINT6
          index: 12
          translation: [ -0.0692533614, 0.34259001, 0.621720564 ]
          rotation: [ 
            0.73586314, 0.155013979, -0.659148015, 
            -0.323033919, 0.935895086, -0.140532826, 
            0.595108835, 0.316340093, 0.73876547 ]
        - 
          name: RARM_JOINT6
          index: 19
          translation: [ -0.0691887203, -0.342613056, 0.621747812 ]
          rotation: [ 
            0.735810724, -0.155185234, -0.659166232, 
            0.323208742, 0.935844587, 0.140467143, 
            0.595078723, -0.316405519, 0.738761708 ]
        - 
          name: LLEG_JOINT5
          index: 25
          translation: [ -0.0450006357, 0.1, 0.1035123 ]
          rotation: [ 
            0.999999986, 6.08096499e-07, -0.000170083999, 
            -6.08100941e-07, 1, -2.60688933e-08, 
            0.000170083999, 2.61723211e-08, 0.999999986 ]
          isTouching: true
          partingDirection: [ 0, 0, 1 ]
        - 
          name: RLEG_JOINT5
          index: 31
          translation: [ -0.0450006352, -0.1, 0.1035123 ]
          rotation: [ 
            0.999999986, 6.1226933e-07, -0.000170084999, 
            -6.12273495e-07, 1, -2.44387263e-08, 
            0.000170084999, 2.45428645e-08, 0.999999986 ]
          isTouching: true
          partingDirection: [ 0, 0, 1 ]
  - 
    time: 2.3
    refer: 
      type: Pose
      name: ""
      joints: [ 
        0, 1, 2, 3, 4, 5, 6, 7, 8, 9, 
        10, 11, 12, 13, 14, 15, 16, 17, 18, 19, 
        20, 21, 22, 23, 24, 25, 26, 27, 28, 29, 
        30 ]
      q: [ 
        -6.12272309e-07, 7.02890645e-09, -1.02848296, 1.95776872, -0.929455844, 1.75139583e-08, -6.08099763e-07, 6.98049053e-09, -1.02848296, 1.95776872, 
        -0.929455844, 1.91918309e-08, -3.28678554e-05, 0, 0.000108645879, 5.30235365e-05, 0.00328566667, 0.704197886, -0.34985285, -0.0867770556, 
        -1.39420616, 6.13345455e-05, 0.000528746502, 2.37059821e-05, 0.704168753, 0.349849667, 0.0867443478, -1.39420058, -8.53761772e-05, 0.000528474775, 
        -2.38604177e-05 ]
      ikLinks: 
        - 
          name: WAIST
          index: 0
          isBaseLink: true
          translation: [ -0.05, 1.38777878e-17, 0.68 ]
          rotation: [ 
            1, -1.05879118e-22, 8.47572838e-17, 
            1.05879118e-22, 1, 3.38316871e-22, 
            -2.22044605e-16, -2.25526165e-22, 1 ]
        - 
          name: LARM_JOINT6
          index: 12
          translation: [ -0.0692533614, 0.34259001, 0.621720564 ]
          rotation: [ 
            0.73586314, 0.155013979, -0.659148015, 
            -0.323033919, 0.935895086, -0.140532826, 
            0.595108835, 0.316340093, 0.73876547 ]
        - 
          name: RARM_JOINT6
          index: 19
          translation: [ -0.0691887203, -0.342613056, 0.621747812 ]
          rotation: [ 
            0.735810724, -0.155185234, -0.659166232, 
            0.323208742, 0.935844587, 0.140467143, 
            0.595078723, -0.316405519, 0.738761708 ]
        - 
          name: LLEG_JOINT5
          index: 25
          translation: [ -0.0450006357, 0.1, 0.1035123 ]
          rotation: [ 
            0.999999986, 6.08096499e-07, -0.000170083999, 
            -6.08100941e-07, 1, -2.60688933e-08, 
            0.000170083999, 2.61723211e-08, 0.999999986 ]
          isTouching: true
          partingDirection: [ 0, 0, 1 ]
        - 
          name: RLEG_JOINT5
          index: 31
          translation: [ -0.0450006352, -0.1, 0.1035123 ]
          rotation: [ 
            0.999999986, 6.1226933e-07, -0.000170084999, 
            -6.12273495e-07, 1, -2.44387263e-08, 
            0.000170084999, 2.45428645e-08, 0.999999986 ]
          isTouching: true
          partingDirection: [ 0, 0, 1 ]
