# Body pose sequence format version 1.0 defined by cnoid-Robotics

type: PoseSeq
name: "jump-300msec"
targetBody: "JAXON_BLUE"
refs: 
  - 
    time: 0
    refer: 
      type: Pose
      name: ""
      joints: [ 
        0, 1, 2, 3, 4, 5, 6, 7, 8, 9, 
        10, 11, 12, 13, 14, 15, 16, 17, 18, 19, 
        20, 21, 22, 23, 24, 25, 26, 27, 28, 29, 
        30 ]
      q: [ 
        6.46044284e-21, 1.72215893e-19, -0.272453752, 0.681396503, -0.408942752, -2.18174205e-19, 6.46044284e-21, 1.72215893e-19, -0.272453752, 0.681396503, 
        -0.408942752, -2.18174205e-19, 0, 0, 0, 0, 0, 0.698132, -0.349066, -0.087266, 
        -1.396263, 0, 0, 0, 0.698132, 0.349066, 0.087266, -1.396263, 0, 0, 
        0 ]
      ikLinks: 
        - 
          name: WAIST
          index: 0
          isBaseLink: true
          translation: [ 0.05, 0, 0.9775 ]
          rotation: [ 
            1, 0, -1.66533454e-16, 
            0, 1, 0, 
            1.66533454e-16, 0, 1 ]
        - 
          name: LARM_JOINT6
          index: 12
          translation: [ 0.0337069775, 0.342278723, 0.919338074 ]
          rotation: [ 
            0.730689996, 0.152245103, -0.665517511, 
            -0.322602529, 0.936116794, -0.140046267, 
            0.601680761, 0.317028039, 0.733125832 ]
        - 
          name: RARM_JOINT6
          index: 19
          translation: [ 0.0337069775, -0.342278723, 0.919338074 ]
          rotation: [ 
            0.730689996, -0.152245103, -0.665517511, 
            0.322602529, 0.936116794, 0.140046267, 
            0.601680761, -0.317028039, 0.733125832 ]
        - 
          name: LLEG_JOINT5
          index: 25
          translation: [ -0.00679950774, 0.1, 0.103500173 ]
          rotation: [ 
            1, -6.46044284e-21, 5.96189764e-14, 
            6.46044284e-21, 1, 4.5958312e-20, 
            -5.96189764e-14, -4.5958312e-20, 1 ]
          isTouching: true
          partingDirection: [ 0, 0, 1 ]
        - 
          name: RLEG_JOINT5
          index: 31
          translation: [ -0.00679950774, -0.1, 0.103500173 ]
          rotation: [ 
            1, -6.46044284e-21, 5.96189764e-14, 
            6.46044284e-21, 1, 4.5958312e-20, 
            -5.96189764e-14, -4.5958312e-20, 1 ]
          isTouching: true
          partingDirection: [ 0, 0, 1 ]
  - 
    time: 1
    refer: 
      type: Pose
      name: ""
      joints: [ 
        0, 1, 2, 3, 4, 5, 6, 7, 8, 9, 
        10, 11, 12, 13, 14, 15, 16, 17, 18, 19, 
        20, 21, 22, 23, 24, 25, 26, 27, 28, 29, 
        30 ]
      q: [ 
        -3.91718717e-20, -1.13282108e-18, -0.497075116, 1.13435661, -0.637281491, 1.37396675e-18, -3.91724221e-20, -1.13294159e-18, -0.497075116, 1.13435661, 
        -0.637281491, 1.37411304e-18, 0, 0, 0, 0, 0, 0.698132, -0.349066, -0.087266, 
        -1.396263, 0, 0, 0, 0.698132, 0.349066, 0.087266, -1.396263, 0, 0, 
        0 ]
      ikLinks: 
        - 
          name: WAIST
          index: 0
          isBaseLink: true
          translation: [ 0.05, 0, 0.9 ]
          rotation: [ 
            1, 7.75826272e-37, -1.11022302e-16, 
            -7.75826272e-37, 1, 1.50463277e-36, 
            1.11022302e-16, -1.50463277e-36, 1 ]
        - 
          name: LARM_JOINT6
          index: 12
          translation: [ 0.0337069775, 0.342278723, 0.841838074 ]
          rotation: [ 
            0.730689996, 0.152245103, -0.665517511, 
            -0.322602529, 0.936116794, -0.140046267, 
            0.601680761, 0.317028039, 0.733125832 ]
        - 
          name: RARM_JOINT6
          index: 19
          translation: [ 0.0337069775, -0.342278723, 0.841838074 ]
          rotation: [ 
            0.730689996, -0.152245103, -0.665517511, 
            0.322602529, 0.936116794, 0.140046267, 
            0.601680761, -0.317028039, 0.733125832 ]
        - 
          name: LLEG_JOINT5
          index: 25
          translation: [ -0.00679956042, 0.1, 0.103500684 ]
          rotation: [ 
            1, 3.91724207e-20, -9.9992975e-10, 
            -3.9172421e-20, 1, -2.41171454e-19, 
            9.9992975e-10, 2.41171454e-19, 1 ]
          isTouching: true
          partingDirection: [ 0, 0, 1 ]
        - 
          name: RLEG_JOINT5
          index: 31
          translation: [ -0.00679956042, -0.1, 0.103500684 ]
          rotation: [ 
            1, 3.91718703e-20, -9.9992975e-10, 
            -3.91718705e-20, 1, -2.41145673e-19, 
            9.9992975e-10, 2.41145673e-19, 1 ]
          isTouching: true
          partingDirection: [ 0, 0, 1 ]
  - 
    time: 1.15
    refer: 
      type: Pose
      name: ""
      joints: [ 
        0, 1, 2, 3, 4, 5, 6, 7, 8, 9, 
        10, 11, 12, 13, 14, 15, 16, 17, 18, 19, 
        20, 21, 22, 23, 24, 25, 26, 27, 28, 29, 
        30 ]
      q: [ 
        -3.91718717e-20, -1.13282108e-18, -0.497075116, 1.13435661, -0.637281491, 1.37396675e-18, -3.91724221e-20, -1.13294159e-18, -0.497075116, 1.13435661, 
        -0.637281491, 1.37411304e-18, 0, 0, 0, 0, 0, 0.698132, -0.349066, -0.087266, 
        -1.396263, 0, 0, 0, 0.698132, 0.349066, 0.087266, -1.396263, 0, 0, 
        0 ]
      ikLinks: 
        - 
          name: WAIST
          index: 0
          isBaseLink: true
          translation: [ 0.0499995616, 0, 0.999999315 ]
          rotation: [ 
            1, 1.62500339e-34, -5.55111512e-17, 
            -2.40741243e-34, 1, -1.92592994e-34, 
            5.55111512e-17, -1.94767501e-34, 1 ]
        - 
          name: LARM_JOINT6
          index: 12
          translation: [ 0.0337065391, 0.342278723, 0.941837389 ]
          rotation: [ 
            0.730689996, 0.152245103, -0.665517511, 
            -0.322602529, 0.936116794, -0.140046267, 
            0.601680761, 0.317028039, 0.733125832 ]
        - 
          name: RARM_JOINT6
          index: 19
          translation: [ 0.0337065391, -0.342278723, 0.941837389 ]
          rotation: [ 
            0.730689996, -0.152245103, -0.665517511, 
            0.322602529, 0.936116794, 0.140046267, 
            0.601680761, -0.317028039, 0.733125832 ]
        - 
          name: LLEG_JOINT5
          index: 25
          translation: [ -0.0068, 0.1, 0.2035 ]
          rotation: [ 
            1, 3.91724262e-20, 3.00000003e-09, 
            -3.91724255e-20, 1, -2.4117145e-19, 
            -3.00000003e-09, 2.4117145e-19, 1 ]
        - 
          name: RLEG_JOINT5
          index: 31
          translation: [ -0.0068, -0.1, 0.2035 ]
          rotation: [ 
            1, 3.91718758e-20, 2.99999992e-09, 
            -3.91718751e-20, 1, -2.4114567e-19, 
            -2.99999992e-09, 2.4114567e-19, 1 ]
  - 
    time: 1.3
    refer: 
      type: Pose
      name: ""
      joints: [ 
        0, 1, 2, 3, 4, 5, 6, 7, 8, 9, 
        10, 11, 12, 13, 14, 15, 16, 17, 18, 19, 
        20, 21, 22, 23, 24, 25, 26, 27, 28, 29, 
        30 ]
      q: [ 
        -5.68585554e-20, -1.70757881e-18, -0.497074506, 1.13435522, -0.637280711, 2.07529877e-18, -5.68585554e-20, -1.70757881e-18, -0.497074506, 1.13435522, 
        -0.637280711, 2.07529877e-18, 0, 0, 0, 0, 0, 0.698132, -0.349066, -0.087266, 
        -1.396263, 0, 0, 0, 0.698132, 0.349066, 0.087266, -1.396263, 0, 0, 
        0 ]
      ikLinks: 
        - 
          name: WAIST
          index: 0
          isBaseLink: true
          translation: [ 0.05, 0, 0.9 ]
          rotation: [ 
            1, -3.71456215e-36, -3.33066907e-16, 
            3.71456215e-36, 1, 0, 
            3.33066907e-16, -1.23719773e-51, 1 ]
        - 
          name: LARM_JOINT6
          index: 12
          translation: [ 0.0337069775, 0.342278723, 0.841838074 ]
          rotation: [ 
            0.730689996, 0.152245103, -0.665517511, 
            -0.322602529, 0.936116794, -0.140046267, 
            0.601680761, 0.317028039, 0.733125832 ]
        - 
          name: RARM_JOINT6
          index: 19
          translation: [ 0.0337069775, -0.342278723, 0.841838074 ]
          rotation: [ 
            0.730689996, -0.152245103, -0.665517511, 
            0.322602529, 0.936116794, 0.140046267, 
            0.601680761, -0.317028039, 0.733125832 ]
        - 
          name: LLEG_JOINT5
          index: 25
          translation: [ -0.0067995134, 0.1, 0.103500388 ]
          rotation: [ 
            1, 5.68585533e-20, -9.99929861e-10, 
            -5.68585537e-20, 1, -3.67719966e-19, 
            9.99929861e-10, 3.67719966e-19, 1 ]
          isTouching: true
          partingDirection: [ 0, 0, 1 ]
        - 
          name: RLEG_JOINT5
          index: 31
          translation: [ -0.0067995134, -0.1, 0.103500388 ]
          rotation: [ 
            1, 5.68585533e-20, -9.99929861e-10, 
            -5.68585537e-20, 1, -3.67719966e-19, 
            9.99929861e-10, 3.67719966e-19, 1 ]
          isTouching: true
          partingDirection: [ 0, 0, 1 ]
  - 
    time: 1.85
    refer: 
      type: Pose
      name: ""
      joints: [ 
        0, 1, 2, 3, 4, 5, 6, 7, 8, 9, 
        10, 11, 12, 13, 14, 15, 16, 17, 18, 19, 
        20, 21, 22, 23, 24, 25, 26, 27, 28, 29, 
        30 ]
      q: [ 
        5.02121207e-20, 4.5712278e-19, -0.697207064, 1.5482584, -0.85105134, -6.18846925e-19, 5.02121207e-20, 4.5712278e-19, -0.697207064, 1.5482584, 
        -0.85105134, -6.18846925e-19, 0, 0, 0, 0, 0, 0.698132, -0.349066, -0.087266, 
        -1.396263, 0, 0, 0, 0.698132, 0.349066, 0.087266, -1.396263, 0, 0, 
        0 ]
      ikLinks: 
        - 
          name: WAIST
          index: 0
          isBaseLink: true
          translation: [ 0.05, 0, 0.7995 ]
          rotation: [ 
            1, -1.10590509e-34, -1.11022302e-16, 
            1.10590509e-34, 1, 0, 
            1.11022302e-16, -1.22780129e-50, 1 ]
        - 
          name: LARM_JOINT6
          index: 12
          translation: [ 0.0337069775, 0.342278723, 0.741338074 ]
          rotation: [ 
            0.730689996, 0.152245103, -0.665517511, 
            -0.322602529, 0.936116794, -0.140046267, 
            0.601680761, 0.317028039, 0.733125832 ]
        - 
          name: RARM_JOINT6
          index: 19
          translation: [ 0.0337069775, -0.342278723, 0.741338074 ]
          rotation: [ 
            0.730689996, -0.152245103, -0.665517511, 
            0.322602529, 0.936116794, 0.140046267, 
            0.601680761, -0.317028039, 0.733125832 ]
        - 
          name: LLEG_JOINT5
          index: 25
          translation: [ -0.00679951411, 0.1, 0.103500213 ]
          rotation: [ 
            1, -5.02121207e-20, 8.47655279e-14, 
            5.02121207e-20, 1, 1.61724145e-19, 
            -8.47655279e-14, -1.61724145e-19, 1 ]
          isTouching: true
          partingDirection: [ 0, 0, 1 ]
        - 
          name: RLEG_JOINT5
          index: 31
          translation: [ -0.00679951411, -0.1, 0.103500213 ]
          rotation: [ 
            1, -5.02121207e-20, 8.47655279e-14, 
            5.02121207e-20, 1, 1.61724145e-19, 
            -8.47655279e-14, -1.61724145e-19, 1 ]
          isTouching: true
          partingDirection: [ 0, 0, 1 ]
