# Body pose sequence format version 1.0 defined by cnoid-Robotics

type: PoseSeq
name: "jump-toe-takeoff-200msec"
targetBody: "JAXON_BLUE"
refs: 
  - 
    time: 0
    refer: 
      type: Pose
      name: ""
      joints: [ 
        0, 1, 2, 3, 4, 5, 6, 7, 8, 9, 
        10, 11, 12, 13, 14, 15, 16, 17, 18, 19, 
        20, 21, 22, 23, 24, 25, 26, 27, 28, 29, 
        30 ]
      q: [ 
        1.90226153e-19, 4.6590047e-18, -0.291687718, 0.687644268, -0.395956552, -5.90674691e-18, 1.9399532e-19, 4.75821124e-18, -0.291687718, 0.687644268, 
        -0.395956552, -6.03253236e-18, 0, 0, 0, 0, 0, 0.698132, -0.349066, -0.087266, 
        -1.396263, 0, 0, 0, 0.698132, 0.349066, 0.087266, -1.396263, 0, 0, 
        0 ]
      ikLinks: 
        - 
          name: WAIST
          index: 0
          isBaseLink: true
          translation: [ 1.18237484e-07, 0, 0.996999985 ]
          rotation: [ 
            1, 4.81482486e-34, -3.33066907e-16, 
            7.22223729e-35, 1, 2.31111593e-33, 
            3.33066907e-16, -2.24650251e-33, 1 ]
        - 
          name: LARM_JOINT6
          index: 12
          translation: [ -0.0162929043, 0.342278723, 0.938838059 ]
          rotation: [ 
            0.730689996, 0.152245103, -0.665517511, 
            -0.322602529, 0.936116794, -0.140046267, 
            0.601680761, 0.317028039, 0.733125832 ]
        - 
          name: RARM_JOINT6
          index: 19
          translation: [ -0.0162929043, -0.342278723, 0.938838059 ]
          rotation: [ 
            0.730689996, -0.152245103, -0.665517511, 
            0.322602529, 0.936116794, 0.140046267, 
            0.601680761, -0.317028039, 0.733125832 ]
        - 
          name: LLEG_JOINT5
          index: 25
          translation: [ -0.045, 0.1, 0.123 ]
          rotation: [ 
            1, -1.93995308e-19, -2.00000033e-09, 
            1.9399531e-19, 1, 1.27432112e-18, 
            2.00000033e-09, -1.27432112e-18, 1 ]
          isTouching: true
          partingDirection: [ 0, 0, 1 ]
        - 
          name: RLEG_JOINT5
          index: 31
          translation: [ -0.045, -0.1, 0.123 ]
          rotation: [ 
            1, -1.90226141e-19, -2.00000033e-09, 
            1.90226144e-19, 1, 1.24774221e-18, 
            2.00000033e-09, -1.24774221e-18, 1 ]
          isTouching: true
          partingDirection: [ 0, 0, 1 ]
  - 
    time: 0.2
    refer: 
      type: Pose
      name: ""
      joints: [ 
        0, 1, 2, 3, 4, 5, 6, 7, 8, 9, 
        10, 11, 12, 13, 14, 15, 16, 17, 18, 19, 
        20, 21, 22, 23, 24, 25, 26, 27, 28, 29, 
        30 ]
      q: [ 
        1.90226153e-19, 4.6590047e-18, -0.291687718, 0.687644268, -0.395956552, -5.90674691e-18, 1.9399532e-19, 4.75821124e-18, -0.291687718, 0.687644268, 
        -0.395956552, -6.03253236e-18, 0, 0, 0, 0, 0, 0.698132, -0.349066, -0.087266, 
        -1.396263, 0, 0, 0, 0.698132, 0.349066, 0.087266, -1.396263, 0, 0, 
        0 ]
      ikLinks: 
        - 
          name: WAIST
          index: 0
          isBaseLink: true
          translation: [ 1.18237484e-07, 0, 0.996999985 ]
          rotation: [ 
            1, 4.81482486e-34, -3.33066907e-16, 
            7.22223729e-35, 1, 2.31111593e-33, 
            3.33066907e-16, -2.24650251e-33, 1 ]
        - 
          name: LARM_JOINT6
          index: 12
          translation: [ -0.0162929043, 0.342278723, 0.938838059 ]
          rotation: [ 
            0.730689996, 0.152245103, -0.665517511, 
            -0.322602529, 0.936116794, -0.140046267, 
            0.601680761, 0.317028039, 0.733125832 ]
        - 
          name: RARM_JOINT6
          index: 19
          translation: [ -0.0162929043, -0.342278723, 0.938838059 ]
          rotation: [ 
            0.730689996, -0.152245103, -0.665517511, 
            0.322602529, 0.936116794, 0.140046267, 
            0.601680761, -0.317028039, 0.733125832 ]
        - 
          name: LLEG_JOINT5
          index: 25
          translation: [ -0.045, 0.1, 0.123 ]
          rotation: [ 
            1, -1.93995308e-19, -2.00000033e-09, 
            1.9399531e-19, 1, 1.27432112e-18, 
            2.00000033e-09, -1.27432112e-18, 1 ]
          isTouching: true
          partingDirection: [ 0, 0, 1 ]
        - 
          name: RLEG_JOINT5
          index: 31
          translation: [ -0.045, -0.1, 0.123 ]
          rotation: [ 
            1, -1.90226141e-19, -2.00000033e-09, 
            1.90226144e-19, 1, 1.24774221e-18, 
            2.00000033e-09, -1.24774221e-18, 1 ]
          isTouching: true
          partingDirection: [ 0, 0, 1 ]
  - 
    time: 1.3
    refer: 
      type: Pose
      name: ""
      joints: [ 
        12, 13, 14, 15, 16, 17, 18, 19, 20, 21, 
        22, 23, 24, 25, 26, 27, 28, 29, 30 ]
      q: [ 
        0, 0, 0, 0, 0, 0.698132, -0.349066, -0.087266, -1.396263, 0, 
        0, 0, 0.698132, 0.349066, 0.087266, -1.396263, 0, 0, 0 ]
      ikLinks: 
        - 
          name: WAIST
          index: 0
          isBaseLink: true
          translation: [ 0.02, 0, 0.78 ]
          rotation: [ 
            1, -3.85185989e-32, 3.56322583e-35, 
            3.59185935e-32, 1, 7.39557099e-32, 
            -4.13584631e-50, -7.39557099e-32, 1 ]
        - 
          name: LARM_JOINT6
          index: 12
          translation: [ 0.00370697748, 0.342278723, 0.721838074 ]
          rotation: [ 
            0.730689996, 0.152245103, -0.665517511, 
            -0.322602529, 0.936116794, -0.140046267, 
            0.601680761, 0.317028039, 0.733125832 ]
        - 
          name: RARM_JOINT6
          index: 19
          translation: [ 0.00370697748, -0.342278723, 0.721838074 ]
          rotation: [ 
            0.730689996, -0.152245103, -0.665517511, 
            0.322602529, 0.936116794, 0.140046267, 
            0.601680761, -0.317028039, 0.733125832 ]
  - 
    time: 1.35
    refer: 
      type: Pose
      name: ""
      joints: [ 
        0, 1, 2, 3, 4, 5, 6, 7, 8, 9, 
        10, 11 ]
      q: [ 
        -5.55453943e-19, 1.55985949e-17, -0.680871026, 1.54494537, -0.864074348, -1.66272389e-17, -5.93543493e-19, 1.45705898e-17, -0.680871026, 1.54494537, 
        -0.864074348, -1.53648533e-17 ]
      ikLinks: 
        - 
          name: LLEG_JOINT5
          index: 25
          translation: [ -0.045, 0.1, 0.123 ]
          rotation: [ 
            1, 5.93543539e-19, -2.99984854e-09, 
            -5.93543537e-19, 1, 7.94263517e-19, 
            2.99984854e-09, -7.94263515e-19, 1 ]
          isTouching: true
          partingDirection: [ 0, 0, 1 ]
        - 
          name: RLEG_JOINT5
          index: 31
          translation: [ -0.045, -0.1, 0.123 ]
          rotation: [ 
            1, 5.55453993e-19, -2.99984876e-09, 
            -5.5545399e-19, 1, 1.02864409e-18, 
            2.99984876e-09, -1.02864409e-18, 1 ]
          isTouching: true
          partingDirection: [ 0, 0, 1 ]
  - 
    time: 1.5
    refer: 
      type: Pose
      name: ""
      joints: [ 
        0, 1, 2, 3, 4, 5, 6, 7, 8, 9, 
        10, 11, 12, 13, 14, 15, 16, 17, 18, 19, 
        20, 21, 22, 23, 24, 25, 26, 27, 28, 29, 
        30 ]
      q: [ 
        2.63567626e-18, -5.19142054e-18, -0.627210394, 1.31203989, -0.423893964, 7.74121108e-18, 3.45815639e-18, -3.82836553e-18, -0.627683781, 1.31298277, 
        -0.422618295, 8.47320374e-18, 0, 0, 0, 0, 0, 0.698132, -0.349066, -0.087266, 
        -1.396263, 0, 0, 0, 0.698132, 0.349066, 0.087266, -1.396263, 0, 0, 
        0 ]
      ikLinks: 
        - 
          name: WAIST
          index: 0
          isBaseLink: true
          translation: [ 0.0199985984, 0, 0.919960113 ]
          rotation: [ 
            1, 3.08148791e-33, 7.21644966e-16, 
            -3.4666739e-33, 1, 7.70371978e-33, 
            -7.21644966e-16, -7.11779302e-33, 1 ]
        - 
          name: LARM_JOINT6
          index: 12
          translation: [ 0.00370557586, 0.342278723, 0.861798187 ]
          rotation: [ 
            0.730689996, 0.152245103, -0.665517511, 
            -0.322602529, 0.936116794, -0.140046267, 
            0.601680761, 0.317028039, 0.733125832 ]
        - 
          name: RARM_JOINT6
          index: 19
          translation: [ 0.00370557586, -0.342278723, 0.861798187 ]
          rotation: [ 
            0.730689996, -0.152245103, -0.665517511, 
            0.322602529, 0.936116794, 0.140046267, 
            0.601680761, -0.317028039, 0.733125832 ]
        - 
          name: LLEG_JOINT5
          index: 25
          translation: [ -0.01, 0.1, 0.1617 ]
          rotation: [ 
            0.965697352, -1.2579177e-18, 0.259670221, 
            2.34541995e-18, 1, -3.87818105e-18, 
            -0.259670221, 4.35418489e-18, 0.965697352 ]
          isTouching: true
          partingDirection: [ 0, 0, 1 ]
        - 
          name: RLEG_JOINT5
          index: 31
          translation: [ -0.0100001977, -0.1, 0.161475568 ]
          rotation: [ 
            0.966149048, -6.38563573e-19, 0.257984528, 
            1.20714993e-18, 1, -2.04556137e-18, 
            -0.257984528, 2.28774318e-18, 0.966149048 ]
          isTouching: true
          partingDirection: [ 0, 0, 1 ]
  - 
    time: 1.57
    refer: 
      type: Pose
      name: ""
      joints: [ 
        0, 1, 2, 3, 4, 5, 6, 7, 8, 9, 
        10, 11 ]
      q: [ 
        2.88365238e-13, -2.3382591e-12, -0.534227764, 1.13484912, -0.477916017, 2.35597333e-12, 2.88366052e-13, -2.33825995e-12, -0.534227764, 1.13484912, 
        -0.477915902, 2.35597449e-12 ]
      ikLinks: 
        - 
          name: LLEG_JOINT5
          index: 25
          translation: [ -0.0240002002, 0.1, 0.165000003 ]
          rotation: [ 
            0.992481126, -3.07979871e-20, 0.122397769, 
            6.35382171e-20, 1, -2.63587275e-19, 
            -0.122397769, 2.69382331e-19, 0.992481126 ]
        - 
          name: RLEG_JOINT5
          index: 31
          translation: [ -0.0240002002, -0.1, 0.165000003 ]
          rotation: [ 
            0.99248114, 3.72373145e-19, 0.122397655, 
            -3.69551878e-19, 1, -4.57514914e-20, 
            -0.122397655, 1.75209617e-22, 0.99248114 ]
  - 
    time: 1.6
    refer: 
      type: Pose
      name: ""
      ikLinks: 
        - 
          name: WAIST
          index: 0
          isBaseLink: true
          translation: [ 0.0049587471, 1.97160344e-12, 0.970048543 ]
          rotation: [ 
            1, 0, 3.33063492e-16, 
            -5.16987883e-26, 1, -1.13091099e-26, 
            -3.33066907e-16, -6.38478386e-26, 1 ]
  - 
    time: 1.62
    refer: 
      type: Pose
      name: ""
      joints: [ 
        0, 1, 2, 3, 4, 5, 6, 7, 8, 9, 
        10, 11 ]
      q: [ 
        -3.51579811e-13, -2.65850793e-12, -0.494893193, 1.0725325, -0.491236746, 1.4247431e-11, -3.92998893e-13, -2.66086786e-12, -0.494893193, 1.0725325, 
        -0.491236745, 1.42376744e-11 ]
      ikLinks: 
        - 
          name: LLEG_JOINT5
          index: 25
          translation: [ -0.0320002001, 0.1, 0.156000003 ]
          rotation: [ 
            0.99626962, 1.62164037e-12, 0.0862950956, 
            -6.21152704e-13, 1, -1.16206465e-11, 
            -0.0862950956, 1.15236946e-11, 0.99626962 ]
        - 
          name: RLEG_JOINT5
          index: 31
          translation: [ -0.0320002001, -0.1, 0.156000003 ]
          rotation: [ 
            0.99626962, 1.58106322e-12, 0.0862950948, 
            -5.79684479e-13, 1, -1.16291799e-11, 
            -0.0862950948, 1.15357747e-11, 0.99626962 ]
  - 
    time: 1.7
    refer: 
      type: Pose
      name: ""
      joints: [ 
        0, 1, 2, 3, 4, 5, 6, 7, 8, 9, 
        10, 11, 12, 13, 14, 15, 16, 17, 18, 19, 
        20, 21, 22, 23, 24, 25, 26, 27, 28, 29, 
        30 ]
      q: [ 
        -1.06616807e-19, -1.34547251e-18, -0.491528006, 1.13299778, -0.641469777, 1.63586188e-18, -2.66204208e-19, -2.2873747e-18, -0.491528006, 1.13299778, 
        -0.641469777, 2.78070173e-18, 0, 0, 0, 0, 0, 0.698132, -0.349066, -0.087266, 
        -1.396263, 0, 0, 0, 0.698132, 0.349066, 0.087266, -1.396263, 0, 0, 
        0 ]
      ikLinks: 
        - 
          name: WAIST
          index: 0
          isBaseLink: true
          translation: [ 0.0149995299, 0, 0.919499689 ]
          rotation: [ 
            1, 2.40741243e-34, -2.22044605e-16, 
            -2.40741243e-34, 1, -1.92592994e-33, 
            2.22044605e-16, 1.86682074e-33, 1 ]
        - 
          name: LARM_JOINT6
          index: 12
          translation: [ -0.00129349265, 0.342278723, 0.861337763 ]
          rotation: [ 
            0.730689996, 0.152245103, -0.665517511, 
            -0.322602529, 0.936116794, -0.140046267, 
            0.601680761, 0.317028039, 0.733125832 ]
        - 
          name: RARM_JOINT6
          index: 19
          translation: [ -0.00129349265, -0.342278723, 0.861337763 ]
          rotation: [ 
            0.730689996, -0.152245103, -0.665517511, 
            0.322602529, 0.936116794, 0.140046267, 
            0.601680761, -0.317028039, 0.733125832 ]
        - 
          name: LLEG_JOINT5
          index: 25
          translation: [ -0.045, 0.1, 0.123 ]
          rotation: [ 
            1, 2.662042e-19, -3.00000025e-09, 
            -2.66204201e-19, 1, -4.93327029e-19, 
            3.00000025e-09, 4.9332703e-19, 1 ]
          isTouching: true
          partingDirection: [ 0, 0, 1 ]
        - 
          name: RLEG_JOINT5
          index: 31
          translation: [ -0.045, -0.1, 0.123 ]
          rotation: [ 
            1, 1.06616802e-19, -3.00000025e-09, 
            -1.06616803e-19, 1, -2.9038937e-19, 
            3.00000025e-09, 2.9038937e-19, 1 ]
          isTouching: true
          partingDirection: [ 0, 0, 1 ]
  - 
    time: 2
    refer: 
      type: Pose
      name: ""
      joints: [ 
        0, 1, 2, 3, 4, 5, 6, 7, 8, 9, 
        10, 11, 12, 13, 14, 15, 16, 17, 18, 19, 
        20, 21, 22, 23, 24, 25, 26, 27, 28, 29, 
        30 ]
      q: [ 
        3.83850699e-17, 2.3861388e-16, -1.10466859, 1.72377021, -0.793460027, -2.37714007e-16, -2.43631174e-18, -9.5380374e-18, -1.10466859, 1.72377021, 
        -0.793460027, 1.57308637e-17, 0, 0, 0, 0, 0, 0.698132, -0.349066, -0.087266, 
        -1.396263, 0, 0, 0, 0.698132, 0.349066, 0.087266, -1.396263, 0, 0, 
        0 ]
      ikLinks: 
        - 
          name: WAIST
          index: 0
          isBaseLink: true
          translation: [ -0.0399993084, 0, 0.769497023 ]
          rotation: [ 
            0.984807753, 3.85185989e-34, 0.173648178, 
            -7.70371978e-34, 1, -1.54074396e-33, 
            -0.173648178, -7.22223729e-34, 0.984807753 ]
        - 
          name: LARM_JOINT6
          index: 12
          translation: [ -0.0661445157, 0.342278723, 0.715047961 ]
          rotation: [ 
            0.824069941, 0.204983499, -0.52810084, 
            -0.322602529, 0.936116794, -0.140046267, 
            0.465656891, 0.285774586, 0.837553906 ]
        - 
          name: RARM_JOINT6
          index: 19
          translation: [ -0.0661445157, -0.342278723, 0.715047961 ]
          rotation: [ 
            0.824069941, -0.204983499, -0.52810084, 
            0.322602529, 0.936116794, 0.140046267, 
            0.465656891, -0.285774586, 0.837553906 ]
        - 
          name: LLEG_JOINT5
          index: 25
          translation: [ -0.045, 0.1, 0.123 ]
          rotation: [ 
            0.999999985, 7.45781201e-19, 0.000174518529, 
            -7.44748971e-19, 1, -5.91479925e-18, 
            -0.000174518529, 5.91466919e-18, 0.999999985 ]
          isTouching: true
          partingDirection: [ 0, 0, 1 ]
        - 
          name: RLEG_JOINT5
          index: 31
          translation: [ -0.045, -0.1, 0.123 ]
          rotation: [ 
            0.999999985, 3.59146557e-18, 0.000174518529, 
            -3.59077786e-18, 1, -3.94091977e-18, 
            -0.000174518529, 3.94029306e-18, 0.999999985 ]
          isTouching: true
          partingDirection: [ 0, 0, 1 ]
  - 
    time: 2.3
    refer: 
      type: Pose
      name: ""
      joints: [ 
        0, 1, 2, 3, 4, 5, 6, 7, 8, 9, 
        10, 11, 12, 13, 14, 15, 16, 17, 18, 19, 
        20, 21, 22, 23, 24, 25, 26, 27, 28, 29, 
        30 ]
      q: [ 
        -1.71466567e-18, -4.1073109e-18, -1.1046659, 1.72376361, -0.794241517, 7.98886535e-18, -1.53965915e-18, -6.88121039e-18, -1.1046659, 1.72376361, 
        -0.794241517, 1.09404755e-17, 0, 0, 0, 0, 0, 0.698132, -0.349066, -0.087266, 
        -1.396263, 0, 0, 0, 0.698132, 0.349066, 0.087266, -1.396263, 0, 0, 
        0 ]
      ikLinks: 
        - 
          name: WAIST
          index: 0
          isBaseLink: true
          translation: [ -0.0399997941, 0, 0.769498958 ]
          rotation: [ 
            0.984807753, 5.77778983e-34, 0.173648178, 
            1.92592994e-34, 1, 3.08148791e-33, 
            -0.173648178, -1.30000271e-33, 0.984807753 ]
        - 
          name: LARM_JOINT6
          index: 12
          translation: [ -0.0661450015, 0.342278723, 0.715049896 ]
          rotation: [ 
            0.824069941, 0.204983499, -0.52810084, 
            -0.322602529, 0.936116794, -0.140046267, 
            0.465656891, 0.285774586, 0.837553906 ]
        - 
          name: RARM_JOINT6
          index: 19
          translation: [ -0.0661450015, -0.342278723, 0.715049896 ]
          rotation: [ 
            0.824069941, -0.204983499, -0.52810084, 
            0.322602529, 0.936116794, 0.140046267, 
            0.465656891, -0.285774586, 0.837553906 ]
        - 
          name: LLEG_JOINT5
          index: 25
          translation: [ -0.045, 0.1, 0.123 ]
          rotation: [ 
            0.999999813, 3.14675288e-19, -0.000610881432, 
            -3.17055495e-19, 1, -3.89625215e-18, 
            0.000610881432, 3.89644511e-18, 0.999999813 ]
          isTouching: true
          partingDirection: [ 0, 0, 1 ]
        - 
          name: RLEG_JOINT5
          index: 31
          translation: [ -0.045, -0.1, 0.123 ]
          rotation: [ 
            0.999999813, 9.70508742e-19, -0.000610881432, 
            -9.72735959e-19, 1, -3.64561013e-18, 
            0.000610881432, 3.64620367e-18, 0.999999813 ]
          isTouching: true
          partingDirection: [ 0, 0, 1 ]
