# Body pose sequence format version 1.0 defined by cnoid-Robotics

type: PoseSeq
name: "jump-over-370msec"
targetBody: "JAXON_BLUE"
refs: 
  - 
    time: 0
    refer: 
      type: Pose
      name: ""
      joints: [ 
        0, 1, 2, 3, 4, 5, 6, 7, 8, 9, 
        10, 11, 12, 13, 14, 15, 16, 17, 18, 19, 
        20, 21, 22, 23, 24, 25, 26, 27, 28, 29, 
        30 ]
      q: [ 
        -1.08513767e-18, 2.80039527e-17, -1.18996956, 2.19549184, -1.00552229, -2.42190978e-17, -1.24735962e-18, 1.3242585e-17, -1.18996956, 2.19549184, 
        -1.00552229, -8.27865061e-18, 0, 0, 0, 0, 0, 0.698132, -0.349066, -0.087266, 
        -1.396263, 0, 0, 0, 0.698132, 0.349066, 0.087266, -1.396263, 0, 0, 
        0 ]
      ikLinks: 
        - 
          name: WAIST
          index: 0
          isBaseLink: true
          translation: [ -0.06, 0, 0.6 ]
          rotation: [ 
            1, 7.70371978e-34, -1.11022302e-16, 
            -2.50370893e-33, 1, -4.62223187e-33, 
            1.11022302e-16, -3.21997265e-33, 1 ]
        - 
          name: LARM_JOINT6
          index: 12
          translation: [ -0.0762930225, 0.342278723, 0.541838074 ]
          rotation: [ 
            0.730689996, 0.152245103, -0.665517511, 
            -0.322602529, 0.936116794, -0.140046267, 
            0.601680761, 0.317028039, 0.733125832 ]
        - 
          name: RARM_JOINT6
          index: 19
          translation: [ -0.0762930225, -0.342278723, 0.541838074 ]
          rotation: [ 
            0.730689996, -0.152245103, -0.665517511, 
            0.322602529, 0.936116794, 0.140046267, 
            0.601680761, -0.317028039, 0.733125832 ]
        - 
          name: LLEG_JOINT5
          index: 25
          translation: [ -0.0450008267, 0.1, 0.103499609 ]
          rotation: [ 
            1, 1.24735968e-18, -7.99993954e-09, 
            -1.24735972e-18, 1, -4.96393433e-18, 
            7.99993954e-09, 4.96393434e-18, 1 ]
          isTouching: true
          partingDirection: [ 0, 0, 1 ]
        - 
          name: RLEG_JOINT5
          index: 31
          translation: [ -0.0450008267, -0.1, 0.103499609 ]
          rotation: [ 
            1, 1.08513786e-18, -7.99993993e-09, 
            -1.08513789e-18, 1, -3.78485489e-18, 
            7.99993993e-09, 3.7848549e-18, 1 ]
          isTouching: true
          partingDirection: [ 0, 0, 1 ]
  - 
    time: 0.2
    refer: 
      type: Pose
      name: ""
      joints: [ 
        0, 1, 2, 3, 4, 5, 6, 7, 8, 9, 
        10, 11, 12, 13, 14, 15, 16, 17, 18, 19, 
        20, 21, 22, 23, 24, 25, 26, 27, 28, 29, 
        30 ]
      q: [ 
        -1.08513767e-18, 2.80039527e-17, -1.18996956, 2.19549184, -1.00552229, -2.42190978e-17, -1.24735962e-18, 1.3242585e-17, -1.18996956, 2.19549184, 
        -1.00552229, -8.27865061e-18, 0, 0, 0, 0, 0, 0.698132, -0.349066, -0.087266, 
        -1.396263, 0, 0, 0, 0.698132, 0.349066, 0.087266, -1.396263, 0, 0, 
        0 ]
      ikLinks: 
        - 
          name: WAIST
          index: 0
          isBaseLink: true
          translation: [ -0.06, 0, 0.6 ]
          rotation: [ 
            1, 7.70371978e-34, -1.11022302e-16, 
            -2.50370893e-33, 1, -4.62223187e-33, 
            1.11022302e-16, -3.21997265e-33, 1 ]
        - 
          name: LARM_JOINT6
          index: 12
          translation: [ -0.0762930225, 0.342278723, 0.541838074 ]
          rotation: [ 
            0.730689996, 0.152245103, -0.665517511, 
            -0.322602529, 0.936116794, -0.140046267, 
            0.601680761, 0.317028039, 0.733125832 ]
        - 
          name: RARM_JOINT6
          index: 19
          translation: [ -0.0762930225, -0.342278723, 0.541838074 ]
          rotation: [ 
            0.730689996, -0.152245103, -0.665517511, 
            0.322602529, 0.936116794, 0.140046267, 
            0.601680761, -0.317028039, 0.733125832 ]
        - 
          name: LLEG_JOINT5
          index: 25
          translation: [ -0.0450008267, 0.1, 0.103499609 ]
          rotation: [ 
            1, 1.24735968e-18, -7.99993954e-09, 
            -1.24735972e-18, 1, -4.96393433e-18, 
            7.99993954e-09, 4.96393434e-18, 1 ]
          isTouching: true
          partingDirection: [ 0, 0, 1 ]
        - 
          name: RLEG_JOINT5
          index: 31
          translation: [ -0.0450008267, -0.1, 0.103499609 ]
          rotation: [ 
            1, 1.08513786e-18, -7.99993993e-09, 
            -1.08513789e-18, 1, -3.78485489e-18, 
            7.99993993e-09, 3.7848549e-18, 1 ]
          isTouching: true
          partingDirection: [ 0, 0, 1 ]
  - 
    time: 0.7
    refer: 
      type: Pose
      name: ""
      joints: [ 
        0, 1, 2, 3, 4, 5, 6, 7, 8, 9, 
        10, 11, 12, 13, 14, 15, 16, 17, 18, 19, 
        20, 21, 22, 23, 24, 25, 26, 27, 28, 29, 
        30 ]
      q: [ 
        -1.44111005e-19, -4.27751731e-18, -0.550268453, 1.14377469, -0.593506236, 5.19344875e-18, -1.55613585e-19, -4.54414702e-18, -0.550268453, 1.14377469, 
        -0.593506236, 5.51725903e-18, 0, 0, 0, 0, 0, 0.698132, -0.349066, -0.087266, 
        -1.396263, 0, 0, 0, 0.698132, 0.349066, 0.087266, -1.396263, 0, 0, 
        0 ]
      ikLinks: 
        - 
          name: WAIST
          index: 0
          isBaseLink: true
          translation: [ -0.02, 0, 0.9 ]
          rotation: [ 
            1, 1.03518735e-33, 2.22044605e-16, 
            -3.85185989e-34, 1, 0, 
            -2.22044605e-16, 3.19990713e-35, 1 ]
        - 
          name: LARM_JOINT6
          index: 12
          translation: [ -0.0362930225, 0.342278723, 0.841838074 ]
          rotation: [ 
            0.730689996, 0.152245103, -0.665517511, 
            -0.322602529, 0.936116794, -0.140046267, 
            0.601680761, 0.317028039, 0.733125832 ]
        - 
          name: RARM_JOINT6
          index: 19
          translation: [ -0.0362930225, -0.342278723, 0.841838074 ]
          rotation: [ 
            0.730689996, -0.152245103, -0.665517511, 
            0.322602529, 0.936116794, 0.140046267, 
            0.601680761, -0.317028039, 0.733125832 ]
        - 
          name: LLEG_JOINT5
          index: 25
          translation: [ -0.0450003217, 0.1, 0.103500077 ]
          rotation: [ 
            1, 1.55613601e-19, 2.99995678e-09, 
            -1.55613598e-19, 1, -9.73112018e-19, 
            -2.99995678e-09, 9.73112017e-19, 1 ]
          isTouching: true
          partingDirection: [ 0, 0, 1 ]
        - 
          name: RLEG_JOINT5
          index: 31
          translation: [ -0.0450003217, -0.1, 0.103500077 ]
          rotation: [ 
            1, 1.44111021e-19, 2.99995628e-09, 
            -1.44111018e-19, 1, -9.1593144e-19, 
            -2.99995628e-09, 9.15931439e-19, 1 ]
          isTouching: true
          partingDirection: [ 0, 0, 1 ]
  - 
    time: 0.886
    refer: 
      type: Pose
      name: ""
      joints: [ 
        0, 1, 2, 3, 4, 5, 6, 7, 8, 9, 
        10, 11 ]
      q: [ 
        3.08867725e-19, 1.56001636e-17, -0.60004409, 1.24222768, -0.642183587, -1.93576008e-17, 1.34705533e-19, 8.60225566e-18, -0.600044106, 1.24222771, 
        -0.642183602, -1.10588022e-17 ]
      ikLinks: 
        - 
          name: WAIST
          index: 0
          isBaseLink: true
          translation: [ -0.0199996791, 0, 1.07493383 ]
          rotation: [ 
            1, 5.53704859e-34, -5.55111512e-16, 
            -3.25000678e-33, 1, 2.46519033e-32, 
            5.55111512e-16, -2.45771267e-32, 1 ]
        - 
          name: LLEG_JOINT5
          index: 25
          translation: [ -0.0449998963, 0.1, 0.299999836 ]
          rotation: [ 
            1, -1.34705533e-19, 1.31511468e-12, 
            1.34705533e-19, 1, 2.45654653e-18, 
            -1.31511468e-12, -2.45654653e-18, 1 ]
        - 
          name: RLEG_JOINT5
          index: 31
          translation: [ -0.0449998965, -0.1, 0.299999829 ]
          rotation: [ 
            1, -3.08867725e-19, 1.31572531e-12, 
            3.08867725e-19, 1, 3.75743727e-18, 
            -1.31572531e-12, -3.75743727e-18, 1 ]
  - 
    time: 1.07
    refer: 
      type: Pose
      name: ""
      joints: [ 
        0, 1, 2, 3, 4, 5, 6, 7, 8, 9, 
        10, 11, 12, 13, 14, 15, 16, 17, 18, 19, 
        20, 21, 22, 23, 24, 25, 26, 27, 28, 29, 
        30 ]
      q: [ 
        -3.80107969e-19, -1.17008931e-17, -0.550268637, 1.14377507, -0.593506432, 1.42153541e-17, -5.05420181e-19, -1.53434435e-17, -0.550268637, 1.14377507, 
        -0.593506432, 1.86395603e-17, 0, 0, 0, 0, 0, 0.698132, -0.349066, -0.087266, 
        -1.396263, 0, 0, 0, 0.698132, 0.349066, 0.087266, -1.396263, 0, 0, 
        0 ]
      ikLinks: 
        - 
          name: WAIST
          index: 0
          isBaseLink: true
          translation: [ -0.02, 0, 0.9 ]
          rotation: [ 
            1, 1.49259571e-33, -1.11022302e-16, 
            8.18520226e-34, 1, -3.08148791e-33, 
            1.11022302e-16, -1.58294442e-33, 1 ]
        - 
          name: LARM_JOINT6
          index: 12
          translation: [ -0.0362930225, 0.342278723, 0.841838074 ]
          rotation: [ 
            0.730689996, 0.152245103, -0.665517511, 
            -0.322602529, 0.936116794, -0.140046267, 
            0.601680761, 0.317028039, 0.733125832 ]
        - 
          name: RARM_JOINT6
          index: 19
          translation: [ -0.0362930225, -0.342278723, 0.841838074 ]
          rotation: [ 
            0.730689996, -0.152245103, -0.665517511, 
            0.322602529, 0.936116794, 0.140046267, 
            0.601680761, -0.317028039, 0.733125832 ]
        - 
          name: LLEG_JOINT5
          index: 25
          translation: [ -0.0450003272, 0.1, 0.103500158 ]
          rotation: [ 
            1, 5.05420236e-19, 2.99995612e-09, 
            -5.05420227e-19, 1, -3.29611686e-18, 
            -2.99995612e-09, 3.29611686e-18, 1 ]
          isTouching: true
          partingDirection: [ 0, 0, 1 ]
        - 
          name: RLEG_JOINT5
          index: 31
          translation: [ -0.0450003272, -0.1, 0.103500158 ]
          rotation: [ 
            1, 3.80108012e-19, 2.99995634e-09, 
            -3.80108004e-19, 1, -2.51446099e-18, 
            -2.99995634e-09, 2.51446099e-18, 1 ]
          isTouching: true
          partingDirection: [ 0, 0, 1 ]
  - 
    time: 1.52
    refer: 
      type: Pose
      name: ""
      joints: [ 
        0, 1, 2, 3, 4, 5, 6, 7, 8, 9, 
        10, 11, 12, 13, 14, 15, 16, 17, 18, 19, 
        20, 21, 22, 23, 24, 25, 26, 27, 28, 29, 
        30 ]
      q: [ 
        -1.08513767e-18, 2.80039527e-17, -1.18996956, 2.19549184, -1.00552229, -2.42190978e-17, -1.24735962e-18, 1.3242585e-17, -1.18996956, 2.19549184, 
        -1.00552229, -8.27865061e-18, 0, 0, 0, 0, 0, 0.698132, -0.349066, -0.087266, 
        -1.396263, 0, 0, 0, 0.698132, 0.349066, 0.087266, -1.396263, 0, 0, 
        0 ]
      ikLinks: 
        - 
          name: WAIST
          index: 0
          isBaseLink: true
          translation: [ -0.06, 0, 0.6 ]
          rotation: [ 
            1, 7.70371978e-34, -1.11022302e-16, 
            -2.50370893e-33, 1, -4.62223187e-33, 
            1.11022302e-16, -3.21997265e-33, 1 ]
        - 
          name: LARM_JOINT6
          index: 12
          translation: [ -0.0762930225, 0.342278723, 0.541838074 ]
          rotation: [ 
            0.730689996, 0.152245103, -0.665517511, 
            -0.322602529, 0.936116794, -0.140046267, 
            0.601680761, 0.317028039, 0.733125832 ]
        - 
          name: RARM_JOINT6
          index: 19
          translation: [ -0.0762930225, -0.342278723, 0.541838074 ]
          rotation: [ 
            0.730689996, -0.152245103, -0.665517511, 
            0.322602529, 0.936116794, 0.140046267, 
            0.601680761, -0.317028039, 0.733125832 ]
        - 
          name: LLEG_JOINT5
          index: 25
          translation: [ -0.0450008267, 0.1, 0.103499609 ]
          rotation: [ 
            1, 1.24735968e-18, -7.99993954e-09, 
            -1.24735972e-18, 1, -4.96393433e-18, 
            7.99993954e-09, 4.96393434e-18, 1 ]
          isTouching: true
          partingDirection: [ 0, 0, 1 ]
        - 
          name: RLEG_JOINT5
          index: 31
          translation: [ -0.0450008267, -0.1, 0.103499609 ]
          rotation: [ 
            1, 1.08513786e-18, -7.99993993e-09, 
            -1.08513789e-18, 1, -3.78485489e-18, 
            7.99993993e-09, 3.7848549e-18, 1 ]
          isTouching: true
          partingDirection: [ 0, 0, 1 ]
  - 
    time: 1.72
    refer: 
      type: Pose
      name: ""
      joints: [ 
        0, 1, 2, 3, 4, 5, 6, 7, 8, 9, 
        10, 11, 12, 13, 14, 15, 16, 17, 18, 19, 
        20, 21, 22, 23, 24, 25, 26, 27, 28, 29, 
        30 ]
      q: [ 
        -1.08513767e-18, 2.80039527e-17, -1.18996956, 2.19549184, -1.00552229, -2.42190978e-17, -1.24735962e-18, 1.3242585e-17, -1.18996956, 2.19549184, 
        -1.00552229, -8.27865061e-18, 0, 0, 0, 0, 0, 0.698132, -0.349066, -0.087266, 
        -1.396263, 0, 0, 0, 0.698132, 0.349066, 0.087266, -1.396263, 0, 0, 
        0 ]
      ikLinks: 
        - 
          name: WAIST
          index: 0
          isBaseLink: true
          translation: [ -0.06, 0, 0.6 ]
          rotation: [ 
            1, 1.92592994e-34, -1.11022302e-16, 
            -1.54074396e-33, 1, -9.24446373e-33, 
            1.11022302e-16, -1.38484737e-34, 1 ]
        - 
          name: LARM_JOINT6
          index: 12
          translation: [ -0.0762930225, 0.342278723, 0.541838074 ]
          rotation: [ 
            0.730689996, 0.152245103, -0.665517511, 
            -0.322602529, 0.936116794, -0.140046267, 
            0.601680761, 0.317028039, 0.733125832 ]
        - 
          name: RARM_JOINT6
          index: 19
          translation: [ -0.0762930225, -0.342278723, 0.541838074 ]
          rotation: [ 
            0.730689996, -0.152245103, -0.665517511, 
            0.322602529, 0.936116794, 0.140046267, 
            0.601680761, -0.317028039, 0.733125832 ]
        - 
          name: LLEG_JOINT5
          index: 25
          translation: [ -0.0450008267, 0.1, 0.103499609 ]
          rotation: [ 
            1, 1.24735968e-18, -7.99993954e-09, 
            -1.24735972e-18, 1, -4.96393433e-18, 
            7.99993954e-09, 4.96393434e-18, 1 ]
          isTouching: true
          partingDirection: [ 0, 0, 1 ]
        - 
          name: RLEG_JOINT5
          index: 31
          translation: [ -0.0450008267, -0.1, 0.103499609 ]
          rotation: [ 
            1, 1.08513786e-18, -7.99993993e-09, 
            -1.08513789e-18, 1, -3.78485489e-18, 
            7.99993993e-09, 3.7848549e-18, 1 ]
          isTouching: true
          partingDirection: [ 0, 0, 1 ]
