# Body pose sequence format version 1.0 defined by cnoid-Robotics

type: PoseSeq
name: "jump-across-100msec-0step-len"
targetBody: "JAXON_BLUE"
refs: 
  - 
    time: 0
    refer: 
      type: Pose
      name: ""
      joints: [ 
        0, 1, 2, 3, 4, 5, 6, 7, 8, 9, 
        10, 11, 12, 13, 14, 15, 16, 17, 18, 19, 
        20, 21, 22, 23, 24, 25, 26, 27, 28, 29, 
        30 ]
      q: [ 
        1.90226153e-19, 4.6590047e-18, -0.291687718, 0.687644268, -0.395956552, -5.90674691e-18, 1.9399532e-19, 4.75821124e-18, -0.291687718, 0.687644268, 
        -0.395956552, -6.03253236e-18, 0, 0, 0, 0, 0, 0.698132, -0.349066, -0.087266, 
        -1.396263, 0, 0, 0, 0.698132, 0.349066, 0.087266, -1.396263, 0, 0, 
        0 ]
      ikLinks: 
        - 
          name: WAIST
          index: 0
          isBaseLink: true
          translation: [ 1.18237484e-07, 0, 1.47749999 ]
          rotation: [ 
            1, 4.81482486e-34, -3.33066907e-16, 
            7.22223729e-35, 1, 2.31111593e-33, 
            3.33066907e-16, -2.24650251e-33, 1 ]
        - 
          name: LARM_JOINT6
          index: 12
          translation: [ -0.0162929043, 0.342278723, 1.41933806 ]
          rotation: [ 
            0.730689996, 0.152245103, -0.665517511, 
            -0.322602529, 0.936116794, -0.140046267, 
            0.601680761, 0.317028039, 0.733125832 ]
        - 
          name: RARM_JOINT6
          index: 19
          translation: [ -0.0162929043, -0.342278723, 1.41933806 ]
          rotation: [ 
            0.730689996, -0.152245103, -0.665517511, 
            0.322602529, 0.936116794, 0.140046267, 
            0.601680761, -0.317028039, 0.733125832 ]
        - 
          name: LLEG_JOINT5
          index: 25
          translation: [ -0.045, 0.1, 0.6035 ]
          rotation: [ 
            1, -1.93995308e-19, -2.00000033e-09, 
            1.9399531e-19, 1, 1.27432112e-18, 
            2.00000033e-09, -1.27432112e-18, 1 ]
          isTouching: true
          partingDirection: [ 0, 0, 1 ]
        - 
          name: RLEG_JOINT5
          index: 31
          translation: [ -0.045, -0.1, 0.6035 ]
          rotation: [ 
            1, -1.90226141e-19, -2.00000033e-09, 
            1.90226144e-19, 1, 1.24774221e-18, 
            2.00000033e-09, -1.24774221e-18, 1 ]
          isTouching: true
          partingDirection: [ 0, 0, 1 ]
  - 
    time: 0.2
    refer: 
      type: Pose
      name: ""
      joints: [ 
        0, 1, 2, 3, 4, 5, 6, 7, 8, 9, 
        10, 11, 12, 13, 14, 15, 16, 17, 18, 19, 
        20, 21, 22, 23, 24, 25, 26, 27, 28, 29, 
        30 ]
      q: [ 
        1.90226153e-19, 4.6590047e-18, -0.291687718, 0.687644268, -0.395956552, -5.90674691e-18, 1.9399532e-19, 4.75821124e-18, -0.291687718, 0.687644268, 
        -0.395956552, -6.03253236e-18, 0, 0, 0, 0, 0, 0.698132, -0.349066, -0.087266, 
        -1.396263, 0, 0, 0, 0.698132, 0.349066, 0.087266, -1.396263, 0, 0, 
        0 ]
      ikLinks: 
        - 
          name: WAIST
          index: 0
          isBaseLink: true
          translation: [ 1.18237484e-07, 0, 1.47749999 ]
          rotation: [ 
            1, 4.81482486e-34, -3.33066907e-16, 
            7.22223729e-35, 1, 2.31111593e-33, 
            3.33066907e-16, -2.24650251e-33, 1 ]
        - 
          name: LARM_JOINT6
          index: 12
          translation: [ -0.0162929043, 0.342278723, 1.41933806 ]
          rotation: [ 
            0.730689996, 0.152245103, -0.665517511, 
            -0.322602529, 0.936116794, -0.140046267, 
            0.601680761, 0.317028039, 0.733125832 ]
        - 
          name: RARM_JOINT6
          index: 19
          translation: [ -0.0162929043, -0.342278723, 1.41933806 ]
          rotation: [ 
            0.730689996, -0.152245103, -0.665517511, 
            0.322602529, 0.936116794, 0.140046267, 
            0.601680761, -0.317028039, 0.733125832 ]
        - 
          name: LLEG_JOINT5
          index: 25
          translation: [ -0.045, 0.1, 0.6035 ]
          rotation: [ 
            1, -1.93995308e-19, -2.00000033e-09, 
            1.9399531e-19, 1, 1.27432112e-18, 
            2.00000033e-09, -1.27432112e-18, 1 ]
          isTouching: true
          partingDirection: [ 0, 0, 1 ]
        - 
          name: RLEG_JOINT5
          index: 31
          translation: [ -0.045, -0.1, 0.6035 ]
          rotation: [ 
            1, -1.90226141e-19, -2.00000033e-09, 
            1.90226144e-19, 1, 1.24774221e-18, 
            2.00000033e-09, -1.24774221e-18, 1 ]
          isTouching: true
          partingDirection: [ 0, 0, 1 ]
  - 
    time: 0.7
    refer: 
      type: Pose
      name: ""
      joints: [ 
        0, 1, 2, 3, 4, 5, 6, 7, 8, 9, 
        10, 11, 12, 13, 14, 15, 16, 17, 18, 19, 
        20, 21, 22, 23, 24, 25, 26, 27, 28, 29, 
        30 ]
      q: [ 
        1.36869997e-10, 0.0738851207, -0.463332166, 1.0303095, -0.56697734, -0.0738851207, 1.36870018e-10, 0.0738851207, -0.463332166, 1.0303095, 
        -0.56697734, -0.0738851207, 0, 0, 0, 0, 0, 0.698132, -0.349066, -0.087266, 
        -1.396263, 0, 0, 0, 0.698132, 0.349066, 0.087266, -1.396263, 0, 0, 
        0 ]
      ikLinks: 
        - 
          name: WAIST
          index: 0
          isBaseLink: true
          translation: [ -2.55514288e-17, -0.05, 1.42 ]
          rotation: [ 
            1, 4.10762556e-18, -3.75150651e-16, 
            -2.8521993e-18, 1, -1.38777878e-17, 
            4.99600361e-16, -5.55111512e-17, 1 ]
        - 
          name: LARM_JOINT6
          index: 12
          translation: [ -0.0162930225, 0.292278723, 1.36183807 ]
          rotation: [ 
            0.730689996, 0.152245103, -0.665517511, 
            -0.322602529, 0.936116794, -0.140046267, 
            0.601680761, 0.317028039, 0.733125832 ]
        - 
          name: RARM_JOINT6
          index: 19
          translation: [ -0.0162930225, -0.392278723, 1.36183807 ]
          rotation: [ 
            0.730689996, -0.152245103, -0.665517511, 
            0.322602529, 0.936116794, 0.140046267, 
            0.601680761, -0.317028039, 0.733125832 ]
        - 
          name: LLEG_JOINT5
          index: 25
          translation: [ -0.0449999761, 0.10000036, 0.603500758 ]
          rotation: [ 
            1, 3.79770743e-10, -6.97975887e-09, 
            -3.7977075e-10, 1, 2.24820162e-15, 
            6.97975888e-09, -2.28983499e-15, 1 ]
          isTouching: true
          partingDirection: [ 0, 0, 1 ]
        - 
          name: RLEG_JOINT5
          index: 31
          translation: [ -0.0449999761, -0.0999996397, 0.603500758 ]
          rotation: [ 
            1, 3.79770777e-10, -6.97975904e-09, 
            -3.79770784e-10, 1, 2.24820162e-15, 
            6.97975916e-09, -2.33146835e-15, 1 ]
          isTouching: true
          partingDirection: [ 0, 0, 1 ]
  - 
    time: 1.1
    refer: 
      type: Pose
      name: ""
      joints: [ 
        0, 1, 2, 3, 4, 5, 6, 7, 8, 9, 
        10, 11, 12, 13, 14, 15, 16, 17, 18, 19, 
        20, 21, 22, 23, 24, 25, 26, 27, 28, 29, 
        30 ]
      q: [ 
        1.67103412e-09, 0.146971691, -0.448901367, 1.00130795, -0.552406582, -0.146971691, 1.69366627e-09, 0.150596197, -0.490614451, 1.08513248, 
        -0.594518038, -0.150596197, 0, 0, 0, 0, 0, 0.698132, -0.349066, -0.087266, 
        -1.396263, 0, 0, 0, 0.698132, 0.349066, 0.087266, -1.396263, 0, 0, 
        0 ]
      ikLinks: 
        - 
          name: WAIST
          index: 0
          isBaseLink: true
          translation: [ -1.94669905e-17, -0.1, 1.42 ]
          rotation: [ 
            1, 7.71692983e-17, -2.80181818e-16, 
            -8.81330271e-17, 1, 0, 
            3.33066907e-16, 5.64104186e-25, 1 ]
        - 
          name: LARM_JOINT6
          index: 12
          translation: [ -0.0162930225, 0.242278723, 1.36183807 ]
          rotation: [ 
            0.730689996, 0.152245103, -0.665517511, 
            -0.322602529, 0.936116794, -0.140046267, 
            0.601680761, 0.317028039, 0.733125832 ]
        - 
          name: RARM_JOINT6
          index: 19
          translation: [ -0.0162930225, -0.442278723, 1.36183807 ]
          rotation: [ 
            0.730689996, -0.152245103, -0.665517511, 
            0.322602529, 0.936116794, 0.140046267, 
            0.601680761, -0.317028039, 0.733125832 ]
        - 
          name: LLEG_JOINT5
          index: 25
          translation: [ -0.0449999987, 0.0999999954, 0.620000117 ]
          rotation: [ 
            1, -8.00916426e-10, -5.88322046e-09, 
            8.00916417e-10, 1, 4.33264535e-14, 
            5.88322052e-09, -4.33264535e-14, 1 ]
        - 
          name: RLEG_JOINT5
          index: 31
          translation: [ -0.044984068, -0.10000028, 0.603504872 ]
          rotation: [ 
            1, -1.088563e-09, -3.93457479e-09, 
            1.088563e-09, 1, 3.10862447e-14, 
            3.93457478e-09, -3.11140003e-14, 1 ]
          isTouching: true
          partingDirection: [ 0, 0, 1 ]
  - 
    time: 1.5
    refer: 
      type: Pose
      name: ""
      joints: [ 
        0, 1, 2, 3, 4, 5, 6, 7, 8, 9, 
        10, 11, 12, 13, 14, 15, 16, 17, 18, 19, 
        20, 21, 22, 23, 24, 25, 26, 27, 28, 29, 
        30 ]
      q: [ 
        -4.94418634e-11, 0.0275599101, -0.318333714, 0.740600865, -0.422267154, -0.0275599101, -1.12521758e-10, 0.0288104734, -0.417531627, 0.93851132, 
        -0.520979704, -0.0288104734, 0, 0, 0, 0, 0, 0.698132, -0.349066, -0.087266, 
        -1.396263, 0, 0, 0, 0.698132, 0.349066, 0.087266, -1.396263, 0, 0, 
        0 ]
      ikLinks: 
        - 
          name: WAIST
          index: 0
          isBaseLink: true
          translation: [ -1.2359959e-16, -0.02, 1.47 ]
          rotation: [ 
            1, -1.74354338e-17, -4.95262282e-16, 
            1.47825836e-17, 1, 0, 
            4.4408921e-16, 6.93889385e-18, 1 ]
        - 
          name: LARM_JOINT6
          index: 12
          translation: [ -0.0162930225, 0.322278723, 1.41183807 ]
          rotation: [ 
            0.730689996, 0.152245103, -0.665517511, 
            -0.322602529, 0.936116794, -0.140046267, 
            0.601680761, 0.317028039, 0.733125832 ]
        - 
          name: RARM_JOINT6
          index: 19
          translation: [ -0.0162930225, -0.362278723, 1.41183807 ]
          rotation: [ 
            0.730689996, -0.152245103, -0.665517511, 
            0.322602529, 0.936116794, 0.140046267, 
            0.601680761, -0.317028039, 0.733125832 ]
        - 
          name: LLEG_JOINT5
          index: 25
          translation: [ -0.0449999984, 0.0999999989, 0.635000124 ]
          rotation: [ 
            1, 4.00514158e-10, -9.99333612e-09, 
            -4.00514158e-10, 1, 8.25728375e-15, 
            9.9933361e-09, -8.2468754e-15, 1 ]
        - 
          name: RLEG_JOINT5
          index: 31
          translation: [ -0.0449977235, -0.100000294, 0.603502619 ]
          rotation: [ 
            1, 1.32105326e-10, -2.99865144e-09, 
            -1.32105328e-10, 1, 5.42621503e-15, 
            2.99865138e-09, -5.41927614e-15, 1 ]
          isTouching: true
          partingDirection: [ 0, 0, 1 ]
  - 
    time: 1.55
    refer: 
      type: Pose
      name: ""
      ikLinks: 
        - 
          name: WAIST
          index: 0
          isBaseLink: true
          translation: [ 1.49295248e-17, 0, 1.52 ]
          rotation: [ 
            1, 3.17931392e-22, -5.83084809e-16, 
            -3.17882924e-22, 1, 4.06972861e-22, 
            5.82867088e-16, -4.03680624e-22, 1 ]
  - 
    time: 1.6
    refer: 
      type: Pose
      name: ""
      joints: [ 
        0, 1, 2, 3, 4, 5, 6, 7, 8, 9, 
        10, 11, 12, 13, 14, 15, 16, 17, 18, 19, 
        20, 21, 22, 23, 24, 25, 26, 27, 28, 29, 
        30 ]
      q: [ 
        4.94741015e-11, -0.0288104748, -0.417531851, 0.938511765, -0.520979914, 0.0288104748, 4.67068006e-11, -0.0275602097, -0.318323908, 0.740587676, 
        -0.422263771, 0.0275602097, 0, 0, 0, 0, 0, 0.698132, -0.349066, -0.087266, 
        -1.396263, 0, 0, 0, 0.698132, 0.349066, 0.087266, -1.396263, 0, 0, 
        0 ]
      ikLinks: 
        - 
          name: WAIST
          index: 0
          isBaseLink: true
          translation: [ -1.86526825e-17, 0.02, 1.47 ]
          rotation: [ 
            1, 4.5573302e-18, 5.5991181e-16, 
            -4.22056247e-18, 1, -1.35308431e-16, 
            -6.10622664e-16, 1.45716772e-16, 1 ]
        - 
          name: LARM_JOINT6
          index: 12
          translation: [ -0.0162930225, 0.362278723, 1.41183807 ]
          rotation: [ 
            0.730689996, 0.152245103, -0.665517511, 
            -0.322602529, 0.936116794, -0.140046267, 
            0.601680761, 0.317028039, 0.733125832 ]
        - 
          name: RARM_JOINT6
          index: 19
          translation: [ -0.0162930225, -0.322278723, 1.41183807 ]
          rotation: [ 
            0.730689996, -0.152245103, -0.665517511, 
            0.322602529, 0.936116794, 0.140046267, 
            0.601680761, -0.317028039, 0.733125832 ]
        - 
          name: LLEG_JOINT5
          index: 25
          translation: [ -0.0450000282, 0.100000029, 0.603500904 ]
          rotation: [ 
            1, -1.01818705e-10, -1.99918432e-09, 
            1.01818701e-10, 1, -5.60662627e-15, 
            1.99918426e-09, 5.61356517e-15, 1 ]
          isTouching: true
          partingDirection: [ 0, 0, 1 ]
        - 
          name: RLEG_JOINT5
          index: 31
          translation: [ -0.0449999965, -0.0999999976, 0.635000202 ]
          rotation: [ 
            1, -7.82821516e-11, -9.99638764e-10, 
            7.82821533e-11, 1, -7.06379399e-15, 
            9.99638761e-10, 7.07420234e-15, 1 ]
  - 
    time: 2.05
    refer: 
      type: Pose
      name: ""
      joints: [ 
        0, 1, 2, 3, 4, 5, 6, 7, 8, 9, 
        10, 11, 12, 13, 14, 15, 16, 17, 18, 19, 
        20, 21, 22, 23, 24, 25, 26, 27, 28, 29, 
        30 ]
      q: [ 
        4.22063289e-07, -0.0738842158, -0.463332332, 1.03030883, -0.566970789, 0.0738842158, 9.24190888e-11, -0.073884243, -0.463333386, 1.03031022, 
        -0.566976836, 0.073884243, 0, 0, 0, 0, 0, 0.698132, -0.349066, -0.087266, 
        -1.396263, 0, 0, 0, 0.698132, 0.349066, 0.087266, -1.396263, 0, 0, 
        0 ]
      ikLinks: 
        - 
          name: WAIST
          index: 0
          isBaseLink: true
          translation: [ 4.9587802e-17, 0.05, 1.42 ]
          rotation: [ 
            1, 7.06115979e-17, -7.79322638e-16, 
            -5.45806471e-17, 1, -2.77555756e-17, 
            7.21644966e-16, 6.93889391e-17, 1 ]
        - 
          name: LARM_JOINT6
          index: 12
          translation: [ -0.0162930225, 0.392278723, 1.36183807 ]
          rotation: [ 
            0.730689996, 0.152245103, -0.665517511, 
            -0.322602529, 0.936116794, -0.140046267, 
            0.601680761, 0.317028039, 0.733125832 ]
        - 
          name: RARM_JOINT6
          index: 19
          translation: [ -0.0162930225, -0.292278723, 1.36183807 ]
          rotation: [ 
            0.730689996, -0.152245103, -0.665517511, 
            0.322602529, 0.936116794, 0.140046267, 
            0.601680761, -0.317028039, 0.733125832 ]
        - 
          name: LLEG_JOINT5
          index: 25
          translation: [ -0.0449993927, 0.10000024, 0.603500813 ]
          rotation: [ 
            1, -3.13567147e-10, -2.98772274e-09, 
            3.13567158e-10, 1, -1.58068003e-14, 
            2.98772262e-09, 1.58484337e-14, 1 ]
          isTouching: true
          partingDirection: [ 0, 0, 1 ]
        - 
          name: RLEG_JOINT5
          index: 31
          translation: [ -0.0449996181, -0.0999997792, 0.603500563 ]
          rotation: [ 
            1, -3.70796628e-10, 5.69708815e-06, 
            3.7079663e-10, 1, 1.44741163e-12, 
            -5.69708815e-06, -1.4452467e-12, 1 ]
          isTouching: true
          partingDirection: [ 0, 0, 1 ]
  - 
    time: 2.8
    refer: 
      type: Pose
      name: ""
      joints: [ 
        0, 1, 2, 3, 4, 5, 6, 7, 8, 9, 
        10, 11, 12, 13, 14, 15, 16, 17, 18, 19, 
        20, 21, 22, 23, 24, 25, 26, 27, 28, 29, 
        30 ]
      q: [ 
        3.77956273e-19, 9.41105277e-18, -0.301125512, 0.706393714, -0.405268204, 2.54306558e-18, 4.13379687e-18, -6.99737809e-18, -0.301125512, 0.706393714, 
        -0.405268204, 1.32197458e-17, 0, 0, 0, 0, 0, 0.698132, -0.349066, -0.087266, 
        -1.396263, 0, 0, 0, 0.698132, 0.349066, 0.087266, -1.396263, 0, 0, 
        0 ]
      ikLinks: 
        - 
          name: WAIST
          index: 0
          isBaseLink: true
          translation: [ 1.39074809e-33, 0, 1.475 ]
          rotation: [ 
            1, -1.38666956e-32, 2.89257397e-35, 
            1.00148357e-32, 1, -4.77630626e-32, 
            -1.97442799e-49, 4.77630626e-32, 1 ]
        - 
          name: LARM_JOINT6
          index: 12
          translation: [ -0.0162930225, 0.342278723, 1.41683807 ]
          rotation: [ 
            0.730689996, 0.152245103, -0.665517511, 
            -0.322602529, 0.936116794, -0.140046267, 
            0.601680761, 0.317028039, 0.733125832 ]
        - 
          name: RARM_JOINT6
          index: 19
          translation: [ -0.0162930225, -0.342278723, 1.41683807 ]
          rotation: [ 
            0.730689996, -0.152245103, -0.665517511, 
            0.322602529, 0.936116794, 0.140046267, 
            0.601680761, -0.317028039, 0.733125832 ]
        - 
          name: LLEG_JOINT5
          index: 25
          translation: [ -0.0449999007, 0.1, 0.603500081 ]
          rotation: [ 
            1, -4.1337969e-18, -1.99986105e-09, 
            4.13379689e-18, 1, -6.22236771e-18, 
            1.99986105e-09, 6.2223677e-18, 1 ]
          isTouching: true
          partingDirection: [ 0, 0, 1 ]
        - 
          name: RLEG_JOINT5
          index: 31
          translation: [ -0.0449999007, -0.1, 0.603500081 ]
          rotation: [ 
            1, -3.77956278e-19, -1.99986089e-09, 
            3.77956254e-19, 1, -1.19541183e-17, 
            1.99986089e-09, 1.19541183e-17, 1 ]
          isTouching: true
          partingDirection: [ 0, 0, 1 ]
  - 
    time: 3
    refer: 
      type: Pose
      name: ""
      joints: [ 
        0, 1, 2, 3, 4, 5, 6, 7, 8, 9, 
        10, 11, 12, 13, 14, 15, 16, 17, 18, 19, 
        20, 21, 22, 23, 24, 25, 26, 27, 28, 29, 
        30 ]
      q: [ 
        3.77956273e-19, 9.41105277e-18, -0.301125512, 0.706393714, -0.405268204, 2.54306558e-18, 4.13379687e-18, -6.99737809e-18, -0.301125512, 0.706393714, 
        -0.405268204, 1.32197458e-17, 0, 0, 0, 0, 0, 0.698132, -0.349066, -0.087266, 
        -1.396263, 0, 0, 0, 0.698132, 0.349066, 0.087266, -1.396263, 0, 0, 
        0 ]
      ikLinks: 
        - 
          name: WAIST
          index: 0
          isBaseLink: true
          translation: [ 1.39074809e-33, 0, 1.475 ]
          rotation: [ 
            1, -1.38666956e-32, 2.89257397e-35, 
            1.00148357e-32, 1, -4.77630626e-32, 
            -1.97442799e-49, 4.77630626e-32, 1 ]
        - 
          name: LARM_JOINT6
          index: 12
          translation: [ -0.0162930225, 0.342278723, 1.41683807 ]
          rotation: [ 
            0.730689996, 0.152245103, -0.665517511, 
            -0.322602529, 0.936116794, -0.140046267, 
            0.601680761, 0.317028039, 0.733125832 ]
        - 
          name: RARM_JOINT6
          index: 19
          translation: [ -0.0162930225, -0.342278723, 1.41683807 ]
          rotation: [ 
            0.730689996, -0.152245103, -0.665517511, 
            0.322602529, 0.936116794, 0.140046267, 
            0.601680761, -0.317028039, 0.733125832 ]
        - 
          name: LLEG_JOINT5
          index: 25
          translation: [ -0.0449999007, 0.1, 0.603500081 ]
          rotation: [ 
            1, -4.1337969e-18, -1.99986105e-09, 
            4.13379689e-18, 1, -6.22236771e-18, 
            1.99986105e-09, 6.2223677e-18, 1 ]
          isTouching: true
          partingDirection: [ 0, 0, 1 ]
        - 
          name: RLEG_JOINT5
          index: 31
          translation: [ -0.0449999007, -0.1, 0.603500081 ]
          rotation: [ 
            1, -3.77956278e-19, -1.99986089e-09, 
            3.77956254e-19, 1, -1.19541183e-17, 
            1.99986089e-09, 1.19541183e-17, 1 ]
          isTouching: true
          partingDirection: [ 0, 0, 1 ]
