# Body pose sequence format version 1.0 defined by cnoid-Robotics

type: PoseSeq
name: "broad-jump-toe-takeoff-500mm"
targetBody: "JAXON_BLUE"
refs: 
  - 
    time: 0
    refer: 
      type: Pose
      name: ""
      joints: [ 
        0, 1, 2, 3, 4, 5, 6, 7, 8, 9, 
        10, 11, 12, 13, 14, 15, 16, 17, 18, 19, 
        20, 21, 22, 23, 24, 25, 26, 27, 28, 29, 
        30 ]
      q: [ 
        -2.9865413e-20, 1.00030458e-05, -0.292327503, 0.687685399, -0.395357896, -1.00030458e-05, -3.67022655e-20, 1.00030458e-05, -0.292327503, 0.687685399, 
        -0.395357896, -1.00030458e-05, 0, 0, 0, 0, 0, 0.698131701, -0.34906585, -0.0872664626, 
        -1.3962634, 0, 0, 0, 0.698131701, 0.34906585, 0.0872664626, -1.3962634, 0, 0, 
        0 ]
      ikLinks: 
        - 
          name: WAIST
          index: 0
          isBaseLink: true
          translation: [ 1.04693272e-17, -2.77555756e-17, 0.9776 ]
          rotation: [ 
            0.999999861, -0.000167849467, 0.000499433808, 
            0.000167849571, 0.999999986, -1.67072311e-07, 
            -0.000499433773, 2.50902038e-07, 0.999999875 ]
        - 
          name: LARM_JOINT6
          index: 12
          translation: [ -0.0163793115, 0.342276019, 0.91944638 ]
          rotation: [ 
            0.731044139, 0.152245743, -0.665128333, 
            -0.322479821, 0.936142295, -0.140158371, 
            0.601316249, 0.316952422, 0.733457518 ]
        - 
          name: RARM_JOINT6
          index: 19
          translation: [ -0.0162644089, -0.342281469, 0.919446208 ]
          rotation: [ 
            0.730935842, -0.152559997, -0.665175347, 
            0.322724912, 0.936091292, 0.139934712, 
            0.601316411, -0.316951952, 0.733457588 ]
        - 
          name: LLEG_JOINT5
          index: 25
          translation: [ -0.0449996266, 0.1, 0.103600093 ]
          rotation: [ 
            0.999999861, -0.000167849467, 0.000499433808, 
            0.000167849571, 0.999999986, -1.67072311e-07, 
            -0.000499433773, 2.50902038e-07, 0.999999875 ]
          isTouching: true
          partingDirection: [ 0, 0, 1 ]
        - 
          name: RLEG_JOINT5
          index: 31
          translation: [ -0.0449660567, -0.0999999972, 0.103600042 ]
          rotation: [ 
            0.999999861, -0.000167849467, 0.000499433808, 
            0.000167849571, 0.999999986, -1.67072311e-07, 
            -0.000499433773, 2.50902038e-07, 0.999999875 ]
          isTouching: true
          partingDirection: [ 0, 0, 1 ]
  - 
    time: 0.2
    refer: 
      type: Pose
      name: ""
      joints: [ 
        0, 1, 2, 3, 4, 5, 6, 7, 8, 9, 
        10, 11, 12, 13, 14, 15, 16, 17, 18, 19, 
        20, 21, 22, 23, 24, 25, 26, 27, 28, 29, 
        30 ]
      q: [ 
        -2.9865413e-20, 1.00030458e-05, -0.292327503, 0.687685399, -0.395357896, -1.00030458e-05, -3.67022655e-20, 1.00030458e-05, -0.292327503, 0.687685399, 
        -0.395357896, -1.00030458e-05, 0, 0, 0, 0, 0, 0.698131701, -0.34906585, -0.0872664626, 
        -1.3962634, 0, 0, 0, 0.698131701, 0.34906585, 0.0872664626, -1.3962634, 0, 0, 
        0 ]
      ikLinks: 
        - 
          name: WAIST
          index: 0
          isBaseLink: true
          translation: [ 1.04693272e-17, -2.77555756e-17, 0.9776 ]
          rotation: [ 
            0.999999861, -0.000167849467, 0.000499433808, 
            0.000167849571, 0.999999986, -1.67072311e-07, 
            -0.000499433773, 2.50902038e-07, 0.999999875 ]
        - 
          name: LARM_JOINT6
          index: 12
          translation: [ -0.0163793115, 0.342276019, 0.91944638 ]
          rotation: [ 
            0.731044139, 0.152245743, -0.665128333, 
            -0.322479821, 0.936142295, -0.140158371, 
            0.601316249, 0.316952422, 0.733457518 ]
        - 
          name: RARM_JOINT6
          index: 19
          translation: [ -0.0162644089, -0.342281469, 0.919446208 ]
          rotation: [ 
            0.730935842, -0.152559997, -0.665175347, 
            0.322724912, 0.936091292, 0.139934712, 
            0.601316411, -0.316951952, 0.733457588 ]
        - 
          name: LLEG_JOINT5
          index: 25
          translation: [ -0.0449996266, 0.1, 0.103600093 ]
          rotation: [ 
            0.999999861, -0.000167849467, 0.000499433808, 
            0.000167849571, 0.999999986, -1.67072311e-07, 
            -0.000499433773, 2.50902038e-07, 0.999999875 ]
          isTouching: true
          partingDirection: [ 0, 0, 1 ]
        - 
          name: RLEG_JOINT5
          index: 31
          translation: [ -0.0449660567, -0.0999999972, 0.103600042 ]
          rotation: [ 
            0.999999861, -0.000167849467, 0.000499433808, 
            0.000167849571, 0.999999986, -1.67072311e-07, 
            -0.000499433773, 2.50902038e-07, 0.999999875 ]
          isTouching: true
          partingDirection: [ 0, 0, 1 ]
  - 
    time: 1.1
    refer: 
      type: Pose
      name: ""
      ikLinks: 
        - 
          name: WAIST
          index: 0
          isBaseLink: true
          translation: [ -0.05, 2.77555756e-17, 0.72 ]
          rotation: [ 
            0.866025404, -2.03287907e-19, 0.5, 
            3.25260652e-19, 1, 2.16840434e-19, 
            -0.5, -1.35525272e-20, 0.866025404 ]
  - 
    time: 1.27
    refer: 
      type: Pose
      name: ""
      ikLinks: 
        - 
          name: WAIST
          index: 0
          isBaseLink: true
          translation: [ -6.9388939e-17, -1.38777878e-17, 0.7 ]
          rotation: [ 
            0.906307787, -3.25260652e-19, 0.422618262, 
            3.52365706e-19, 1, 1.35525272e-19, 
            -0.422618262, -4.06575815e-20, 0.906307787 ]
  - 
    time: 1.4
    refer: 
      type: Pose
      name: ""
      joints: [ 
        0, 1, 2, 3, 4, 5, 6, 7, 8, 9, 
        10, 11 ]
      q: [ 
        0.000185295958, 4.76911969e-05, -0.523691697, 1.50322959, -1.22998635, -9.17723583e-05, 0.000185297298, 4.76964891e-05, -0.523608259, 1.50316889, 
        -1.23000911, -9.17778181e-05 ]
      ikLinks: 
        - 
          name: LLEG_JOINT5
          index: 25
          translation: [ -0.0449978144, 0.1, 0.103601802 ]
          rotation: [ 
            0.999999482, -0.00016769481, 0.00100431625, 
            0.000167695251, 0.999999986, -3.54404909e-07, 
            -0.00100431618, 5.22823791e-07, 0.999999496 ]
          isTouching: true
          partingDirection: [ 0, 0, 1 ]
        - 
          name: RLEG_JOINT5
          index: 31
          translation: [ -0.0449642442, -0.099999997, 0.103601752 ]
          rotation: [ 
            0.999999482, -0.000167694825, 0.00100433738, 
            0.000167695266, 0.999999986, -3.54401955e-07, 
            -0.00100433731, 5.22824395e-07, 0.999999496 ]
          isTouching: true
          partingDirection: [ 0, 0, 1 ]
  - 
    time: 1.5
    refer: 
      type: Pose
      name: ""
      joints: [ 
        0, 1, 2, 3, 4, 5, 6, 7, 8, 9, 
        10, 11 ]
      q: [ 
        -1.34836316e-12, -1.21141006e-12, 0.0878954241, 1.25105406, -0.727909455, 1.79689549e-12, -1.69324085e-12, -1.52124402e-12, 0.087895241, 1.25105449, 
        -0.727909698, 2.2192393e-12 ]
      ikLinks: 
        - 
          name: WAIST
          index: 0
          isBaseLink: true
          translation: [ 0.25, 0, 0.85 ]
          rotation: [ 
            0.965925826, -4.34683412e-22, -0.258819045, 
            4.49366272e-22, 1, 5.16785934e-25, 
            0.258819045, -1.16942659e-22, 0.965925826 ]
        - 
          name: LLEG_JOINT5
          index: 25
          translation: [ 3.26036591e-08, 0.1, 0.150000206 ]
          rotation: [ 
            0.939632823, 2.78866104e-12, 0.342184391, 
            -2.25961945e-12, 1, -1.94470717e-12, 
            -0.342184391, 1.05410419e-12, 0.939632823 ]
          isTouching: true
          partingDirection: [ 0, 0, 1 ]
        - 
          name: RLEG_JOINT5
          index: 31
          translation: [ 1.01010001e-08, -0.1, 0.150000108 ]
          rotation: [ 
            0.939632823, 2.23082438e-12, 0.342184391, 
            -1.79938894e-12, 1, -1.57827032e-12, 
            -0.342184391, 8.67271783e-13, 0.939632823 ]
          isTouching: true
          partingDirection: [ 0, 0, 1 ]
  - 
    time: 1.54
    refer: 
      type: Pose
      name: ""
      joints: [ 
        0, 1, 2, 3, 4, 5, 6, 7, 8, 9, 
        10, 11 ]
      q: [ 
        2.29295614e-12, 2.00821958e-12, 0.12857951, 1.14830595, -0.698623129, -2.73797684e-12, 2.29679045e-12, 2.01157346e-12, 0.12857951, 1.14830595, 
        -0.698623129, -2.74071283e-12 ]
      ikLinks: 
        - 
          name: LLEG_JOINT5
          index: 25
          translation: [ 0.0600000245, 0.1, 0.16500053 ]
          rotation: [ 
            0.966150869, -3.51683677e-12, 0.257977708, 
            3.02282862e-12, 1, 2.31154963e-12, 
            -0.257977708, -1.45348329e-12, 0.966150869 ]
        - 
          name: RLEG_JOINT5
          index: 31
          translation: [ 0.0600000245, -0.1, 0.16500053 ]
          rotation: [ 
            0.966150869, -3.51144155e-12, 0.257977708, 
            3.01778459e-12, 1, 2.30952649e-12, 
            -0.257977708, -1.45282988e-12, 0.966150869 ]
  - 
    time: 1.626
    refer: 
      type: Pose
      name: ""
      joints: [ 
        0, 1, 2, 3, 4, 5, 6, 7, 8, 9, 
        10, 11 ]
      q: [ 
        0.000146486315, 8.44094888e-05, 0.0074098588, 1.00259328, -0.662688636, -2.99981065e-05, 0.00014648634, 8.44095036e-05, 0.0074098588, 1.00259328, 
        -0.662688635, -2.99981135e-05 ]
      ikLinks: 
        - 
          name: WAIST
          index: 0
          isBaseLink: true
          translation: [ 0.3, 1.94289029e-16, 0.9963 ]
          rotation: [ 
            0.939692621, 1.08420217e-19, -0.342020143, 
            0, 1, 2.43945489e-19, 
            0.342020143, -1.55854062e-19, 0.939692621 ]
        - 
          name: LLEG_JOINT5
          index: 25
          translation: [ 0.230000196, 0.1, 0.190000029 ]
          rotation: [ 
            0.999998453, -0.000166469346, -0.00175133892, 
            0.000166470457, 0.999999986, 4.88813308e-07, 
            0.00175133881, -7.80358742e-07, 0.999998466 ]
        - 
          name: RLEG_JOINT5
          index: 31
          translation: [ 0.230000196, -0.1, 0.190000029 ]
          rotation: [ 
            0.999998453, -0.000166469317, -0.00175133991, 
            0.000166470428, 0.999999986, 4.88811281e-07, 
            0.00175133981, -7.8035683e-07, 0.999998466 ]
  - 
    time: 1.71
    refer: 
      type: Pose
      name: ""
      joints: [ 
        0, 1, 2, 3, 4, 5, 6, 7, 8, 9, 
        10, 11 ]
      q: [ 
        0.000164575192, 3.4633704e-05, -0.396569742, 1.17386687, -0.484923836, 1.42422016e-05, 0.000164575206, 3.46337015e-05, -0.396570628, 1.17386853, 
        -0.4849246, 1.42422064e-05 ]
      ikLinks: 
        - 
          name: LLEG_JOINT5
          index: 25
          translation: [ 0.429999979, 0.1, 0.120000895 ]
          rotation: [ 
            0.999999874, -0.000167573337, -0.000472687559, 
            0.000167573369, 0.999999986, 2.86493758e-08, 
            0.000472687547, -1.07859219e-07, 0.999999888 ]
        - 
          name: RLEG_JOINT5
          index: 31
          translation: [ 0.429999992, -0.1, 0.120000538 ]
          rotation: [ 
            0.999999874, -0.000167573324, -0.000472693229, 
            0.000167573357, 0.999999986, 2.86467289e-08, 
            0.000472693217, -1.07857516e-07, 0.999999888 ]
  - 
    time: 1.75
    refer: 
      type: Pose
      name: ""
      joints: [ 
        0, 1, 2, 3, 4, 5, 6, 7, 8, 9, 
        10, 11 ]
      q: [ 
        0.000167671822, 2.53409723e-05, -0.534849294, 1.32950993, -0.533409518, 1.8684669e-05, 0.000167671829, 2.53409733e-05, -0.534849294, 1.32950993, 
        -0.533409521, 1.86846852e-05 ]
      ikLinks: 
        - 
          name: WAIST
          index: 0
          isBaseLink: true
          translation: [ 0.35, 0, 0.85 ]
          rotation: [ 
            0.965925826, -8.13151629e-20, -0.258819045, 
            -5.42101086e-20, 1, 1.01643954e-20, 
            0.258819045, -4.06575815e-20, 0.965925826 ]
        - 
          name: LLEG_JOINT5
          index: 25
          translation: [ 0.455000022, 0.1, 0.103601011 ]
          rotation: [ 
            0.999999836, -0.00016852752, -0.000548265347, 
            0.000168527623, 0.999999986, 1.42081674e-07, 
            0.000548265316, -2.34479507e-07, 0.99999985 ]
          isTouching: true
          partingDirection: [ 0, 0, 1 ]
        - 
          name: RLEG_JOINT5
          index: 31
          translation: [ 0.455000022, -0.1, 0.103601011 ]
          rotation: [ 
            0.999999836, -0.000168527513, -0.000548262347, 
            0.000168527616, 0.999999986, 1.42097569e-07, 
            0.000548262316, -2.34494892e-07, 0.99999985 ]
          isTouching: true
          partingDirection: [ 0, 0, 1 ]
  - 
    time: 2
    refer: 
      type: Pose
      name: ""
      ikLinks: 
        - 
          name: WAIST
          index: 0
          isBaseLink: true
          translation: [ 0.45, -1.38777878e-17, 0.7 ]
          rotation: [ 
            0.996194698, -5.42101086e-20, -0.0871557427, 
            -5.42101086e-20, 1, -1.35525272e-20, 
            0.0871557427, 3.38813179e-21, 0.996194698 ]
  - 
    time: 2.5
    refer: 
      type: Pose
      name: ""
      joints: [ 
        0, 1, 2, 3, 4, 5, 6, 7, 8, 9, 
        10, 11 ]
      q: [ 
        0.000166308206, -1.82760904e-06, -0.994403641, 1.89550745, -0.900609362, 1.49279571e-06, 0.000166308246, -1.82761058e-06, -0.994403642, 1.89550745, 
        -0.900609371, 1.49279498e-06 ]
      ikLinks: 
        - 
          name: WAIST
          index: 0
          translation: [ 0.45, 1.38777878e-17, 0.7 ]
          rotation: [ 
            1, 1.08420217e-19, 6.24073917e-17, 
            -2.71050543e-20, 1, 5.92923063e-21, 
            -4.99600369e-16, 7.12134821e-21, 1 ]
        - 
          name: LLEG_JOINT5
          index: 25
          translation: [ 0.45499993, 0.0999999992, 0.103600883 ]
          rotation: [ 
            0.999999864, -0.000166307507, 0.000494434494, 
            0.000166307321, 0.999999986, 4.17043906e-07, 
            -0.000494434556, -3.34815773e-07, 0.999999878 ]
          isTouching: true
          partingDirection: [ 0, 0, 1 ]
        - 
          name: RLEG_JOINT5
          index: 31
          translation: [ 0.45499993, -0.100000001, 0.103600883 ]
          rotation: [ 
            0.999999864, -0.000166307467, 0.000494443494, 
            0.000166307282, 0.999999986, 4.17043122e-07, 
            -0.000494443556, -3.34813512e-07, 0.999999878 ]
          isTouching: true
          partingDirection: [ 0, 0, 1 ]
  - 
    time: 3
    refer: 
      type: Pose
      name: ""
      joints: [ 
        0, 1, 2, 3, 4, 5, 6, 7, 8, 9, 
        10, 11, 12, 13, 14, 15, 16, 17, 18, 19, 
        20, 21, 22, 23, 24, 25, 26, 27, 28, 29, 
        30 ]
      q: [ 
        1.8922549e-14, -2.16838088e-06, -0.995018841, 1.89550372, -0.900484882, 2.16838088e-06, 3.44657579e-14, -2.1745672e-06, -0.995091824, 1.89550238, 
        -0.900410565, 2.1745672e-06, 0, 0, 0, 0, 0, 0.698131701, -0.34906585, -0.0872664626, 
        -1.3962634, 0, 0, 0, 0.698131701, 0.34906585, 0.0872664626, -1.3962634, 0, 0, 
        0 ]
      ikLinks: 
        - 
          name: WAIST
          index: 0
          isBaseLink: true
          translation: [ 0.45, 0, 0.7 ]
          rotation: [ 
            0.999999861, -0.000167849467, 0.000499433808, 
            0.000167849571, 0.999999986, -1.67072311e-07, 
            -0.000499433773, 2.50902038e-07, 0.999999875 ]
        - 
          name: LARM_JOINT6
          index: 12
          translation: [ 0.433620688, 0.342276019, 0.641846379 ]
          rotation: [ 
            0.731044141, 0.152245743, -0.665128332, 
            -0.322479821, 0.936142295, -0.140158372, 
            0.601316248, 0.316952422, 0.733457519 ]
        - 
          name: RARM_JOINT6
          index: 19
          translation: [ 0.433735591, -0.342281469, 0.641846208 ]
          rotation: [ 
            0.730935843, -0.152559996, -0.665175346, 
            0.322724911, 0.936091292, 0.139934713, 
            0.60131641, -0.316951952, 0.73345759 ]
        - 
          name: LLEG_JOINT5
          index: 25
          translation: [ 0.454999939, 0.1, 0.103600289 ]
          rotation: [ 
            0.999999861, -0.000167849467, 0.000499426808, 
            0.000167849571, 0.999999986, -1.67073486e-07, 
            -0.000499426773, 2.50902038e-07, 0.999999875 ]
          isTouching: true
          partingDirection: [ 0, 0, 1 ]
        - 
          name: RLEG_JOINT5
          index: 31
          translation: [ 0.454999939, -0.1, 0.103600289 ]
          rotation: [ 
            0.999999861, -0.000167849467, 0.000499432808, 
            0.000167849571, 0.999999986, -1.67072479e-07, 
            -0.000499432773, 2.50902038e-07, 0.999999875 ]
          isTouching: true
          partingDirection: [ 0, 0, 1 ]
