# Body pose sequence format version 1.0 defined by cnoid-Robotics

type: PoseSeq
name: "jump-150msec"
targetBody: "JAXON_BLUE"
refs: 
  - 
    time: 0
    refer: 
      type: Pose
      name: ""
      joints: [ 
        0, 1, 2, 3, 4, 5, 6, 7, 8, 9, 
        10, 11, 12, 13, 14, 15, 16, 17, 18, 19, 
        20, 21, 22, 23, 24, 25, 26, 27, 28, 29, 
        30 ]
      q: [ 
        1.90226153e-19, 4.6590047e-18, -0.291687718, 0.687644268, -0.395956552, -5.90674691e-18, 1.9399532e-19, 4.75821124e-18, -0.291687718, 0.687644268, 
        -0.395956552, -6.03253236e-18, 0, 0, 0, 0, 0, 0.698132, -0.349066, -0.087266, 
        -1.396263, 0, 0, 0, 0.698132, 0.349066, 0.087266, -1.396263, 0, 0, 
        0 ]
      ikLinks: 
        - 
          name: WAIST
          index: 0
          isBaseLink: true
          translation: [ 2.49800181e-18, 0, 0.9775 ]
          rotation: [ 
            1, -7.22223729e-35, -2.77555756e-16, 
            -1.6851887e-34, 1, 1.54074396e-33, 
            2.77555756e-16, 1.59354232e-33, 1 ]
        - 
          name: LARM_JOINT6
          index: 12
          translation: [ -0.0162930225, 0.342278723, 0.919338074 ]
          rotation: [ 
            0.730689996, 0.152245103, -0.665517511, 
            -0.322602529, 0.936116794, -0.140046267, 
            0.601680761, 0.317028039, 0.733125832 ]
        - 
          name: RARM_JOINT6
          index: 19
          translation: [ -0.0162930225, -0.342278723, 0.919338074 ]
          rotation: [ 
            0.730689996, -0.152245103, -0.665517511, 
            0.322602529, 0.936116794, 0.140046267, 
            0.601680761, -0.317028039, 0.733125832 ]
        - 
          name: LLEG_JOINT5
          index: 25
          translation: [ -0.0450001185, 0.1, 0.103500015 ]
          rotation: [ 
            1, -1.93995314e-19, -1.00001329e-09, 
            1.93995316e-19, 1, 1.27432112e-18, 
            1.00001329e-09, -1.27432112e-18, 1 ]
          isTouching: true
          partingDirection: [ 0, 0, 1 ]
        - 
          name: RLEG_JOINT5
          index: 31
          translation: [ -0.0450001185, -0.1, 0.103500015 ]
          rotation: [ 
            1, -1.90226147e-19, -1.00001335e-09, 
            1.90226148e-19, 1, 1.24774221e-18, 
            1.00001335e-09, -1.24774221e-18, 1 ]
          isTouching: true
          partingDirection: [ 0, 0, 1 ]
  - 
    time: 0.2
    refer: 
      type: Pose
      name: ""
      joints: [ 
        0, 1, 2, 3, 4, 5, 6, 7, 8, 9, 
        10, 11, 12, 13, 14, 15, 16, 17, 18, 19, 
        20, 21, 22, 23, 24, 25, 26, 27, 28, 29, 
        30 ]
      q: [ 
        1.90226153e-19, 4.6590047e-18, -0.291687718, 0.687644268, -0.395956552, -5.90674691e-18, 1.9399532e-19, 4.75821124e-18, -0.291687718, 0.687644268, 
        -0.395956552, -6.03253236e-18, 0, 0, 0, 0, 0, 0.698132, -0.349066, -0.087266, 
        -1.396263, 0, 0, 0, 0.698132, 0.349066, 0.087266, -1.396263, 0, 0, 
        0 ]
      ikLinks: 
        - 
          name: WAIST
          index: 0
          isBaseLink: true
          translation: [ 2.49800181e-18, 0, 0.9775 ]
          rotation: [ 
            1, -7.22223729e-35, -2.77555756e-16, 
            -1.6851887e-34, 1, 1.54074396e-33, 
            2.77555756e-16, 1.59354232e-33, 1 ]
        - 
          name: LARM_JOINT6
          index: 12
          translation: [ -0.0162930225, 0.342278723, 0.919338074 ]
          rotation: [ 
            0.730689996, 0.152245103, -0.665517511, 
            -0.322602529, 0.936116794, -0.140046267, 
            0.601680761, 0.317028039, 0.733125832 ]
        - 
          name: RARM_JOINT6
          index: 19
          translation: [ -0.0162930225, -0.342278723, 0.919338074 ]
          rotation: [ 
            0.730689996, -0.152245103, -0.665517511, 
            0.322602529, 0.936116794, 0.140046267, 
            0.601680761, -0.317028039, 0.733125832 ]
        - 
          name: LLEG_JOINT5
          index: 25
          translation: [ -0.0450001185, 0.1, 0.103500015 ]
          rotation: [ 
            1, -1.93995314e-19, -1.00001329e-09, 
            1.93995316e-19, 1, 1.27432112e-18, 
            1.00001329e-09, -1.27432112e-18, 1 ]
          isTouching: true
          partingDirection: [ 0, 0, 1 ]
        - 
          name: RLEG_JOINT5
          index: 31
          translation: [ -0.0450001185, -0.1, 0.103500015 ]
          rotation: [ 
            1, -1.90226147e-19, -1.00001335e-09, 
            1.90226148e-19, 1, 1.24774221e-18, 
            1.00001335e-09, -1.24774221e-18, 1 ]
          isTouching: true
          partingDirection: [ 0, 0, 1 ]
  - 
    time: 1.25
    refer: 
      type: Pose
      name: ""
      joints: [ 
        0, 1, 2, 3, 4, 5, 6, 7, 8, 9, 
        10, 11, 12, 13, 14, 15, 16, 17, 18, 19, 
        20, 21, 22, 23, 24, 25, 26, 27, 28, 29, 
        30 ]
      q: [ 
        5.80501076e-19, -1.36703149e-17, -0.794763598, 1.55696364, -0.76220005, 1.75496261e-17, 7.54110987e-19, -6.53262879e-18, -0.794763598, 1.55696364, 
        -0.76220005, 9.37123489e-18, 0, 0, 0, 0, 0, 0.698132, -0.349066, -0.087266, 
        -1.396263, 0, 0, 0, 0.698132, 0.349066, 0.087266, -1.396263, 0, 0, 
        0 ]
      ikLinks: 
        - 
          name: WAIST
          index: 0
          isBaseLink: true
          translation: [ -0.04, 0, 0.8 ]
          rotation: [ 
            1, 1.57926255e-32, -3.33066907e-16, 
            -1.7237073e-32, 1, 1.07852077e-32, 
            3.33066907e-16, -9.05111803e-33, 1 ]
        - 
          name: LARM_JOINT6
          index: 12
          translation: [ -0.0562930225, 0.342278723, 0.741838074 ]
          rotation: [ 
            0.730689996, 0.152245103, -0.665517511, 
            -0.322602529, 0.936116794, -0.140046267, 
            0.601680761, 0.317028039, 0.733125832 ]
        - 
          name: RARM_JOINT6
          index: 19
          translation: [ -0.0562930225, -0.342278723, 0.741838074 ]
          rotation: [ 
            0.730689996, -0.152245103, -0.665517511, 
            0.322602529, 0.936116794, 0.140046267, 
            0.601680761, -0.317028039, 0.733125832 ]
        - 
          name: LLEG_JOINT5
          index: 25
          translation: [ -0.0450005263, 0.1, 0.103500229 ]
          rotation: [ 
            1, -7.54111015e-19, -3.00008818e-09, 
            7.54111007e-19, 1, -2.83860609e-18, 
            3.00008818e-09, 2.83860609e-18, 1 ]
          isTouching: true
          partingDirection: [ 0, 0, 1 ]
        - 
          name: RLEG_JOINT5
          index: 31
          translation: [ -0.0450005263, -0.1, 0.103500229 ]
          rotation: [ 
            1, -5.80501129e-19, -3.00008807e-09, 
            5.80501117e-19, 1, -3.87931113e-18, 
            3.00008807e-09, 3.87931113e-18, 1 ]
          isTouching: true
          partingDirection: [ 0, 0, 1 ]
  - 
    time: 1.5
    refer: 
      type: Pose
      name: ""
      joints: [ 
        0, 1, 2, 3, 4, 5, 6, 7, 8, 9, 
        10, 11, 12, 13, 14, 15, 16, 17, 18, 19, 
        20, 21, 22, 23, 24, 25, 26, 27, 28, 29, 
        30 ]
      q: [ 
        -1.44111005e-19, -4.27751731e-18, -0.550268453, 1.14377469, -0.593506236, 5.19344875e-18, -1.55613585e-19, -4.54414702e-18, -0.550268453, 1.14377469, 
        -0.593506236, 5.51725903e-18, 0, 0, 0, 0, 0, 0.698132, -0.349066, -0.087266, 
        -1.396263, 0, 0, 0, 0.698132, 0.349066, 0.087266, -1.396263, 0, 0, 
        0 ]
      ikLinks: 
        - 
          name: WAIST
          index: 0
          isBaseLink: true
          translation: [ -0.02, 0, 0.9 ]
          rotation: [ 
            1, 1.03518735e-33, 2.22044605e-16, 
            -3.85185989e-34, 1, 0, 
            -2.22044605e-16, 3.19990713e-35, 1 ]
        - 
          name: LARM_JOINT6
          index: 12
          translation: [ -0.0362930225, 0.342278723, 0.841838074 ]
          rotation: [ 
            0.730689996, 0.152245103, -0.665517511, 
            -0.322602529, 0.936116794, -0.140046267, 
            0.601680761, 0.317028039, 0.733125832 ]
        - 
          name: RARM_JOINT6
          index: 19
          translation: [ -0.0362930225, -0.342278723, 0.841838074 ]
          rotation: [ 
            0.730689996, -0.152245103, -0.665517511, 
            0.322602529, 0.936116794, 0.140046267, 
            0.601680761, -0.317028039, 0.733125832 ]
        - 
          name: LLEG_JOINT5
          index: 25
          translation: [ -0.0450003217, 0.1, 0.103500077 ]
          rotation: [ 
            1, 1.55613601e-19, 2.99995678e-09, 
            -1.55613598e-19, 1, -9.73112018e-19, 
            -2.99995678e-09, 9.73112017e-19, 1 ]
          isTouching: true
          partingDirection: [ 0, 0, 1 ]
        - 
          name: RLEG_JOINT5
          index: 31
          translation: [ -0.0450003217, -0.1, 0.103500077 ]
          rotation: [ 
            1, 1.44111021e-19, 2.99995628e-09, 
            -1.44111018e-19, 1, -9.1593144e-19, 
            -2.99995628e-09, 9.15931439e-19, 1 ]
          isTouching: true
          partingDirection: [ 0, 0, 1 ]
  - 
    time: 1.574
    refer: 
      type: Pose
      name: ""
      joints: [ 
        0, 1, 2, 3, 4, 5, 6, 7, 8, 9, 
        10, 11, 12, 13, 14, 15, 16, 17, 18, 19, 
        20, 21, 22, 23, 24, 25, 26, 27, 28, 29, 
        30 ]
      q: [ 
        4.73627595e-19, 1.20371737e-17, -0.491196925, 1.02707748, -0.535880557, -1.48158144e-17, 1.96551299e-19, 4.45628703e-18, -0.49119807, 1.02707974, 
        -0.535881664, -5.48531775e-18, 0, 0, 0, 0, 0, 0.698132, -0.349066, -0.087266, 
        -1.396263, 0, 0, 0, 0.698132, 0.349066, 0.087266, -1.396263, 0, 0, 
        0 ]
      ikLinks: 
        - 
          name: WAIST
          index: 0
          isBaseLink: true
          translation: [ -0.02, 0, 0.93 ]
          rotation: [ 
            1, -5.77778983e-34, 5.55111512e-17, 
            -4.81482486e-34, 1, -3.08148791e-33, 
            -5.55111512e-17, -3.10777952e-33, 1 ]
        - 
          name: LARM_JOINT6
          index: 12
          translation: [ -0.0362930225, 0.342278723, 0.871838074 ]
          rotation: [ 
            0.730689996, 0.152245103, -0.665517511, 
            -0.322602529, 0.936116794, -0.140046267, 
            0.601680761, 0.317028039, 0.733125832 ]
        - 
          name: RARM_JOINT6
          index: 19
          translation: [ -0.0362930225, -0.342278723, 0.871838074 ]
          rotation: [ 
            0.730689996, -0.152245103, -0.665517511, 
            0.322602529, 0.936116794, 0.140046267, 
            0.601680761, -0.317028039, 0.733125832 ]
        - 
          name: LLEG_JOINT5
          index: 25
          translation: [ -0.0450003196, 0.1, 0.110000501 ]
          rotation: [ 
            1, -1.96551326e-19, 4.99995845e-09, 
            1.96551321e-19, 1, 1.02903072e-18, 
            -4.99995845e-09, -1.02903071e-18, 1 ]
        - 
          name: RLEG_JOINT5
          index: 31
          translation: [ -0.0450003214, -0.1, 0.110000069 ]
          rotation: [ 
            1, -4.73627625e-19, 1.99995848e-09, 
            4.73627619e-19, 1, 2.77864073e-18, 
            -1.99995848e-09, -2.77864073e-18, 1 ]
  - 
    time: 1.65
    refer: 
      type: Pose
      name: ""
      joints: [ 
        0, 1, 2, 3, 4, 5, 6, 7, 8, 9, 
        10, 11, 12, 13, 14, 15, 16, 17, 18, 19, 
        20, 21, 22, 23, 24, 25, 26, 27, 28, 29, 
        30 ]
      q: [ 
        -4.85873777e-19, -1.40352157e-17, -0.550268453, 1.14377469, -0.593506236, 1.70469628e-17, -4.9768803e-19, -1.4420153e-17, -0.550268453, 1.14377469, 
        -0.593506236, 1.75143979e-17, 0, 0, 0, 0, 0, 0.698132, -0.349066, -0.087266, 
        -1.396263, 0, 0, 0, 0.698132, 0.349066, 0.087266, -1.396263, 0, 0, 
        0 ]
      ikLinks: 
        - 
          name: WAIST
          index: 0
          isBaseLink: true
          translation: [ -0.02, 0, 0.9 ]
          rotation: [ 
            1, -9.62964972e-35, -2.77555756e-16, 
            1.54074396e-33, 1, -3.08148791e-33, 
            2.77555756e-16, -1.34857064e-34, 1 ]
        - 
          name: LARM_JOINT6
          index: 12
          translation: [ -0.0362930225, 0.342278723, 0.841838074 ]
          rotation: [ 
            0.730689996, 0.152245103, -0.665517511, 
            -0.322602529, 0.936116794, -0.140046267, 
            0.601680761, 0.317028039, 0.733125832 ]
        - 
          name: RARM_JOINT6
          index: 19
          translation: [ -0.0362930225, -0.342278723, 0.841838074 ]
          rotation: [ 
            0.730689996, -0.152245103, -0.665517511, 
            0.322602529, 0.936116794, 0.140046267, 
            0.601680761, -0.317028039, 0.733125832 ]
        - 
          name: LLEG_JOINT5
          index: 25
          translation: [ -0.0450003217, 0.1, 0.103500077 ]
          rotation: [ 
            1, 4.97688083e-19, 2.99995551e-09, 
            -4.97688073e-19, 1, -3.0942449e-18, 
            -2.99995551e-09, 3.0942449e-18, 1 ]
          isTouching: true
          partingDirection: [ 0, 0, 1 ]
        - 
          name: RLEG_JOINT5
          index: 31
          translation: [ -0.0450003217, -0.1, 0.103500077 ]
          rotation: [ 
            1, 4.85873828e-19, 2.99995562e-09, 
            -4.85873819e-19, 1, -3.01174713e-18, 
            -2.99995562e-09, 3.01174713e-18, 1 ]
          isTouching: true
          partingDirection: [ 0, 0, 1 ]
  - 
    time: 1.9
    refer: 
      type: Pose
      name: ""
      joints: [ 
        0, 1, 2, 3, 4, 5, 6, 7, 8, 9, 
        10, 11, 12, 13, 14, 15, 16, 17, 18, 19, 
        20, 21, 22, 23, 24, 25, 26, 27, 28, 29, 
        30 ]
      q: [ 
        5.80501076e-19, -1.36703149e-17, -0.794763598, 1.55696364, -0.76220005, 1.75496261e-17, 7.54110987e-19, -6.53262879e-18, -0.794763598, 1.55696364, 
        -0.76220005, 9.37123489e-18, 0, 0, 0, 0, 0, 0.698132, -0.349066, -0.087266, 
        -1.396263, 0, 0, 0, 0.698132, 0.349066, 0.087266, -1.396263, 0, 0, 
        0 ]
      ikLinks: 
        - 
          name: WAIST
          index: 0
          isBaseLink: true
          translation: [ -0.04, 0, 0.8 ]
          rotation: [ 
            1, 1.57926255e-32, -3.33066907e-16, 
            -1.7237073e-32, 1, 1.07852077e-32, 
            3.33066907e-16, -9.05111803e-33, 1 ]
        - 
          name: LARM_JOINT6
          index: 12
          translation: [ -0.0562930225, 0.342278723, 0.741838074 ]
          rotation: [ 
            0.730689996, 0.152245103, -0.665517511, 
            -0.322602529, 0.936116794, -0.140046267, 
            0.601680761, 0.317028039, 0.733125832 ]
        - 
          name: RARM_JOINT6
          index: 19
          translation: [ -0.0562930225, -0.342278723, 0.741838074 ]
          rotation: [ 
            0.730689996, -0.152245103, -0.665517511, 
            0.322602529, 0.936116794, 0.140046267, 
            0.601680761, -0.317028039, 0.733125832 ]
        - 
          name: LLEG_JOINT5
          index: 25
          translation: [ -0.0450005263, 0.1, 0.103500229 ]
          rotation: [ 
            1, -7.54111015e-19, -3.00008818e-09, 
            7.54111007e-19, 1, -2.83860609e-18, 
            3.00008818e-09, 2.83860609e-18, 1 ]
          isTouching: true
          partingDirection: [ 0, 0, 1 ]
        - 
          name: RLEG_JOINT5
          index: 31
          translation: [ -0.0450005263, -0.1, 0.103500229 ]
          rotation: [ 
            1, -5.80501129e-19, -3.00008807e-09, 
            5.80501117e-19, 1, -3.87931113e-18, 
            3.00008807e-09, 3.87931113e-18, 1 ]
          isTouching: true
          partingDirection: [ 0, 0, 1 ]
  - 
    time: 2.3
    refer: 
      type: Pose
      name: ""
      joints: [ 
        0, 1, 2, 3, 4, 5, 6, 7, 8, 9, 
        10, 11, 12, 13, 14, 15, 16, 17, 18, 19, 
        20, 21, 22, 23, 24, 25, 26, 27, 28, 29, 
        30 ]
      q: [ 
        5.80501076e-19, -1.36703149e-17, -0.794763598, 1.55696364, -0.76220005, 1.75496261e-17, 7.54110987e-19, -6.53262879e-18, -0.794763598, 1.55696364, 
        -0.76220005, 9.37123489e-18, 0, 0, 0, 0, 0, 0.698132, -0.349066, -0.087266, 
        -1.396263, 0, 0, 0, 0.698132, 0.349066, 0.087266, -1.396263, 0, 0, 
        0 ]
      ikLinks: 
        - 
          name: WAIST
          index: 0
          isBaseLink: true
          translation: [ -0.04, 0, 0.8 ]
          rotation: [ 
            1, 1.57926255e-32, -3.33066907e-16, 
            -1.7237073e-32, 1, 1.07852077e-32, 
            3.33066907e-16, -9.05111803e-33, 1 ]
        - 
          name: LARM_JOINT6
          index: 12
          translation: [ -0.0562930225, 0.342278723, 0.741838074 ]
          rotation: [ 
            0.730689996, 0.152245103, -0.665517511, 
            -0.322602529, 0.936116794, -0.140046267, 
            0.601680761, 0.317028039, 0.733125832 ]
        - 
          name: RARM_JOINT6
          index: 19
          translation: [ -0.0562930225, -0.342278723, 0.741838074 ]
          rotation: [ 
            0.730689996, -0.152245103, -0.665517511, 
            0.322602529, 0.936116794, 0.140046267, 
            0.601680761, -0.317028039, 0.733125832 ]
        - 
          name: LLEG_JOINT5
          index: 25
          translation: [ -0.0450005263, 0.1, 0.103500229 ]
          rotation: [ 
            1, -7.54111015e-19, -3.00008818e-09, 
            7.54111007e-19, 1, -2.83860609e-18, 
            3.00008818e-09, 2.83860609e-18, 1 ]
          isTouching: true
          partingDirection: [ 0, 0, 1 ]
        - 
          name: RLEG_JOINT5
          index: 31
          translation: [ -0.0450005263, -0.1, 0.103500229 ]
          rotation: [ 
            1, -5.80501129e-19, -3.00008807e-09, 
            5.80501117e-19, 1, -3.87931113e-18, 
            3.00008807e-09, 3.87931113e-18, 1 ]
          isTouching: true
          partingDirection: [ 0, 0, 1 ]
