# Body pose sequence format version 1.0 defined by cnoid-Robotics

type: PoseSeq
name: "jump-toe-takeoff-270msec"
targetBody: "JAXON_BLUE"
refs: 
  - 
    time: 0
    refer: 
      type: Pose
      name: ""
      joints: [ 
        0, 1, 2, 3, 4, 5, 6, 7, 8, 9, 
        10, 11, 12, 13, 14, 15, 16, 17, 18, 19, 
        20, 21, 22, 23, 24, 25, 26, 27, 28, 29, 
        30 ]
      q: [ 
        1.90226153e-19, 4.6590047e-18, -0.291687718, 0.687644268, -0.395956552, -5.90674691e-18, 1.9399532e-19, 4.75821124e-18, -0.291687718, 0.687644268, 
        -0.395956552, -6.03253236e-18, 0, 0, 0, 0, 0, 0.698132, -0.349066, -0.087266, 
        -1.396263, 0, 0, 0, 0.698132, 0.349066, 0.087266, -1.396263, 0, 0, 
        0 ]
      ikLinks: 
        - 
          name: WAIST
          index: 0
          isBaseLink: true
          translation: [ 1.18237484e-07, 0, 0.996999985 ]
          rotation: [ 
            1, 4.81482486e-34, -3.33066907e-16, 
            7.22223729e-35, 1, 2.31111593e-33, 
            3.33066907e-16, -2.24650251e-33, 1 ]
        - 
          name: LARM_JOINT6
          index: 12
          translation: [ -0.0162929043, 0.342278723, 0.938838059 ]
          rotation: [ 
            0.730689996, 0.152245103, -0.665517511, 
            -0.322602529, 0.936116794, -0.140046267, 
            0.601680761, 0.317028039, 0.733125832 ]
        - 
          name: RARM_JOINT6
          index: 19
          translation: [ -0.0162929043, -0.342278723, 0.938838059 ]
          rotation: [ 
            0.730689996, -0.152245103, -0.665517511, 
            0.322602529, 0.936116794, 0.140046267, 
            0.601680761, -0.317028039, 0.733125832 ]
        - 
          name: LLEG_JOINT5
          index: 25
          translation: [ -0.045, 0.1, 0.123 ]
          rotation: [ 
            1, -1.93995308e-19, -2.00000033e-09, 
            1.9399531e-19, 1, 1.27432112e-18, 
            2.00000033e-09, -1.27432112e-18, 1 ]
          isTouching: true
          partingDirection: [ 0, 0, 1 ]
        - 
          name: RLEG_JOINT5
          index: 31
          translation: [ -0.045, -0.1, 0.123 ]
          rotation: [ 
            1, -1.90226141e-19, -2.00000033e-09, 
            1.90226144e-19, 1, 1.24774221e-18, 
            2.00000033e-09, -1.24774221e-18, 1 ]
          isTouching: true
          partingDirection: [ 0, 0, 1 ]
  - 
    time: 0.2
    refer: 
      type: Pose
      name: ""
      joints: [ 
        0, 1, 2, 3, 4, 5, 6, 7, 8, 9, 
        10, 11, 12, 13, 14, 15, 16, 17, 18, 19, 
        20, 21, 22, 23, 24, 25, 26, 27, 28, 29, 
        30 ]
      q: [ 
        1.90226153e-19, 4.6590047e-18, -0.291687718, 0.687644268, -0.395956552, -5.90674691e-18, 1.9399532e-19, 4.75821124e-18, -0.291687718, 0.687644268, 
        -0.395956552, -6.03253236e-18, 0, 0, 0, 0, 0, 0.698132, -0.349066, -0.087266, 
        -1.396263, 0, 0, 0, 0.698132, 0.349066, 0.087266, -1.396263, 0, 0, 
        0 ]
      ikLinks: 
        - 
          name: WAIST
          index: 0
          isBaseLink: true
          translation: [ 1.18237484e-07, 0, 0.996999985 ]
          rotation: [ 
            1, 4.81482486e-34, -3.33066907e-16, 
            7.22223729e-35, 1, 2.31111593e-33, 
            3.33066907e-16, -2.24650251e-33, 1 ]
        - 
          name: LARM_JOINT6
          index: 12
          translation: [ -0.0162929043, 0.342278723, 0.938838059 ]
          rotation: [ 
            0.730689996, 0.152245103, -0.665517511, 
            -0.322602529, 0.936116794, -0.140046267, 
            0.601680761, 0.317028039, 0.733125832 ]
        - 
          name: RARM_JOINT6
          index: 19
          translation: [ -0.0162929043, -0.342278723, 0.938838059 ]
          rotation: [ 
            0.730689996, -0.152245103, -0.665517511, 
            0.322602529, 0.936116794, 0.140046267, 
            0.601680761, -0.317028039, 0.733125832 ]
        - 
          name: LLEG_JOINT5
          index: 25
          translation: [ -0.045, 0.1, 0.123 ]
          rotation: [ 
            1, -1.93995308e-19, -2.00000033e-09, 
            1.9399531e-19, 1, 1.27432112e-18, 
            2.00000033e-09, -1.27432112e-18, 1 ]
          isTouching: true
          partingDirection: [ 0, 0, 1 ]
        - 
          name: RLEG_JOINT5
          index: 31
          translation: [ -0.045, -0.1, 0.123 ]
          rotation: [ 
            1, -1.90226141e-19, -2.00000033e-09, 
            1.90226144e-19, 1, 1.24774221e-18, 
            2.00000033e-09, -1.24774221e-18, 1 ]
          isTouching: true
          partingDirection: [ 0, 0, 1 ]
  - 
    time: 1.3
    refer: 
      type: Pose
      name: ""
      joints: [ 
        12, 13, 14, 15, 16, 17, 18, 19, 20, 21, 
        22, 23, 24, 25, 26, 27, 28, 29, 30 ]
      q: [ 
        0, 0, 0, 0, 0, 0.698132, -0.349066, -0.087266, -1.396263, 0, 
        0, 0, 0.698132, 0.349066, 0.087266, -1.396263, 0, 0, 0 ]
      ikLinks: 
        - 
          name: WAIST
          index: 0
          isBaseLink: true
          translation: [ 0.0199990407, 0, 0.799393362 ]
          rotation: [ 
            1, -3.68815584e-32, 5.55111512e-17, 
            3.84223024e-32, 1, 7.39557099e-32, 
            -5.55111512e-17, -7.39290866e-32, 1 ]
        - 
          name: LARM_JOINT6
          index: 12
          translation: [ 0.00370601823, 0.342278723, 0.741231436 ]
          rotation: [ 
            0.730689996, 0.152245103, -0.665517511, 
            -0.322602529, 0.936116794, -0.140046267, 
            0.601680761, 0.317028039, 0.733125832 ]
        - 
          name: RARM_JOINT6
          index: 19
          translation: [ 0.00370601823, -0.342278723, 0.741231436 ]
          rotation: [ 
            0.730689996, -0.152245103, -0.665517511, 
            0.322602529, 0.936116794, 0.140046267, 
            0.601680761, -0.317028039, 0.733125832 ]
  - 
    time: 1.35
    refer: 
      type: Pose
      name: ""
      joints: [ 
        0, 1, 2, 3, 4, 5, 6, 7, 8, 9, 
        10, 11 ]
      q: [ 
        -4.78009645e-19, 1.86039095e-17, -0.654113326, 1.48797087, -0.833857545, -2.01703056e-17, -5.16018152e-19, 1.75807974e-17, -0.654113326, 1.48797087, 
        -0.833857545, -1.89092137e-17 ]
      ikLinks: 
        - 
          name: LLEG_JOINT5
          index: 25
          translation: [ -0.045, 0.1, 0.123 ]
          rotation: [ 
            1, 5.16018209e-19, -2.99987846e-09, 
            -5.16018205e-19, 1, 1.3284163e-18, 
            2.99987846e-09, -1.3284163e-18, 1 ]
          isTouching: true
          partingDirection: [ 0, 0, 1 ]
        - 
          name: RLEG_JOINT5
          index: 31
          translation: [ -0.045, -0.1, 0.123 ]
          rotation: [ 
            1, 4.78009705e-19, -2.99987851e-09, 
            -4.780097e-19, 1, 1.56639606e-18, 
            2.99987851e-09, -1.56639606e-18, 1 ]
          isTouching: true
          partingDirection: [ 0, 0, 1 ]
  - 
    time: 1.5
    refer: 
      type: Pose
      name: ""
      joints: [ 
        0, 1, 2, 3, 4, 5, 6, 7, 8, 9, 
        10, 11, 12, 13, 14, 15, 16, 17, 18, 19, 
        20, 21, 22, 23, 24, 25, 26, 27, 28, 29, 
        30 ]
      q: [ 
        3.30410838e-18, -7.19240121e-18, -0.62720868, 1.31203937, -0.423895156, 1.02324185e-17, 4.71729039e-18, -7.4569149e-18, -0.627682067, 1.31298225, 
        -0.422619488, 1.29955133e-17, 0, 0, 0, 0, 0, 0.698132, -0.349066, -0.087266, 
        -1.396263, 0, 0, 0, 0.698132, 0.349066, 0.087266, -1.396263, 0, 0, 
        0 ]
      ikLinks: 
        - 
          name: WAIST
          index: 0
          isBaseLink: true
          translation: [ 0.0199994953, 0, 0.919960193 ]
          rotation: [ 
            1, 2.31111593e-33, 9.99200722e-16, 
            -3.85185989e-33, 1, 6.16297582e-33, 
            -9.99200722e-16, -3.17277601e-33, 1 ]
        - 
          name: LARM_JOINT6
          index: 12
          translation: [ 0.0037064728, 0.342278723, 0.861798267 ]
          rotation: [ 
            0.730689996, 0.152245103, -0.665517511, 
            -0.322602529, 0.936116794, -0.140046267, 
            0.601680761, 0.317028039, 0.733125832 ]
        - 
          name: RARM_JOINT6
          index: 19
          translation: [ 0.0037064728, -0.342278723, 0.861798267 ]
          rotation: [ 
            0.730689996, -0.152245103, -0.665517511, 
            0.322602529, 0.936116794, 0.140046267, 
            0.601680761, -0.317028039, 0.733125832 ]
        - 
          name: LLEG_JOINT5
          index: 25
          translation: [ -0.01, 0.1, 0.1617 ]
          rotation: [ 
            0.965697352, -1.34274257e-18, 0.259670222, 
            2.61913609e-18, 1, -4.56945048e-18, 
            -0.259670222, 5.09281788e-18, 0.965697352 ]
          isTouching: true
          partingDirection: [ 0, 0, 1 ]
        - 
          name: RLEG_JOINT5
          index: 31
          translation: [ -0.010000198, -0.1, 0.161475568 ]
          rotation: [ 
            0.966149048, -6.64302703e-19, 0.25798453, 
            1.33673292e-18, 1, -2.43107807e-18, 
            -0.25798453, 2.69364018e-18, 0.966149048 ]
          isTouching: true
          partingDirection: [ 0, 0, 1 ]
  - 
    time: 1.6
    refer: 
      type: Pose
      name: ""
      joints: [ 
        0, 1, 2, 3, 4, 5, 6, 7, 8, 9, 
        10, 11 ]
      q: [ 
        -9.41594483e-19, 6.63192951e-18, -0.521640986, 1.09568414, -0.451337813, -7.03498e-18, -9.07795774e-19, 6.88117033e-18, -0.521640986, 1.09568414, 
        -0.451337694, -7.2828246e-18 ]
      ikLinks: 
        - 
          name: LLEG_JOINT5
          index: 25
          translation: [ -0.02, 0.1, 0.18 ]
          rotation: [ 
            0.992481126, 1.63943273e-20, 0.12239777, 
            -5.87303129e-20, 1, 3.42280744e-19, 
            -0.12239777, -3.46895638e-19, 0.992481126 ]
        - 
          name: RLEG_JOINT5
          index: 31
          translation: [ -0.0200000001, -0.1, 0.18 ]
          rotation: [ 
            0.992481141, 8.05294932e-20, 0.122397652, 
            -1.2278221e-19, 1, 3.37666076e-19, 
            -0.122397652, -3.50155467e-19, 0.992481141 ]
  - 
    time: 1.636
    refer: 
      type: Pose
      name: ""
      ikLinks: 
        - 
          name: WAIST
          index: 0
          isBaseLink: true
          translation: [ 0.00504383472, 2.05518935e-12, 0.990046717 ]
          rotation: [ 
            1, 5.16987883e-26, 7.7714997e-16, 
            -2.06795153e-25, 1, -2.26182199e-26, 
            -7.77156117e-16, -7.90856342e-27, 1 ]
  - 
    time: 1.67
    refer: 
      type: Pose
      name: ""
      joints: [ 
        0, 1, 2, 3, 4, 5, 6, 7, 8, 9, 
        10, 11 ]
      q: [ 
        -6.7960814e-10, -4.05558258e-11, -0.447267199, 0.979060791, -0.53091743, 1.4547258e-09, -6.84175003e-10, -4.08114768e-11, -0.447267197, 0.979060785, 
        -0.530917338, 1.45570322e-09 ]
      ikLinks: 
        - 
          name: LLEG_JOINT5
          index: 25
          translation: [ -0.032, 0.1, 0.17 ]
          rotation: [ 
            0.999999616, 6.85450564e-10, 0.000876250888, 
            -6.84210501e-10, 1, -1.41549127e-09, 
            -0.000876250888, 1.41489119e-09, 0.999999616 ]
        - 
          name: RLEG_JOINT5
          index: 31
          translation: [ -0.032, -0.1, 0.170000001 ]
          rotation: [ 
            0.999999616, 6.80882715e-10, 0.000876161888, 
            -6.79643412e-10, 1, -1.41476544e-09, 
            -0.000876161888, 1.41416942e-09, 0.999999616 ]
  - 
    time: 1.77
    refer: 
      type: Pose
      name: ""
      joints: [ 
        0, 1, 2, 3, 4, 5, 6, 7, 8, 9, 
        10, 11, 12, 13, 14, 15, 16, 17, 18, 19, 
        20, 21, 22, 23, 24, 25, 26, 27, 28, 29, 
        30 ]
      q: [ 
        -1.06616807e-19, -1.34547251e-18, -0.491528006, 1.13299778, -0.641469777, 1.63586188e-18, -2.66204208e-19, -2.2873747e-18, -0.491528006, 1.13299778, 
        -0.641469777, 2.78070173e-18, 0, 0, 0, 0, 0, 0.698132, -0.349066, -0.087266, 
        -1.396263, 0, 0, 0, 0.698132, 0.349066, 0.087266, -1.396263, 0, 0, 
        0 ]
      ikLinks: 
        - 
          name: WAIST
          index: 0
          isBaseLink: true
          translation: [ 0.0149995299, 0, 0.919499689 ]
          rotation: [ 
            1, -8.18520226e-34, -2.22044605e-16, 
            7.22223729e-34, 1, -2.69630192e-33, 
            2.22044605e-16, 2.63719271e-33, 1 ]
        - 
          name: LARM_JOINT6
          index: 12
          translation: [ -0.00129349265, 0.342278723, 0.861337763 ]
          rotation: [ 
            0.730689996, 0.152245103, -0.665517511, 
            -0.322602529, 0.936116794, -0.140046267, 
            0.601680761, 0.317028039, 0.733125832 ]
        - 
          name: RARM_JOINT6
          index: 19
          translation: [ -0.00129349265, -0.342278723, 0.861337763 ]
          rotation: [ 
            0.730689996, -0.152245103, -0.665517511, 
            0.322602529, 0.936116794, 0.140046267, 
            0.601680761, -0.317028039, 0.733125832 ]
        - 
          name: LLEG_JOINT5
          index: 25
          translation: [ -0.045, 0.1, 0.123 ]
          rotation: [ 
            1, 2.662042e-19, -3.00000025e-09, 
            -2.66204201e-19, 1, -4.93327029e-19, 
            3.00000025e-09, 4.9332703e-19, 1 ]
          isTouching: true
          partingDirection: [ 0, 0, 1 ]
        - 
          name: RLEG_JOINT5
          index: 31
          translation: [ -0.045, -0.1, 0.123 ]
          rotation: [ 
            1, 1.06616802e-19, -3.00000025e-09, 
            -1.06616803e-19, 1, -2.9038937e-19, 
            3.00000025e-09, 2.9038937e-19, 1 ]
          isTouching: true
          partingDirection: [ 0, 0, 1 ]
  - 
    time: 2.07
    refer: 
      type: Pose
      name: ""
      joints: [ 
        0, 1, 2, 3, 4, 5, 6, 7, 8, 9, 
        10, 11, 12, 13, 14, 15, 16, 17, 18, 19, 
        20, 21, 22, 23, 24, 25, 26, 27, 28, 29, 
        30 ]
      q: [ 
        4.08766403e-17, 2.50026514e-16, -1.05960352, 1.79027518, -0.905030064, -2.4678318e-16, 2.96778801e-19, 6.55776398e-18, -1.05960352, 1.79027518, 
        -0.905030064, -2.59147458e-18, 0, 0, 0, 0, 0, 0.698132, -0.349066, -0.087266, 
        -1.396263, 0, 0, 0, 0.698132, 0.349066, 0.087266, -1.396263, 0, 0, 
        0 ]
      ikLinks: 
        - 
          name: WAIST
          index: 0
          isBaseLink: true
          translation: [ 3.13370313e-07, 0, 0.749497012 ]
          rotation: [ 
            0.984807753, 6.74075481e-34, 0.173648178, 
            1.01111322e-33, 1, -4.62223187e-33, 
            -0.173648178, 2.6722278e-33, 0.984807753 ]
        - 
          name: LARM_JOINT6
          index: 12
          translation: [ -0.026144894, 0.342278723, 0.69504795 ]
          rotation: [ 
            0.824069941, 0.204983499, -0.52810084, 
            -0.322602529, 0.936116794, -0.140046267, 
            0.465656891, 0.285774586, 0.837553906 ]
        - 
          name: RARM_JOINT6
          index: 19
          translation: [ -0.026144894, -0.342278723, 0.69504795 ]
          rotation: [ 
            0.824069941, -0.204983499, -0.52810084, 
            0.322602529, 0.936116794, 0.140046267, 
            0.465656891, -0.285774586, 0.837553906 ]
        - 
          name: LLEG_JOINT5
          index: 25
          translation: [ -0.045, 0.1, 0.123 ]
          rotation: [ 
            0.999999985, 8.46021435e-19, 0.000174521529, 
            -8.45337612e-19, 1, -3.91834496e-18, 
            -0.000174521529, 3.91819737e-18, 0.999999985 ]
          isTouching: true
          partingDirection: [ 0, 0, 1 ]
        - 
          name: RLEG_JOINT5
          index: 31
          translation: [ -0.045, -0.1, 0.123 ]
          rotation: [ 
            0.999999985, 3.11794735e-18, 0.000174521529, 
            -3.1168054e-18, 1, -6.54357135e-18, 
            -0.000174521529, 6.5430273e-18, 0.999999985 ]
          isTouching: true
          partingDirection: [ 0, 0, 1 ]
  - 
    time: 2.37
    refer: 
      type: Pose
      name: ""
      joints: [ 
        0, 1, 2, 3, 4, 5, 6, 7, 8, 9, 
        10, 11, 12, 13, 14, 15, 16, 17, 18, 19, 
        20, 21, 22, 23, 24, 25, 26, 27, 28, 29, 
        30 ]
      q: [ 
        5.74842203e-18, 3.84340498e-17, -1.05960129, 1.79026877, -0.905811282, -3.42828086e-17, 7.49695366e-18, 4.50035244e-17, -1.05960129, 1.79026877, 
        -0.905811282, -4.19286736e-17, 0, 0, 0, 0, 0, 0.698132, -0.349066, -0.087266, 
        -1.396263, 0, 0, 0, 0.698132, 0.349066, 0.087266, -1.396263, 0, 0, 
        0 ]
      ikLinks: 
        - 
          name: WAIST
          index: 0
          isBaseLink: true
          translation: [ -1.82529737e-07, -2.77555756e-17, 0.749498983 ]
          rotation: [ 
            0.984807753, 1.54074396e-33, 0.173648178, 
            1.54074396e-33, 1, 1.23259516e-32, 
            -0.173648178, -3.85185989e-33, 0.984807753 ]
        - 
          name: LARM_JOINT6
          index: 12
          translation: [ -0.0261453899, 0.342278723, 0.695049921 ]
          rotation: [ 
            0.824069941, 0.204983499, -0.52810084, 
            -0.322602529, 0.936116794, -0.140046267, 
            0.465656891, 0.285774586, 0.837553906 ]
        - 
          name: RARM_JOINT6
          index: 19
          translation: [ -0.0261453899, -0.342278723, 0.695049921 ]
          rotation: [ 
            0.824069941, -0.204983499, -0.52810084, 
            0.322602529, 0.936116794, 0.140046267, 
            0.465656891, -0.285774586, 0.837553906 ]
        - 
          name: LLEG_JOINT5
          index: 25
          translation: [ -0.045, 0.1, 0.123 ]
          rotation: [ 
            0.999999813, 4.57335166e-19, -0.000610876432, 
            -4.59591039e-19, 1, -3.69270624e-18, 
            0.000610876432, 3.69298631e-18, 0.999999813 ]
          isTouching: true
          partingDirection: [ 0, 0, 1 ]
        - 
          name: RLEG_JOINT5
          index: 31
          translation: [ -0.045, -0.1, 0.123 ]
          rotation: [ 
            0.999999813, 1.0338547e-18, -0.000610876432, 
            -1.03664349e-18, 1, -4.56491862e-18, 
            0.000610876432, 4.56555103e-18, 0.999999813 ]
          isTouching: true
          partingDirection: [ 0, 0, 1 ]
