# Body pose sequence format version 1.0 defined by cnoid-Robotics

type: PoseSeq
name: "broad-jump-toe-takeoff-500mm"
targetBody: "JAXON_BLUE"
refs: 
  - 
    time: 0
    refer: 
      type: Pose
      name: ""
      joints: [ 
        0, 1, 2, 3, 4, 5, 6, 7, 8, 9, 
        10, 11, 12, 13, 14, 15, 16, 17, 18, 19, 
        20, 21, 22, 23, 24, 25, 26, 27, 28, 29, 
        30 ]
      q: [ 
        -2.9865413e-20, 1.00030458e-05, -0.292327503, 0.687685399, -0.395357896, -1.00030458e-05, -3.67022655e-20, 1.00030458e-05, -0.292327503, 0.687685399, 
        -0.395357896, -1.00030458e-05, 0, 0, 0, 0, 0, 0.698131701, -0.34906585, -0.0872664626, 
        -1.3962634, 0, 0, 0, 0.698131701, 0.34906585, 0.0872664626, -1.3962634, 0, 0, 
        0 ]
      ikLinks: 
        - 
          name: WAIST
          index: 0
          isBaseLink: true
          translation: [ -3.39435824e-05, -2.80664147e-09, 0.998099958 ]
          rotation: [ 
            0.999999861, -0.000167849467, 0.000499433808, 
            0.000167849571, 0.999999986, -1.67072311e-07, 
            -0.000499433773, 2.50902038e-07, 0.999999875 ]
        - 
          name: LARM_JOINT6
          index: 12
          translation: [ -0.0164132555, 0.342276016, 0.939946337 ]
          rotation: [ 
            0.731044141, 0.152245743, -0.665128332, 
            -0.322479821, 0.936142295, -0.140158372, 
            0.601316248, 0.316952422, 0.733457519 ]
        - 
          name: RARM_JOINT6
          index: 19
          translation: [ -0.0162983529, -0.342281472, 0.939946165 ]
          rotation: [ 
            0.730935843, -0.152559996, -0.665175346, 
            0.322724911, 0.936091292, 0.139934713, 
            0.60131641, -0.316951952, 0.73345759 ]
        - 
          name: LLEG_JOINT5
          index: 25
          translation: [ -0.0450335699, 0.0999999972, 0.12410005 ]
          rotation: [ 
            0.999999861, -0.000167849467, 0.000499433808, 
            0.000167849571, 0.999999986, -1.67072311e-07, 
            -0.000499433773, 2.50902038e-07, 0.999999875 ]
          isTouching: true
          partingDirection: [ 0, 0, 1 ]
        - 
          name: RLEG_JOINT5
          index: 31
          translation: [ -0.045, -0.1, 0.1241 ]
          rotation: [ 
            0.999999861, -0.000167849467, 0.000499433808, 
            0.000167849571, 0.999999986, -1.67072311e-07, 
            -0.000499433773, 2.50902038e-07, 0.999999875 ]
          isTouching: true
          partingDirection: [ 0, 0, 1 ]
  - 
    time: 0.2
    refer: 
      type: Pose
      name: ""
      joints: [ 
        0, 1, 2, 3, 4, 5, 6, 7, 8, 9, 
        10, 11, 12, 13, 14, 15, 16, 17, 18, 19, 
        20, 21, 22, 23, 24, 25, 26, 27, 28, 29, 
        30 ]
      q: [ 
        -2.9865413e-20, 1.00030458e-05, -0.292327503, 0.687685399, -0.395357896, -1.00030458e-05, -3.67022655e-20, 1.00030458e-05, -0.292327503, 0.687685399, 
        -0.395357896, -1.00030458e-05, 0, 0, 0, 0, 0, 0.698131701, -0.34906585, -0.0872664626, 
        -1.3962634, 0, 0, 0, 0.698131701, 0.34906585, 0.0872664626, -1.3962634, 0, 0, 
        0 ]
      ikLinks: 
        - 
          name: WAIST
          index: 0
          isBaseLink: true
          translation: [ -3.39435824e-05, -2.80664147e-09, 0.998099958 ]
          rotation: [ 
            0.999999861, -0.000167849467, 0.000499433808, 
            0.000167849571, 0.999999986, -1.67072311e-07, 
            -0.000499433773, 2.50902038e-07, 0.999999875 ]
        - 
          name: LARM_JOINT6
          index: 12
          translation: [ -0.0164132555, 0.342276016, 0.939946337 ]
          rotation: [ 
            0.731044141, 0.152245743, -0.665128332, 
            -0.322479821, 0.936142295, -0.140158372, 
            0.601316248, 0.316952422, 0.733457519 ]
        - 
          name: RARM_JOINT6
          index: 19
          translation: [ -0.0162983529, -0.342281472, 0.939946165 ]
          rotation: [ 
            0.730935843, -0.152559996, -0.665175346, 
            0.322724911, 0.936091292, 0.139934713, 
            0.60131641, -0.316951952, 0.73345759 ]
        - 
          name: LLEG_JOINT5
          index: 25
          translation: [ -0.0450335699, 0.0999999972, 0.12410005 ]
          rotation: [ 
            0.999999861, -0.000167849467, 0.000499433808, 
            0.000167849571, 0.999999986, -1.67072311e-07, 
            -0.000499433773, 2.50902038e-07, 0.999999875 ]
          isTouching: true
          partingDirection: [ 0, 0, 1 ]
        - 
          name: RLEG_JOINT5
          index: 31
          translation: [ -0.045, -0.1, 0.1241 ]
          rotation: [ 
            0.999999861, -0.000167849467, 0.000499433808, 
            0.000167849571, 0.999999986, -1.67072311e-07, 
            -0.000499433773, 2.50902038e-07, 0.999999875 ]
          isTouching: true
          partingDirection: [ 0, 0, 1 ]
  - 
    time: 1.1
    refer: 
      type: Pose
      name: ""
      joints: [ 
        0, 1, 2, 3, 4, 5, 6, 7, 8, 9, 
        10, 11 ]
      q: [ 
        3.54622014e-12, 9.44450043e-14, -0.865483902, 1.72440054, -0.928906204, 3.41196872e-12, 3.54511039e-12, 7.99944369e-14, -0.865483902, 1.72440054, 
        -0.928906204, 3.42641123e-12 ]
      ikLinks: 
        - 
          name: LLEG_JOINT5
          index: 25
          translation: [ -0.0450005023, 0.1, 0.125500022 ]
          rotation: [ 
            0.999850758, -3.46545339e-12, 0.0172760381, 
            3.5308368e-12, 1, -3.75412803e-12, 
            -0.0172760381, 3.81456663e-12, 0.999850758 ]
          isTouching: true
          partingDirection: [ 0, 0, 1 ]
        - 
          name: RLEG_JOINT5
          index: 31
          translation: [ -0.0450005023, -0.1, 0.125500022 ]
          rotation: [ 
            0.999850758, -3.46554897e-12, 0.0172760381, 
            3.53093326e-12, 1, -3.75417831e-12, 
            -0.0172760381, 3.81461857e-12, 0.999850758 ]
          isTouching: true
          partingDirection: [ 0, 0, 1 ]
  - 
    time: 1.2
    refer: 
      type: Pose
      name: ""
      ikLinks: 
        - 
          name: WAIST
          index: 0
          isBaseLink: true
          translation: [ 0.05, 0, 0.755 ]
          rotation: [ 
            0.996194698, -1.48230766e-21, 0.0871557427, 
            6.3527471e-22, 1, -9.52912066e-22, 
            -0.0871557427, 1.1646703e-21, 0.996194698 ]
  - 
    time: 1.25
    refer: 
      type: Pose
      name: ""
      joints: [ 
        0, 1, 2, 3, 4, 5, 6, 7, 8, 9, 
        10, 11 ]
      q: [ 
        1.62292908e-06, 4.09682323e-07, -0.500195294, 1.44952295, -1.01878784, -4.06100325e-07, 1.62266673e-06, 4.09616107e-07, -0.500195285, 1.44952294, 
        -1.01878784, -4.0601364e-07 ]
      ikLinks: 
        - 
          name: LLEG_JOINT5
          index: 25
          translation: [ -0.0450000036, 0.1, 0.1255 ]
          rotation: [ 
            0.999841472, -1.58802081e-06, 0.0178053365, 
            1.59032471e-06, 1, -1.15234844e-07, 
            -0.0178053365, 1.43532843e-07, 0.999841472 ]
          isTouching: true
          partingDirection: [ 0, 0, 1 ]
        - 
          name: RLEG_JOINT5
          index: 31
          translation: [ -0.045, -0.1, 0.1255 ]
          rotation: [ 
            0.999841472, -1.58827793e-06, 0.0178053366, 
            1.59058184e-06, 1, -1.15232424e-07, 
            -0.0178053366, 1.43535001e-07, 0.999841472 ]
          isTouching: true
          partingDirection: [ 0, 0, 1 ]
  - 
    time: 1.42
    refer: 
      type: Pose
      name: ""
      joints: [ 
        0, 1, 2, 3, 4, 5, 6, 7, 8, 9, 
        10, 11 ]
      q: [ 
        1.17693797e-15, 3.66355402e-16, -0.317160768, 1.18000641, -0.86301841, -5.30838498e-16, 1.18844841e-11, 3.54662165e-12, -0.317160768, 1.18000641, 
        -0.862669398, -5.26016315e-12 ]
      ikLinks: 
        - 
          name: LLEG_JOINT5
          index: 25
          translation: [ -0.0350003013, 0.1, 0.135500008 ]
          rotation: [ 
            0.996179322, -1.19895285e-11, 0.0873313127, 
            1.18851089e-11, 1, 1.7156361e-12, 
            -0.0873313127, -6.71139045e-13, 0.996179322 ]
          isTouching: true
          partingDirection: [ 0, 0, 1 ]
        - 
          name: RLEG_JOINT5
          index: 31
          translation: [ -0.0350003014, -0.1, 0.135500008 ]
          rotation: [ 
            0.996209741, -1.18670372e-15, 0.0869836289, 
            1.17687473e-15, 1, 1.64279675e-16, 
            -0.0869836289, -6.12881778e-17, 0.996209741 ]
          isTouching: true
          partingDirection: [ 0, 0, 1 ]
  - 
    time: 1.5
    refer: 
      type: Pose
      name: ""
      joints: [ 
        0, 1, 2, 3, 4, 5, 6, 7, 8, 9, 
        10, 11 ]
      q: [ 
        -1.76852309e-12, -3.65777966e-13, -0.431118331, 1.23380201, -0.540360425, 1.47249517e-12, -2.22082992e-12, -4.59380798e-13, -0.431117732, 1.23380177, 
        -0.540360789, 1.81192869e-12 ]
      ikLinks: 
        - 
          name: WAIST
          index: 0
          isBaseLink: true
          translation: [ 0.2, 0, 0.92 ]
          rotation: [ 
            0.996194698, 0, 0.0871557427, 
            -8.07793567e-28, 1, -7.06819371e-28, 
            -0.0871557427, 1.64083068e-27, 0.996194698 ]
        - 
          name: LLEG_JOINT5
          index: 25
          translation: [ 0.00499865999, 0.1, 0.170000287 ]
          rotation: [ 
            0.93951332, 2.7929493e-12, 0.342512367, 
            -2.2639845e-12, 1, -1.94418003e-12, 
            -0.342512367, 1.05114034e-12, 0.93951332 ]
          isTouching: true
          partingDirection: [ 0, 0, 1 ]
        - 
          name: RLEG_JOINT5
          index: 31
          translation: [ 0.00499896618, -0.1, 0.17000025 ]
          rotation: [ 
            0.93951332, 2.23426148e-12, 0.342512366, 
            -1.80287749e-12, 1, -1.57785272e-12, 
            -0.342512366, 8.64905816e-13, 0.93951332 ]
          isTouching: true
          partingDirection: [ 0, 0, 1 ]
  - 
    time: 1.62
    refer: 
      type: Pose
      name: ""
      joints: [ 
        0, 1, 2, 3, 4, 5, 6, 7, 8, 9, 
        10, 11 ]
      q: [ 
        0.000168320216, 8.60590974e-06, -0.496047379, 1.06407689, -0.656610984, -2.38562564e-05, 0.000168320244, 8.60591118e-06, -0.496047379, 1.06407689, 
        -0.656610983, -2.38562619e-05 ]
      ikLinks: 
        - 
          name: WAIST
          index: 0
          isBaseLink: true
          translation: [ 0.314999961, 1.12830578e-12, 1.0163008 ]
          rotation: [ 
            0.996194698, -8.13151629e-20, 0.0871557427, 
            0, 1, 2.37169225e-20, 
            -0.0871557427, -1.18584613e-20, 0.996194698 ]
        - 
          name: LLEG_JOINT5
          index: 25
          translation: [ 0.21, 0.1, 0.21 ]
          rotation: [ 
            0.999999121, -0.000166898308, -0.00131501036, 
            0.00016689897, 0.999999986, 3.93528844e-07, 
            0.00131501028, -6.13002373e-07, 0.999999135 ]
        - 
          name: RLEG_JOINT5
          index: 31
          translation: [ 0.21, -0.1, 0.21 ]
          rotation: [ 
            0.999999121, -0.00016689828, -0.00131501136, 
            0.000166898942, 0.999999986, 3.93527088e-07, 
            0.00131501128, -6.13000747e-07, 0.999999135 ]
  - 
    time: 1.71
    refer: 
      type: Pose
      name: ""
      joints: [ 
        0, 1, 2, 3, 4, 5, 6, 7, 8, 9, 
        10, 11 ]
      q: [ 
        0.000165249694, -3.53820913e-05, -0.722797761, 0.995863229, -0.360424511, 2.07995302e-05, 0.000165249705, -3.53821016e-05, -0.722798794, 0.995865141, 
        -0.360425384, 2.07995377e-05 ]
      ikLinks: 
        - 
          name: LLEG_JOINT5
          index: 25
          translation: [ 0.429999987, 0.1, 0.140500357 ]
          rotation: [ 
            0.999999982, -0.000167706558, -9.25751205e-05, 
            0.000167706561, 0.999999986, 2.99382189e-08, 
            9.25751142e-05, -4.54636734e-08, 0.999999996 ]
        - 
          name: RLEG_JOINT5
          index: 31
          translation: [ 0.43, -0.1, 0.1405 ]
          rotation: [ 
            0.999999982, -0.000167706546, -9.25807948e-05, 
            0.000167706549, 0.999999986, 2.9935566e-08, 
            9.25807885e-05, -4.54619711e-08, 0.999999996 ]
  - 
    time: 1.75
    refer: 
      type: Pose
      name: ""
      joints: [ 
        0, 1, 2, 3, 4, 5, 6, 7, 8, 9, 
        10, 11 ]
      q: [ 
        0.000166258493, -3.71027788e-05, -0.793705136, 1.11626427, -0.410024795, 2.22900611e-05, 0.0001662585, -3.71027804e-05, -0.793705136, 1.11626427, 
        -0.410024798, 2.22900774e-05 ]
      ikLinks: 
        - 
          name: WAIST
          index: 0
          isBaseLink: true
          translation: [ 0.379999737, 1.00424807e-11, 0.920497396 ]
          rotation: [ 
            0.996194698, -5.42101086e-20, 0.0871557427, 
            -2.71050543e-20, 1, 3.38813179e-20, 
            -0.0871557427, 2.37169225e-20, 0.996194698 ]
        - 
          name: LLEG_JOINT5
          index: 25
          translation: [ 0.455, 0.1, 0.1241 ]
          rotation: [ 
            0.999999966, -0.000168863996, -0.000199202653, 
            0.000168864029, 0.999999986, 1.47495025e-07, 
            0.000199202625, -1.81133182e-07, 0.99999998 ]
          isTouching: true
          partingDirection: [ 0, 0, 1 ]
        - 
          name: RLEG_JOINT5
          index: 31
          translation: [ 0.455, -0.1, 0.1241 ]
          rotation: [ 
            0.999999966, -0.000168863989, -0.000199199653, 
            0.000168864022, 0.999999986, 1.47510849e-07, 
            0.000199199625, -1.81148499e-07, 0.99999998 ]
          isTouching: true
          partingDirection: [ 0, 0, 1 ]
  - 
    time: 2
    refer: 
      type: Pose
      name: ""
      ikLinks: 
        - 
          name: WAIST
          index: 0
          isBaseLink: true
          translation: [ 0.45, 1.38777878e-17, 0.77 ]
          rotation: [ 
            0.996194698, 2.71050543e-20, 0.0871557427, 
            2.71050543e-20, 1, -5.75982404e-20, 
            -0.0871557427, 5.92923063e-20, 0.996194698 ]
  - 
    time: 2.5
    refer: 
      type: Pose
      name: ""
      joints: [ 
        0, 1, 2, 3, 4, 5, 6, 7, 8, 9, 
        10, 11 ]
      q: [ 
        0.000166308117, -1.64679968e-06, -0.906302278, 1.73251139, -0.825714666, 1.31198633e-06, 0.000166308157, -1.64680107e-06, -0.906302279, 1.73251139, 
        -0.825714675, 1.31198545e-06 ]
      ikLinks: 
        - 
          name: WAIST
          index: 0
          translation: [ 0.450000102, 7.66388883e-10, 0.770498474 ]
          rotation: [ 
            1, 2.71050543e-20, 4.52697819e-16, 
            2.71050543e-20, 1, -5.39983504e-20, 
            -4.4408923e-16, 8.28454531e-20, 1 ]
        - 
          name: LLEG_JOINT5
          index: 25
          translation: [ 0.455000001, 0.1, 0.1241 ]
          rotation: [ 
            0.999999864, -0.000166307508, 0.000494435917, 
            0.000166307322, 0.999999986, 4.1704415e-07, 
            -0.00049443598, -3.3481578e-07, 0.999999878 ]
          isTouching: true
          partingDirection: [ 0, 0, 1 ]
        - 
          name: RLEG_JOINT5
          index: 31
          translation: [ 0.455, -0.1, 0.1241 ]
          rotation: [ 
            0.999999864, -0.000166307468, 0.000494445917, 
            0.000166307282, 0.999999986, 4.17043524e-07, 
            -0.00049444598, -3.3481351e-07, 0.999999878 ]
          isTouching: true
          partingDirection: [ 0, 0, 1 ]
  - 
    time: 3
    refer: 
      type: Pose
      name: ""
      joints: [ 
        0, 1, 2, 3, 4, 5, 6, 7, 8, 9, 
        10, 11, 12, 13, 14, 15, 16, 17, 18, 19, 
        20, 21, 22, 23, 24, 25, 26, 27, 28, 29, 
        30 ]
      q: [ 
        1.94947341e-14, -1.97868071e-06, -0.906905832, 1.73250761, -0.825601785, 1.97868071e-06, 3.61759503e-14, -1.98425502e-06, -0.906971554, 1.73250631, 
        -0.825534765, 1.98425502e-06, 0, 0, 0, 0, 0, 0.698131701, -0.34906585, -0.0872664626, 
        -1.3962634, 0, 0, 0, 0.698131701, 0.34906585, 0.0872664626, -1.3962634, 0, 0, 
        0 ]
      ikLinks: 
        - 
          name: WAIST
          index: 0
          isBaseLink: true
          translation: [ 0.45000009, 1.18718785e-11, 0.77049907 ]
          rotation: [ 
            0.999999861, -0.000167849467, 0.000499433808, 
            0.000167849571, 0.999999986, -1.67072311e-07, 
            -0.000499433773, 2.50902038e-07, 0.999999875 ]
        - 
          name: LARM_JOINT6
          index: 12
          translation: [ 0.433620778, 0.342276019, 0.71234545 ]
          rotation: [ 
            0.731044141, 0.152245743, -0.665128332, 
            -0.322479821, 0.936142295, -0.140158372, 
            0.601316248, 0.316952422, 0.733457519 ]
        - 
          name: RARM_JOINT6
          index: 19
          translation: [ 0.433735681, -0.342281469, 0.712345278 ]
          rotation: [ 
            0.730935843, -0.152559996, -0.665175346, 
            0.322724911, 0.936091292, 0.139934713, 
            0.60131641, -0.316951952, 0.73345759 ]
        - 
          name: LLEG_JOINT5
          index: 25
          translation: [ 0.454999998, 0.1, 0.124100001 ]
          rotation: [ 
            0.999999861, -0.000167849467, 0.000499424808, 
            0.000167849571, 0.999999986, -1.67073822e-07, 
            -0.000499424773, 2.50902038e-07, 0.999999875 ]
          isTouching: true
          partingDirection: [ 0, 0, 1 ]
        - 
          name: RLEG_JOINT5
          index: 31
          translation: [ 0.455, -0.1, 0.1241 ]
          rotation: [ 
            0.999999861, -0.000167849467, 0.000499426808, 
            0.000167849571, 0.999999986, -1.67073486e-07, 
            -0.000499426773, 2.50902038e-07, 0.999999875 ]
          isTouching: true
          partingDirection: [ 0, 0, 1 ]
