# Body pose sequence format version 1.0 defined by cnoid-Robotics

type: PoseSeq
name: "jump-toe-takeoff-200msec"
targetBody: "JAXON_BLUE"
refs: 
  - 
    time: 0
    refer: 
      type: Pose
      name: ""
      joints: [ 
        0, 1, 2, 3, 4, 5, 6, 7, 8, 9, 
        10, 11, 12, 13, 14, 15, 16, 17, 18, 19, 
        20, 21, 22, 23, 24, 25, 26, 27, 28, 29, 
        30 ]
      q: [ 
        1.90226153e-19, 4.6590047e-18, -0.291687718, 0.687644268, -0.395956552, -5.90674691e-18, 1.9399532e-19, 4.75821124e-18, -0.291687718, 0.687644268, 
        -0.395956552, -6.03253236e-18, 0, 0, 0, 0, 0, 0.698132, -0.349066, -0.087266, 
        -1.396263, 0, 0, 0, 0.698132, 0.349066, 0.087266, -1.396263, 0, 0, 
        0 ]
      ikLinks: 
        - 
          name: WAIST
          index: 0
          isBaseLink: true
          translation: [ 2.49800181e-18, 0, 0.9775 ]
          rotation: [ 
            1, -7.22223729e-35, -2.77555756e-16, 
            -1.6851887e-34, 1, 1.54074396e-33, 
            2.77555756e-16, 1.59354232e-33, 1 ]
        - 
          name: LARM_JOINT6
          index: 12
          translation: [ -0.0162930225, 0.342278723, 0.919338074 ]
          rotation: [ 
            0.730689996, 0.152245103, -0.665517511, 
            -0.322602529, 0.936116794, -0.140046267, 
            0.601680761, 0.317028039, 0.733125832 ]
        - 
          name: RARM_JOINT6
          index: 19
          translation: [ -0.0162930225, -0.342278723, 0.919338074 ]
          rotation: [ 
            0.730689996, -0.152245103, -0.665517511, 
            0.322602529, 0.936116794, 0.140046267, 
            0.601680761, -0.317028039, 0.733125832 ]
        - 
          name: LLEG_JOINT5
          index: 25
          translation: [ -0.0450001185, 0.1, 0.103500015 ]
          rotation: [ 
            1, -1.93995314e-19, -1.00001329e-09, 
            1.93995316e-19, 1, 1.27432112e-18, 
            1.00001329e-09, -1.27432112e-18, 1 ]
          isTouching: true
          partingDirection: [ 0, 0, 1 ]
        - 
          name: RLEG_JOINT5
          index: 31
          translation: [ -0.0450001185, -0.1, 0.103500015 ]
          rotation: [ 
            1, -1.90226147e-19, -1.00001335e-09, 
            1.90226148e-19, 1, 1.24774221e-18, 
            1.00001335e-09, -1.24774221e-18, 1 ]
          isTouching: true
          partingDirection: [ 0, 0, 1 ]
  - 
    time: 0.2
    refer: 
      type: Pose
      name: ""
      joints: [ 
        0, 1, 2, 3, 4, 5, 6, 7, 8, 9, 
        10, 11, 12, 13, 14, 15, 16, 17, 18, 19, 
        20, 21, 22, 23, 24, 25, 26, 27, 28, 29, 
        30 ]
      q: [ 
        1.90226153e-19, 4.6590047e-18, -0.291687718, 0.687644268, -0.395956552, -5.90674691e-18, 1.9399532e-19, 4.75821124e-18, -0.291687718, 0.687644268, 
        -0.395956552, -6.03253236e-18, 0, 0, 0, 0, 0, 0.698132, -0.349066, -0.087266, 
        -1.396263, 0, 0, 0, 0.698132, 0.349066, 0.087266, -1.396263, 0, 0, 
        0 ]
      ikLinks: 
        - 
          name: WAIST
          index: 0
          isBaseLink: true
          translation: [ 2.49800181e-18, 0, 0.9775 ]
          rotation: [ 
            1, -7.22223729e-35, -2.77555756e-16, 
            -1.6851887e-34, 1, 1.54074396e-33, 
            2.77555756e-16, 1.59354232e-33, 1 ]
        - 
          name: LARM_JOINT6
          index: 12
          translation: [ -0.0162930225, 0.342278723, 0.919338074 ]
          rotation: [ 
            0.730689996, 0.152245103, -0.665517511, 
            -0.322602529, 0.936116794, -0.140046267, 
            0.601680761, 0.317028039, 0.733125832 ]
        - 
          name: RARM_JOINT6
          index: 19
          translation: [ -0.0162930225, -0.342278723, 0.919338074 ]
          rotation: [ 
            0.730689996, -0.152245103, -0.665517511, 
            0.322602529, 0.936116794, 0.140046267, 
            0.601680761, -0.317028039, 0.733125832 ]
        - 
          name: LLEG_JOINT5
          index: 25
          translation: [ -0.0450001185, 0.1, 0.103500015 ]
          rotation: [ 
            1, -1.93995314e-19, -1.00001329e-09, 
            1.93995316e-19, 1, 1.27432112e-18, 
            1.00001329e-09, -1.27432112e-18, 1 ]
          isTouching: true
          partingDirection: [ 0, 0, 1 ]
        - 
          name: RLEG_JOINT5
          index: 31
          translation: [ -0.0450001185, -0.1, 0.103500015 ]
          rotation: [ 
            1, -1.90226147e-19, -1.00001335e-09, 
            1.90226148e-19, 1, 1.24774221e-18, 
            1.00001335e-09, -1.24774221e-18, 1 ]
          isTouching: true
          partingDirection: [ 0, 0, 1 ]
  - 
    time: 1.3
    refer: 
      type: Pose
      name: ""
      joints: [ 
        12, 13, 14, 15, 16, 17, 18, 19, 20, 21, 
        22, 23, 24, 25, 26, 27, 28, 29, 30 ]
      q: [ 
        0, 0, 0, 0, 0, 0.698132, -0.349066, -0.087266, -1.396263, 0, 
        0, 0, 0.698132, 0.349066, 0.087266, -1.396263, 0, 0, 0 ]
      ikLinks: 
        - 
          name: WAIST
          index: 0
          isBaseLink: true
          translation: [ 0.02, 0, 0.78 ]
          rotation: [ 
            1, -3.85185989e-32, 3.56322583e-35, 
            3.59185935e-32, 1, 7.39557099e-32, 
            -4.13584631e-50, -7.39557099e-32, 1 ]
        - 
          name: LARM_JOINT6
          index: 12
          translation: [ 0.00370697748, 0.342278723, 0.721838074 ]
          rotation: [ 
            0.730689996, 0.152245103, -0.665517511, 
            -0.322602529, 0.936116794, -0.140046267, 
            0.601680761, 0.317028039, 0.733125832 ]
        - 
          name: RARM_JOINT6
          index: 19
          translation: [ 0.00370697748, -0.342278723, 0.721838074 ]
          rotation: [ 
            0.730689996, -0.152245103, -0.665517511, 
            0.322602529, 0.936116794, 0.140046267, 
            0.601680761, -0.317028039, 0.733125832 ]
  - 
    time: 1.35
    refer: 
      type: Pose
      name: ""
      joints: [ 
        0, 1, 2, 3, 4, 5, 6, 7, 8, 9, 
        10, 11 ]
      q: [ 
        -5.29356813e-19, 1.68324707e-17, -0.688040965, 1.40097339, -0.712932428, -1.82150868e-17, -5.67548727e-19, 1.5804418e-17, -0.688040965, 1.40097339, 
        -0.712932428, -1.69403758e-17 ]
      ikLinks: 
        - 
          name: LLEG_JOINT5
          index: 25
          translation: [ -0.0449998982, 0.1, 0.103499352 ]
          rotation: [ 
            1, 5.67548744e-19, -9.76535908e-10, 
            -5.67548742e-19, 1, 1.13595784e-18, 
            9.76535908e-10, -1.13595784e-18, 1 ]
          isTouching: true
          partingDirection: [ 0, 0, 1 ]
        - 
          name: RLEG_JOINT5
          index: 31
          translation: [ -0.0449998982, -0.1, 0.103499352 ]
          rotation: [ 
            1, 5.29356831e-19, -9.76535963e-10, 
            -5.2935683e-19, 1, 1.38261603e-18, 
            9.76535963e-10, -1.38261603e-18, 1 ]
          isTouching: true
          partingDirection: [ 0, 0, 1 ]
  - 
    time: 1.5
    refer: 
      type: Pose
      name: ""
      joints: [ 
        0, 1, 2, 3, 4, 5, 6, 7, 8, 9, 
        10, 11, 12, 13, 14, 15, 16, 17, 18, 19, 
        20, 21, 22, 23, 24, 25, 26, 27, 28, 29, 
        30 ]
      q: [ 
        2.63567626e-18, -5.19142054e-18, -0.627210394, 1.31203989, -0.423893964, 7.74121108e-18, 3.45815639e-18, -3.82836553e-18, -0.627683781, 1.31298277, 
        -0.422618295, 8.47320374e-18, 0, 0, 0, 0, 0, 0.698132, -0.349066, -0.087266, 
        -1.396263, 0, 0, 0, 0.698132, 0.349066, 0.087266, -1.396263, 0, 0, 
        0 ]
      ikLinks: 
        - 
          name: WAIST
          index: 0
          isBaseLink: true
          translation: [ 0.02, 0, 0.9 ]
          rotation: [ 
            1, 4.23704588e-33, 8.8817842e-16, 
            -3.08148791e-33, 1, 8.47409176e-33, 
            -8.8817842e-16, -6.15294779e-33, 1 ]
        - 
          name: LARM_JOINT6
          index: 12
          translation: [ 0.00370697748, 0.342278723, 0.841838074 ]
          rotation: [ 
            0.730689996, 0.152245103, -0.665517511, 
            -0.322602529, 0.936116794, -0.140046267, 
            0.601680761, 0.317028039, 0.733125832 ]
        - 
          name: RARM_JOINT6
          index: 19
          translation: [ 0.00370697748, -0.342278723, 0.841838074 ]
          rotation: [ 
            0.730689996, -0.152245103, -0.665517511, 
            0.322602529, 0.936116794, 0.140046267, 
            0.601680761, -0.317028039, 0.733125832 ]
        - 
          name: LLEG_JOINT5
          index: 25
          translation: [ -0.0099985987, 0.1, 0.141739888 ]
          rotation: [ 
            0.965697352, -1.25791769e-18, 0.259670222, 
            2.34541994e-18, 1, -3.87818105e-18, 
            -0.259670222, 4.35418489e-18, 0.965697352 ]
          isTouching: true
          partingDirection: [ 0, 0, 1 ]
        - 
          name: RLEG_JOINT5
          index: 31
          translation: [ -0.0099987967, -0.1, 0.141515456 ]
          rotation: [ 
            0.966149048, -6.38563556e-19, 0.25798453, 
            1.20714992e-18, 1, -2.04556137e-18, 
            -0.25798453, 2.28774317e-18, 0.966149048 ]
          isTouching: true
          partingDirection: [ 0, 0, 1 ]
  - 
    time: 1.58
    refer: 
      type: Pose
      name: ""
      joints: [ 
        0, 1, 2, 3, 4, 5, 6, 7, 8, 9, 
        10, 11 ]
      q: [ 
        -6.98378545e-19, 5.10533215e-18, -0.542792761, 1.13368583, -0.468187724, -5.12776921e-18, -7.22359421e-19, 5.71193738e-18, -0.542791576, 1.13368349, 
        -0.46818645, -5.81816523e-18 ]
      ikLinks: 
        - 
          name: LLEG_JOINT5
          index: 25
          translation: [ -0.0199999996, 0.1, 0.147999715 ]
          rotation: [ 
            0.992481126, 1.02289715e-20, 0.12239777, 
            -1.77996941e-20, 1, 6.07600036e-20, 
            -0.12239777, -6.24817997e-20, 0.992481126 ]
        - 
          name: RLEG_JOINT5
          index: 31
          translation: [ -0.0199999998, -0.1, 0.148000207 ]
          rotation: [ 
            0.99248114, 7.07516048e-20, 0.122397658, 
            -6.82468376e-20, 1, -2.46565635e-20, 
            -0.122397658, 1.61179212e-20, 0.99248114 ]
  - 
    time: 1.6
    refer: 
      type: Pose
      name: ""
      ikLinks: 
        - 
          name: WAIST
          index: 0
          isBaseLink: true
          translation: [ 0.005, 0, 0.95 ]
          rotation: [ 
            1, 2.40741243e-33, 4.4408921e-16, 
            -2.31111593e-33, 1, -4.62223187e-33, 
            -4.4408921e-16, 4.42424821e-33, 1 ]
  - 
    time: 1.63
    refer: 
      type: Pose
      name: ""
      joints: [ 
        0, 1, 2, 3, 4, 5, 6, 7, 8, 9, 
        10, 11 ]
      q: [ 
        -6.79257998e-10, -4.40183344e-10, -0.508140574, 1.1026787, -0.593661962, 1.85435347e-09, -6.84175374e-10, -4.03898866e-11, -0.508140539, 1.1026783, 
        -0.593661508, 1.45528163e-09 ]
      ikLinks: 
        - 
          name: LLEG_JOINT5
          index: 25
          translation: [ -0.0319999991, 0.1, 0.137999716 ]
          rotation: [ 
            0.999999616, 6.85450563e-10, 0.000876248868, 
            -6.84210503e-10, 1, -1.41549127e-09, 
            -0.000876248868, 1.41489119e-09, 0.999999616 ]
        - 
          name: RLEG_JOINT5
          index: 31
          translation: [ -0.0320001089, -0.1, 0.137999805 ]
          rotation: [ 
            0.999999616, 6.80882711e-10, 0.000876161601, 
            -6.79643409e-10, 1, -1.41476543e-09, 
            -0.000876161601, 1.41416941e-09, 0.999999616 ]
  - 
    time: 1.7
    refer: 
      type: Pose
      name: ""
      joints: [ 
        0, 1, 2, 3, 4, 5, 6, 7, 8, 9, 
        10, 11, 12, 13, 14, 15, 16, 17, 18, 19, 
        20, 21, 22, 23, 24, 25, 26, 27, 28, 29, 
        30 ]
      q: [ 
        -1.06616807e-19, -1.34547251e-18, -0.491528006, 1.13299778, -0.641469777, 1.63586188e-18, -2.66204208e-19, -2.2873747e-18, -0.491528006, 1.13299778, 
        -0.641469777, 2.78070173e-18, 0, 0, 0, 0, 0, 0.698132, -0.349066, -0.087266, 
        -1.396263, 0, 0, 0, 0.698132, 0.349066, 0.087266, -1.396263, 0, 0, 
        0 ]
      ikLinks: 
        - 
          name: WAIST
          index: 0
          isBaseLink: true
          translation: [ 0.015, 0, 0.9 ]
          rotation: [ 
            1, -1.49259571e-33, -2.77555756e-16, 
            9.14816724e-34, 1, -2.69630192e-33, 
            2.77555756e-16, 6.96485468e-34, 1 ]
        - 
          name: LARM_JOINT6
          index: 12
          translation: [ -0.00129302252, 0.342278723, 0.841838074 ]
          rotation: [ 
            0.730689996, 0.152245103, -0.665517511, 
            -0.322602529, 0.936116794, -0.140046267, 
            0.601680761, 0.317028039, 0.733125832 ]
        - 
          name: RARM_JOINT6
          index: 19
          translation: [ -0.00129302252, -0.342278723, 0.841838074 ]
          rotation: [ 
            0.730689996, -0.152245103, -0.665517511, 
            0.322602529, 0.936116794, 0.140046267, 
            0.601680761, -0.317028039, 0.733125832 ]
        - 
          name: LLEG_JOINT5
          index: 25
          translation: [ -0.0449995311, 0.1, 0.103500312 ]
          rotation: [ 
            1, 2.66204211e-19, 1.00004793e-09, 
            -2.6620421e-19, 1, -4.93327025e-19, 
            -1.00004793e-09, 4.93327025e-19, 1 ]
          isTouching: true
          partingDirection: [ 0, 0, 1 ]
        - 
          name: RLEG_JOINT5
          index: 31
          translation: [ -0.0449995311, -0.1, 0.103500312 ]
          rotation: [ 
            1, 1.06616809e-19, 1.00004799e-09, 
            -1.06616809e-19, 1, -2.90389367e-19, 
            -1.00004799e-09, 2.90389367e-19, 1 ]
          isTouching: true
          partingDirection: [ 0, 0, 1 ]
  - 
    time: 2
    refer: 
      type: Pose
      name: ""
      joints: [ 
        0, 1, 2, 3, 4, 5, 6, 7, 8, 9, 
        10, 11, 12, 13, 14, 15, 16, 17, 18, 19, 
        20, 21, 22, 23, 24, 25, 26, 27, 28, 29, 
        30 ]
      q: [ 
        3.83850699e-17, 2.3861388e-16, -1.10466859, 1.72377021, -0.793460027, -2.37714007e-16, -2.43631174e-18, -9.5380374e-18, -1.10466859, 1.72377021, 
        -0.793460027, 1.57308637e-17, 0, 0, 0, 0, 0, 0.698132, -0.349066, -0.087266, 
        -1.396263, 0, 0, 0, 0.698132, 0.349066, 0.087266, -1.396263, 0, 0, 
        0 ]
      ikLinks: 
        - 
          name: WAIST
          index: 0
          isBaseLink: true
          translation: [ -0.04, 0, 0.75 ]
          rotation: [ 
            0.984807753, 1.15555797e-33, 0.173648178, 
            -7.70371978e-34, 1, 0, 
            -0.173648178, 1.73333695e-33, 0.984807753 ]
        - 
          name: LARM_JOINT6
          index: 12
          translation: [ -0.0661452074, 0.342278723, 0.695550938 ]
          rotation: [ 
            0.824069941, 0.204983499, -0.52810084, 
            -0.322602529, 0.936116794, -0.140046267, 
            0.465656892, 0.285774586, 0.837553906 ]
        - 
          name: RARM_JOINT6
          index: 19
          translation: [ -0.0661452074, -0.342278723, 0.695550938 ]
          rotation: [ 
            0.824069941, -0.204983499, -0.52810084, 
            0.322602529, 0.936116794, 0.140046267, 
            0.465656892, -0.285774586, 0.837553906 ]
        - 
          name: LLEG_JOINT5
          index: 25
          translation: [ -0.0450006912, 0.1, 0.103502976 ]
          rotation: [ 
            0.999999985, 7.45781181e-19, 0.000174516924, 
            -7.4474896e-19, 1, -5.91479922e-18, 
            -0.000174516924, 5.91466916e-18, 0.999999985 ]
          isTouching: true
          partingDirection: [ 0, 0, 1 ]
        - 
          name: RLEG_JOINT5
          index: 31
          translation: [ -0.0450006912, -0.1, 0.103502976 ]
          rotation: [ 
            0.999999985, 3.59146583e-18, 0.000174516924, 
            -3.59077813e-18, 1, -3.9409199e-18, 
            -0.000174516924, 3.94029319e-18, 0.999999985 ]
          isTouching: true
          partingDirection: [ 0, 0, 1 ]
  - 
    time: 2.3
    refer: 
      type: Pose
      name: ""
      joints: [ 
        0, 1, 2, 3, 4, 5, 6, 7, 8, 9, 
        10, 11, 12, 13, 14, 15, 16, 17, 18, 19, 
        20, 21, 22, 23, 24, 25, 26, 27, 28, 29, 
        30 ]
      q: [ 
        -1.71466567e-18, -4.1073109e-18, -1.1046659, 1.72376361, -0.794241517, 7.98886535e-18, -1.53965915e-18, -6.88121039e-18, -1.1046659, 1.72376361, 
        -0.794241517, 1.09404755e-17, 0, 0, 0, 0, 0, 0.698132, -0.349066, -0.087266, 
        -1.396263, 0, 0, 0, 0.698132, 0.349066, 0.087266, -1.396263, 0, 0, 
        0 ]
      ikLinks: 
        - 
          name: WAIST
          index: 0
          isBaseLink: true
          translation: [ -0.04, 0, 0.75 ]
          rotation: [ 
            0.984807753, 3.85185989e-34, 0.173648178, 
            -1.92592994e-34, 1, 1.54074396e-33, 
            -0.173648178, 3.17778441e-33, 0.984807753 ]
        - 
          name: LARM_JOINT6
          index: 12
          translation: [ -0.0661452074, 0.342278723, 0.695550938 ]
          rotation: [ 
            0.824069941, 0.204983499, -0.52810084, 
            -0.322602529, 0.936116794, -0.140046267, 
            0.465656892, 0.285774586, 0.837553906 ]
        - 
          name: RARM_JOINT6
          index: 19
          translation: [ -0.0661452074, -0.342278723, 0.695550938 ]
          rotation: [ 
            0.824069941, -0.204983499, -0.52810084, 
            0.322602529, 0.936116794, 0.140046267, 
            0.465656892, -0.285774586, 0.837553906 ]
        - 
          name: LLEG_JOINT5
          index: 25
          translation: [ -0.0450002083, 0.1, 0.103501043 ]
          rotation: [ 
            0.999999813, 3.14675353e-19, -0.0006108752, 
            -3.17055536e-19, 1, -3.89625212e-18, 
            0.0006108752, 3.89644508e-18, 0.999999813 ]
          isTouching: true
          partingDirection: [ 0, 0, 1 ]
        - 
          name: RLEG_JOINT5
          index: 31
          translation: [ -0.0450002083, -0.1, 0.103501043 ]
          rotation: [ 
            0.999999813, 9.7050879e-19, -0.0006108752, 
            -9.72735984e-19, 1, -3.64561013e-18, 
            0.0006108752, 3.64620367e-18, 0.999999813 ]
          isTouching: true
          partingDirection: [ 0, 0, 1 ]
