# Body pose sequence format version 1.0 defined by cnoid-Robotics

type: PoseSeq
name: "jump-320msec"
targetBody: "JAXON_BLUE"
refs: 
  - 
    time: 0
    refer: 
      type: Pose
      name: ""
      joints: [ 
        0, 1, 2, 3, 4, 5, 6, 7, 8, 9, 
        10, 11, 12, 13, 14, 15, 16, 17, 18, 19, 
        20, 21, 22, 23, 24, 25, 26, 27, 28, 29, 
        30 ]
      q: [ 
        1.90226153e-19, 4.6590047e-18, -0.291687718, 0.687644268, -0.395956552, -5.90674691e-18, 1.9399532e-19, 4.75821124e-18, -0.291687718, 0.687644268, 
        -0.395956552, -6.03253236e-18, 0, 0, 0, 0, 0, 0.698132, -0.349066, -0.087266, 
        -1.396263, 0, 0, 0, 0.698132, 0.349066, 0.087266, -1.396263, 0, 0, 
        0 ]
      ikLinks: 
        - 
          name: WAIST
          index: 0
          isBaseLink: true
          translation: [ 1.18237484e-07, 0, 0.996999985 ]
          rotation: [ 
            1, 4.81482486e-34, -3.33066907e-16, 
            7.22223729e-35, 1, 2.31111593e-33, 
            3.33066907e-16, -2.24650251e-33, 1 ]
        - 
          name: LARM_JOINT6
          index: 12
          translation: [ -0.0162929043, 0.342278723, 0.938838059 ]
          rotation: [ 
            0.730689996, 0.152245103, -0.665517511, 
            -0.322602529, 0.936116794, -0.140046267, 
            0.601680761, 0.317028039, 0.733125832 ]
        - 
          name: RARM_JOINT6
          index: 19
          translation: [ -0.0162929043, -0.342278723, 0.938838059 ]
          rotation: [ 
            0.730689996, -0.152245103, -0.665517511, 
            0.322602529, 0.936116794, 0.140046267, 
            0.601680761, -0.317028039, 0.733125832 ]
        - 
          name: LLEG_JOINT5
          index: 25
          translation: [ -0.045, 0.1, 0.123 ]
          rotation: [ 
            1, -1.93995308e-19, -2.00000033e-09, 
            1.9399531e-19, 1, 1.27432112e-18, 
            2.00000033e-09, -1.27432112e-18, 1 ]
          isTouching: true
          partingDirection: [ 0, 0, 1 ]
        - 
          name: RLEG_JOINT5
          index: 31
          translation: [ -0.045, -0.1, 0.123 ]
          rotation: [ 
            1, -1.90226141e-19, -2.00000033e-09, 
            1.90226144e-19, 1, 1.24774221e-18, 
            2.00000033e-09, -1.24774221e-18, 1 ]
          isTouching: true
          partingDirection: [ 0, 0, 1 ]
  - 
    time: 0.2
    refer: 
      type: Pose
      name: ""
      joints: [ 
        0, 1, 2, 3, 4, 5, 6, 7, 8, 9, 
        10, 11, 12, 13, 14, 15, 16, 17, 18, 19, 
        20, 21, 22, 23, 24, 25, 26, 27, 28, 29, 
        30 ]
      q: [ 
        1.90226153e-19, 4.6590047e-18, -0.291687718, 0.687644268, -0.395956552, -5.90674691e-18, 1.9399532e-19, 4.75821124e-18, -0.291687718, 0.687644268, 
        -0.395956552, -6.03253236e-18, 0, 0, 0, 0, 0, 0.698132, -0.349066, -0.087266, 
        -1.396263, 0, 0, 0, 0.698132, 0.349066, 0.087266, -1.396263, 0, 0, 
        0 ]
      ikLinks: 
        - 
          name: WAIST
          index: 0
          isBaseLink: true
          translation: [ 1.18237484e-07, 0, 0.996999985 ]
          rotation: [ 
            1, 4.81482486e-34, -3.33066907e-16, 
            7.22223729e-35, 1, 2.31111593e-33, 
            3.33066907e-16, -2.24650251e-33, 1 ]
        - 
          name: LARM_JOINT6
          index: 12
          translation: [ -0.0162929043, 0.342278723, 0.938838059 ]
          rotation: [ 
            0.730689996, 0.152245103, -0.665517511, 
            -0.322602529, 0.936116794, -0.140046267, 
            0.601680761, 0.317028039, 0.733125832 ]
        - 
          name: RARM_JOINT6
          index: 19
          translation: [ -0.0162929043, -0.342278723, 0.938838059 ]
          rotation: [ 
            0.730689996, -0.152245103, -0.665517511, 
            0.322602529, 0.936116794, 0.140046267, 
            0.601680761, -0.317028039, 0.733125832 ]
        - 
          name: LLEG_JOINT5
          index: 25
          translation: [ -0.045, 0.1, 0.123 ]
          rotation: [ 
            1, -1.93995308e-19, -2.00000033e-09, 
            1.9399531e-19, 1, 1.27432112e-18, 
            2.00000033e-09, -1.27432112e-18, 1 ]
          isTouching: true
          partingDirection: [ 0, 0, 1 ]
        - 
          name: RLEG_JOINT5
          index: 31
          translation: [ -0.045, -0.1, 0.123 ]
          rotation: [ 
            1, -1.90226141e-19, -2.00000033e-09, 
            1.90226144e-19, 1, 1.24774221e-18, 
            2.00000033e-09, -1.24774221e-18, 1 ]
          isTouching: true
          partingDirection: [ 0, 0, 1 ]
  - 
    time: 1.1
    refer: 
      type: Pose
      name: ""
      joints: [ 
        0, 1, 2, 3, 4, 5, 6, 7, 8, 9, 
        10, 11, 12, 13, 14, 15, 16, 17, 18, 19, 
        20, 21, 22, 23, 24, 25, 26, 27, 28, 29, 
        30 ]
      q: [ 
        -1.03795312e-18, 1.96540575e-17, -1.15528482, 2.13738689, -0.982102077, -1.53450105e-17, -1.21346663e-18, 7.48179104e-18, -1.15528482, 2.13738689, 
        -0.982102077, -2.1594144e-18, 0, 0, 0, 0, 0, 0.698132, -0.349066, -0.087266, 
        -1.396263, 0, 0, 0, 0.698132, 0.349066, 0.087266, -1.396263, 0, 0, 
        0 ]
      ikLinks: 
        - 
          name: WAIST
          index: 0
          isBaseLink: true
          translation: [ -0.0599992132, 0, 0.639500249 ]
          rotation: [ 
            1, 2.50370893e-33, 9.07890376e-36, 
            -2.69630192e-33, 1, -1.54074396e-33, 
            3.73928275e-51, 3.08148791e-33, 1 ]
        - 
          name: LARM_JOINT6
          index: 12
          translation: [ -0.0762922357, 0.342278723, 0.581338322 ]
          rotation: [ 
            0.730689996, 0.152245103, -0.665517511, 
            -0.322602529, 0.936116794, -0.140046267, 
            0.601680761, 0.317028039, 0.733125832 ]
        - 
          name: RARM_JOINT6
          index: 19
          translation: [ -0.0762922357, -0.342278723, 0.581338322 ]
          rotation: [ 
            0.730689996, -0.152245103, -0.665517511, 
            0.322602529, 0.936116794, 0.140046267, 
            0.601680761, -0.317028039, 0.733125832 ]
        - 
          name: LLEG_JOINT5
          index: 25
          translation: [ -0.045, 0.1, 0.123 ]
          rotation: [ 
            1, 1.21346665e-18, -7.00000002e-09, 
            -1.21346668e-18, 1, -5.32237663e-18, 
            7.00000002e-09, 5.32237664e-18, 1 ]
          isTouching: true
          partingDirection: [ 0, 0, 1 ]
        - 
          name: RLEG_JOINT5
          index: 31
          translation: [ -0.045, -0.1, 0.123 ]
          rotation: [ 
            1, 1.03795323e-18, -7.00000002e-09, 
            -1.03795326e-18, 1, -4.30904699e-18, 
            7.00000002e-09, 4.309047e-18, 1 ]
          isTouching: true
          partingDirection: [ 0, 0, 1 ]
  - 
    time: 1.5
    refer: 
      type: Pose
      name: ""
      joints: [ 
        0, 1, 2, 3, 4, 5, 6, 7, 8, 9, 
        10, 11, 12, 13, 14, 15, 16, 17, 18, 19, 
        20, 21, 22, 23, 24, 25, 26, 27, 28, 29, 
        30 ]
      q: [ 
        -1.44111005e-19, -4.27751731e-18, -0.550268453, 1.14377469, -0.593506236, 5.19344875e-18, -1.55613585e-19, -4.54414702e-18, -0.550268453, 1.14377469, 
        -0.593506236, 5.51725903e-18, 0, 0, 0, 0, 0, 0.698132, -0.349066, -0.087266, 
        -1.396263, 0, 0, 0, 0.698132, 0.349066, 0.087266, -1.396263, 0, 0, 
        0 ]
      ikLinks: 
        - 
          name: WAIST
          index: 0
          isBaseLink: true
          translation: [ -0.0199996789, 0, 0.919499923 ]
          rotation: [ 
            1, 6.25927232e-34, 2.77555756e-16, 
            4.57408362e-34, 1, 7.70371978e-34, 
            -2.77555756e-16, 4.31914463e-35, 1 ]
        - 
          name: LARM_JOINT6
          index: 12
          translation: [ -0.0362927014, 0.342278723, 0.861337997 ]
          rotation: [ 
            0.730689996, 0.152245103, -0.665517511, 
            -0.322602529, 0.936116794, -0.140046267, 
            0.601680761, 0.317028039, 0.733125832 ]
        - 
          name: RARM_JOINT6
          index: 19
          translation: [ -0.0362927014, -0.342278723, 0.861337997 ]
          rotation: [ 
            0.730689996, -0.152245103, -0.665517511, 
            0.322602529, 0.936116794, 0.140046267, 
            0.601680761, -0.317028039, 0.733125832 ]
        - 
          name: LLEG_JOINT5
          index: 25
          translation: [ -0.045, 0.1, 0.123 ]
          rotation: [ 
            1, 1.55613591e-19, 1.0000003e-09, 
            -1.5561359e-19, 1, -9.7311201e-19, 
            -1.0000003e-09, 9.7311201e-19, 1 ]
          isTouching: true
          partingDirection: [ 0, 0, 1 ]
        - 
          name: RLEG_JOINT5
          index: 31
          translation: [ -0.045, -0.1, 0.123 ]
          rotation: [ 
            1, 1.4411101e-19, 1.0000003e-09, 
            -1.44111009e-19, 1, -9.1593144e-19, 
            -1.0000003e-09, 9.1593144e-19, 1 ]
          isTouching: true
          partingDirection: [ 0, 0, 1 ]
  - 
    time: 1.66
    refer: 
      type: Pose
      name: ""
      joints: [ 
        0, 1, 2, 3, 4, 5, 6, 7, 8, 9, 
        10, 11, 12, 13, 14, 15, 16, 17, 18, 19, 
        20, 21, 22, 23, 24, 25, 26, 27, 28, 29, 
        30 ]
      q: [ 
        1.80466037e-19, 5.01014882e-18, -0.372797013, 0.793619655, -0.420822643, -6.4000759e-18, 1.96866685e-19, 5.91431328e-18, -0.372797013, 0.793619655, 
        -0.420822643, -7.53751349e-18, 0, 0, 0, 0, 0, 0.698131701, -0.34906585, -0.0872664626, 
        -1.3962634, 0, 0, 0, 0.698131701, 0.34906585, 0.0872664626, -1.3962634, 0, 0, 
        0 ]
      ikLinks: 
        - 
          name: WAIST
          index: 0
          isBaseLink: true
          translation: [ -0.0199996793, 0, 1.04999993 ]
          rotation: [ 
            1, 1.39629921e-33, -2.22044605e-16, 
            -1.44444746e-33, 1, -7.70371978e-34, 
            2.22044605e-16, 2.35482912e-33, 1 ]
        - 
          name: LARM_JOINT6
          index: 12
          translation: [ -0.0362924941, 0.342278749, 0.991838083 ]
          rotation: [ 
            0.730689593, 0.152244556, -0.665518079, 
            -0.322602371, 0.936116807, -0.140046544, 
            0.601681335, 0.317028262, 0.733125264 ]
        - 
          name: RARM_JOINT6
          index: 19
          translation: [ -0.0362924941, -0.342278749, 0.991838083 ]
          rotation: [ 
            0.730689593, -0.152244556, -0.665518079, 
            0.322602371, 0.936116807, 0.140046544, 
            0.601681335, -0.317028262, 0.733125264 ]
        - 
          name: LLEG_JOINT5
          index: 25
          translation: [ -0.045, 0.1, 0.19 ]
          rotation: [ 
            1, -1.96866677e-19, -1.0000003e-09, 
            1.96866679e-19, 1, 1.62320021e-18, 
            1.0000003e-09, -1.62320021e-18, 1 ]
        - 
          name: RLEG_JOINT5
          index: 31
          translation: [ -0.045, -0.1, 0.19 ]
          rotation: [ 
            1, -1.80466031e-19, -1.00000042e-09, 
            1.80466032e-19, 1, 1.38992708e-18, 
            1.00000042e-09, -1.38992708e-18, 1 ]
  - 
    time: 1.82
    refer: 
      type: Pose
      name: ""
      joints: [ 
        0, 1, 2, 3, 4, 5, 6, 7, 8, 9, 
        10, 11, 12, 13, 14, 15, 16, 17, 18, 19, 
        20, 21, 22, 23, 24, 25, 26, 27, 28, 29, 
        30 ]
      q: [ 
        -4.85873777e-19, -1.40352157e-17, -0.550268453, 1.14377469, -0.593506236, 1.70469628e-17, -4.9768803e-19, -1.4420153e-17, -0.550268453, 1.14377469, 
        -0.593506236, 1.75143979e-17, 0, 0, 0, 0, 0, 0.698132, -0.349066, -0.087266, 
        -1.396263, 0, 0, 0, 0.698132, 0.349066, 0.087266, -1.396263, 0, 0, 
        0 ]
      ikLinks: 
        - 
          name: WAIST
          index: 0
          isBaseLink: true
          translation: [ -0.0199996789, 0, 0.919499923 ]
          rotation: [ 
            1, 9.62964972e-35, -1.66533454e-16, 
            1.34815096e-33, 1, -3.08148791e-33, 
            1.66533454e-16, 2.9986062e-33, 1 ]
        - 
          name: LARM_JOINT6
          index: 12
          translation: [ -0.0362927014, 0.342278723, 0.861337997 ]
          rotation: [ 
            0.730689996, 0.152245103, -0.665517511, 
            -0.322602529, 0.936116794, -0.140046267, 
            0.601680761, 0.317028039, 0.733125832 ]
        - 
          name: RARM_JOINT6
          index: 19
          translation: [ -0.0362927014, -0.342278723, 0.861337997 ]
          rotation: [ 
            0.730689996, -0.152245103, -0.665517511, 
            0.322602529, 0.936116794, 0.140046267, 
            0.601680761, -0.317028039, 0.733125832 ]
        - 
          name: LLEG_JOINT5
          index: 25
          translation: [ -0.045, 0.1, 0.123 ]
          rotation: [ 
            1, 4.97688048e-19, 9.99999916e-10, 
            -4.97688044e-19, 1, -3.0942449e-18, 
            -9.99999916e-10, 3.0942449e-18, 1 ]
          isTouching: true
          partingDirection: [ 0, 0, 1 ]
        - 
          name: RLEG_JOINT5
          index: 31
          translation: [ -0.045, -0.1, 0.123 ]
          rotation: [ 
            1, 4.85873794e-19, 9.99999972e-10, 
            -4.85873791e-19, 1, -3.0117471e-18, 
            -9.99999972e-10, 3.0117471e-18, 1 ]
          isTouching: true
          partingDirection: [ 0, 0, 1 ]
  - 
    time: 2.2
    refer: 
      type: Pose
      name: ""
      joints: [ 
        0, 1, 2, 3, 4, 5, 6, 7, 8, 9, 
        10, 11, 12, 13, 14, 15, 16, 17, 18, 19, 
        20, 21, 22, 23, 24, 25, 26, 27, 28, 29, 
        30 ]
      q: [ 
        -1.05594898e-18, 2.14830816e-17, -1.18996957, 2.19549171, -1.00552215, -1.72308833e-17, -1.22183175e-18, 8.99888538e-18, -1.18996957, 2.19549171, 
        -1.00552215, -3.7521309e-18, 0, 0, 0, 0, 0, 0.698132, -0.349066, -0.087266, 
        -1.396263, 0, 0, 0, 0.698132, 0.349066, 0.087266, -1.396263, 0, 0, 
        0 ]
      ikLinks: 
        - 
          name: WAIST
          index: 0
          isBaseLink: true
          translation: [ -0.0599992038, 0, 0.619500435 ]
          rotation: [ 
            1, 2.31111593e-33, 5.55111512e-17, 
            -2.11852294e-33, 1, -1.54074396e-33, 
            -5.55111512e-17, 6.23080111e-33, 1 ]
        - 
          name: LARM_JOINT6
          index: 12
          translation: [ -0.0762922264, 0.342278723, 0.561338509 ]
          rotation: [ 
            0.730689996, 0.152245103, -0.665517511, 
            -0.322602529, 0.936116794, -0.140046267, 
            0.601680761, 0.317028039, 0.733125832 ]
        - 
          name: RARM_JOINT6
          index: 19
          translation: [ -0.0762922264, -0.342278723, 0.561338509 ]
          rotation: [ 
            0.730689996, -0.152245103, -0.665517511, 
            0.322602529, 0.936116794, 0.140046267, 
            0.601680761, -0.317028039, 0.733125832 ]
        - 
          name: LLEG_JOINT5
          index: 25
          translation: [ -0.045, 0.1, 0.123 ]
          rotation: [ 
            1, 1.22183179e-18, -9.99999966e-09, 
            -1.22183184e-18, 1, -5.24675447e-18, 
            9.99999966e-09, 5.24675448e-18, 1 ]
          isTouching: true
          partingDirection: [ 0, 0, 1 ]
        - 
          name: RLEG_JOINT5
          index: 31
          translation: [ -0.045, -0.1, 0.123 ]
          rotation: [ 
            1, 1.05594915e-18, -9.99999972e-09, 
            -1.05594919e-18, 1, -4.25219829e-18, 
            9.99999972e-09, 4.2521983e-18, 1 ]
          isTouching: true
          partingDirection: [ 0, 0, 1 ]
  - 
    time: 2.5
    refer: 
      type: Pose
      name: ""
      joints: [ 
        0, 1, 2, 3, 4, 5, 6, 7, 8, 9, 
        10, 11, 12, 13, 14, 15, 16, 17, 18, 19, 
        20, 21, 22, 23, 24, 25, 26, 27, 28, 29, 
        30 ]
      q: [ 
        -1.08513767e-18, 2.80039527e-17, -1.18996956, 2.19549184, -1.00552229, -2.42190978e-17, -1.24735962e-18, 1.3242585e-17, -1.18996956, 2.19549184, 
        -1.00552229, -8.27865061e-18, 0, 0, 0, 0, 0, 0.698132, -0.349066, -0.087266, 
        -1.396263, 0, 0, 0, 0.698132, 0.349066, 0.087266, -1.396263, 0, 0, 
        0 ]
      ikLinks: 
        - 
          name: WAIST
          index: 0
          isBaseLink: true
          translation: [ -0.0599991724, 0, 0.619500391 ]
          rotation: [ 
            1, 3.08148791e-33, -1.11022302e-16, 
            -1.54074396e-33, 1, 0, 
            1.11022302e-16, 1.0646723e-32, 1 ]
        - 
          name: LARM_JOINT6
          index: 12
          translation: [ -0.076292195, 0.342278723, 0.561338465 ]
          rotation: [ 
            0.730689996, 0.152245103, -0.665517511, 
            -0.322602529, 0.936116794, -0.140046267, 
            0.601680761, 0.317028039, 0.733125832 ]
        - 
          name: RARM_JOINT6
          index: 19
          translation: [ -0.076292195, -0.342278723, 0.561338465 ]
          rotation: [ 
            0.730689996, -0.152245103, -0.665517511, 
            0.322602529, 0.936116794, 0.140046267, 
            0.601680761, -0.317028039, 0.733125832 ]
        - 
          name: LLEG_JOINT5
          index: 25
          translation: [ -0.045, 0.1, 0.123 ]
          rotation: [ 
            1, 1.2473597e-18, -1.00000002e-08, 
            -1.24735975e-18, 1, -4.96393438e-18, 
            1.00000002e-08, 4.96393439e-18, 1 ]
          isTouching: true
          partingDirection: [ 0, 0, 1 ]
        - 
          name: RLEG_JOINT5
          index: 31
          translation: [ -0.045, -0.1, 0.123 ]
          rotation: [ 
            1, 1.08513791e-18, -1.00000002e-08, 
            -1.08513795e-18, 1, -3.78485489e-18, 
            1.00000002e-08, 3.7848549e-18, 1 ]
          isTouching: true
          partingDirection: [ 0, 0, 1 ]
