# Body pose sequence format version 1.0 defined by cnoid-Robotics

type: PoseSeq
name: "jump-100msec"
targetBody: "JAXON_BLUE"
refs: 
  - 
    time: 0
    refer: 
      type: Pose
      name: ""
      joints: [ 
        0, 1, 2, 3, 4, 5, 6, 7, 8, 9, 
        10, 11, 12, 13, 14, 15, 16, 17, 18, 19, 
        20, 21, 22, 23, 24, 25, 26, 27, 28, 29, 
        30 ]
      q: [ 
        1.90226153e-19, 4.6590047e-18, -0.291687718, 0.687644268, -0.395956552, -5.90674691e-18, 1.9399532e-19, 4.75821124e-18, -0.291687718, 0.687644268, 
        -0.395956552, -6.03253236e-18, 0, 0, 0, 0, 0, 0.698132, -0.349066, -0.087266, 
        -1.396263, 0, 0, 0, 0.698132, 0.349066, 0.087266, -1.396263, 0, 0, 
        0 ]
      ikLinks: 
        - 
          name: WAIST
          index: 0
          isBaseLink: true
          translation: [ 1.18237484e-07, 0, 0.996999985 ]
          rotation: [ 
            1, 4.81482486e-34, -3.33066907e-16, 
            7.22223729e-35, 1, 2.31111593e-33, 
            3.33066907e-16, -2.24650251e-33, 1 ]
        - 
          name: LARM_JOINT6
          index: 12
          translation: [ -0.0162929043, 0.342278723, 0.938838059 ]
          rotation: [ 
            0.730689996, 0.152245103, -0.665517511, 
            -0.322602529, 0.936116794, -0.140046267, 
            0.601680761, 0.317028039, 0.733125832 ]
        - 
          name: RARM_JOINT6
          index: 19
          translation: [ -0.0162929043, -0.342278723, 0.938838059 ]
          rotation: [ 
            0.730689996, -0.152245103, -0.665517511, 
            0.322602529, 0.936116794, 0.140046267, 
            0.601680761, -0.317028039, 0.733125832 ]
        - 
          name: LLEG_JOINT5
          index: 25
          translation: [ -0.045, 0.1, 0.123 ]
          rotation: [ 
            1, -1.93995308e-19, -2.00000033e-09, 
            1.9399531e-19, 1, 1.27432112e-18, 
            2.00000033e-09, -1.27432112e-18, 1 ]
          isTouching: true
          partingDirection: [ 0, 0, 1 ]
        - 
          name: RLEG_JOINT5
          index: 31
          translation: [ -0.045, -0.1, 0.123 ]
          rotation: [ 
            1, -1.90226141e-19, -2.00000033e-09, 
            1.90226144e-19, 1, 1.24774221e-18, 
            2.00000033e-09, -1.24774221e-18, 1 ]
          isTouching: true
          partingDirection: [ 0, 0, 1 ]
  - 
    time: 0.2
    refer: 
      type: Pose
      name: ""
      joints: [ 
        0, 1, 2, 3, 4, 5, 6, 7, 8, 9, 
        10, 11, 12, 13, 14, 15, 16, 17, 18, 19, 
        20, 21, 22, 23, 24, 25, 26, 27, 28, 29, 
        30 ]
      q: [ 
        1.90226153e-19, 4.6590047e-18, -0.291687718, 0.687644268, -0.395956552, -5.90674691e-18, 1.9399532e-19, 4.75821124e-18, -0.291687718, 0.687644268, 
        -0.395956552, -6.03253236e-18, 0, 0, 0, 0, 0, 0.698132, -0.349066, -0.087266, 
        -1.396263, 0, 0, 0, 0.698132, 0.349066, 0.087266, -1.396263, 0, 0, 
        0 ]
      ikLinks: 
        - 
          name: WAIST
          index: 0
          isBaseLink: true
          translation: [ 1.18237484e-07, 0, 0.996999985 ]
          rotation: [ 
            1, 4.81482486e-34, -3.33066907e-16, 
            7.22223729e-35, 1, 2.31111593e-33, 
            3.33066907e-16, -2.24650251e-33, 1 ]
        - 
          name: LARM_JOINT6
          index: 12
          translation: [ -0.0162929043, 0.342278723, 0.938838059 ]
          rotation: [ 
            0.730689996, 0.152245103, -0.665517511, 
            -0.322602529, 0.936116794, -0.140046267, 
            0.601680761, 0.317028039, 0.733125832 ]
        - 
          name: RARM_JOINT6
          index: 19
          translation: [ -0.0162929043, -0.342278723, 0.938838059 ]
          rotation: [ 
            0.730689996, -0.152245103, -0.665517511, 
            0.322602529, 0.936116794, 0.140046267, 
            0.601680761, -0.317028039, 0.733125832 ]
        - 
          name: LLEG_JOINT5
          index: 25
          translation: [ -0.045, 0.1, 0.123 ]
          rotation: [ 
            1, -1.93995308e-19, -2.00000033e-09, 
            1.9399531e-19, 1, 1.27432112e-18, 
            2.00000033e-09, -1.27432112e-18, 1 ]
          isTouching: true
          partingDirection: [ 0, 0, 1 ]
        - 
          name: RLEG_JOINT5
          index: 31
          translation: [ -0.045, -0.1, 0.123 ]
          rotation: [ 
            1, -1.90226141e-19, -2.00000033e-09, 
            1.90226144e-19, 1, 1.24774221e-18, 
            2.00000033e-09, -1.24774221e-18, 1 ]
          isTouching: true
          partingDirection: [ 0, 0, 1 ]
  - 
    time: 1.25
    refer: 
      type: Pose
      name: ""
      joints: [ 
        0, 1, 2, 3, 4, 5, 6, 7, 8, 9, 
        10, 11, 12, 13, 14, 15, 16, 17, 18, 19, 
        20, 21, 22, 23, 24, 25, 26, 27, 28, 29, 
        30 ]
      q: [ 
        1.56396775e-18, 1.61508795e-17, -0.736045904, 1.44401988, -0.70797398, -1.70610242e-17, 1.58661235e-18, 1.68593944e-17, -0.736045904, 1.44401988, 
        -0.70797398, -1.78514353e-17, 0, 0, 0, 0, 0, 0.698132, -0.349066, -0.087266, 
        -1.396263, 0, 0, 0, 0.698132, 0.349066, 0.087266, -1.396263, 0, 0, 
        0 ]
      ikLinks: 
        - 
          name: WAIST
          index: 0
          isBaseLink: true
          translation: [ -0.0399994256, 0, 0.849501391 ]
          rotation: [ 
            1, -3.4666739e-33, -2.67493234e-35, 
            3.08148791e-33, 1, 3.69778549e-32, 
            5.37803945e-50, -3.3896367e-32, 1 ]
        - 
          name: LARM_JOINT6
          index: 12
          translation: [ -0.0562924481, 0.342278723, 0.791339465 ]
          rotation: [ 
            0.730689996, 0.152245103, -0.665517511, 
            -0.322602529, 0.936116794, -0.140046267, 
            0.601680761, 0.317028039, 0.733125832 ]
        - 
          name: RARM_JOINT6
          index: 19
          translation: [ -0.0562924481, -0.342278723, 0.791339465 ]
          rotation: [ 
            0.730689996, -0.152245103, -0.665517511, 
            0.322602529, 0.936116794, 0.140046267, 
            0.601680761, -0.317028039, 0.733125832 ]
        - 
          name: LLEG_JOINT5
          index: 25
          translation: [ -0.045, 0.1, 0.123 ]
          rotation: [ 
            1, -1.58661228e-18, -4.00000016e-09, 
            1.58661228e-18, 1, 9.92040894e-19, 
            4.00000016e-09, -9.920409e-19, 1 ]
          isTouching: true
          partingDirection: [ 0, 0, 1 ]
        - 
          name: RLEG_JOINT5
          index: 31
          translation: [ -0.045, -0.1, 0.123 ]
          rotation: [ 
            1, -1.56396768e-18, -4.00000016e-09, 
            1.56396769e-18, 1, 9.10144694e-19, 
            4.00000016e-09, -9.101447e-19, 1 ]
          isTouching: true
          partingDirection: [ 0, 0, 1 ]
  - 
    time: 1.5
    refer: 
      type: Pose
      name: ""
      joints: [ 
        0, 1, 2, 3, 4, 5, 6, 7, 8, 9, 
        10, 11, 12, 13, 14, 15, 16, 17, 18, 19, 
        20, 21, 22, 23, 24, 25, 26, 27, 28, 29, 
        30 ]
      q: [ 
        -3.93476963e-19, -1.06429712e-17, -0.550269851, 1.14377525, -0.593505396, 1.2924286e-17, -5.09646644e-19, -1.31148123e-17, -0.550269851, 1.14377525, 
        -0.593505396, 1.59254361e-17, 0, 0, 0, 0, 0, 0.698132, -0.349066, -0.087266, 
        -1.396263, 0, 0, 0, 0.698132, 0.349066, 0.087266, -1.396263, 0, 0, 
        0 ]
      ikLinks: 
        - 
          name: WAIST
          index: 0
          isBaseLink: true
          translation: [ -0.0200004096, 0, 0.919499833 ]
          rotation: [ 
            1, -5.77778983e-34, 1.11022302e-16, 
            1.05926147e-33, 1, 1.54074396e-33, 
            -1.11022302e-16, 5.65821439e-35, 1 ]
        - 
          name: LARM_JOINT6
          index: 12
          translation: [ -0.0362934321, 0.342278723, 0.861337907 ]
          rotation: [ 
            0.730689996, 0.152245103, -0.665517511, 
            -0.322602529, 0.936116794, -0.140046267, 
            0.601680761, 0.317028039, 0.733125832 ]
        - 
          name: RARM_JOINT6
          index: 19
          translation: [ -0.0362934321, -0.342278723, 0.861337907 ]
          rotation: [ 
            0.730689996, -0.152245103, -0.665517511, 
            0.322602529, 0.936116794, 0.140046267, 
            0.601680761, -0.317028039, 0.733125832 ]
        - 
          name: LLEG_JOINT5
          index: 25
          translation: [ -0.045, 0.1, 0.123 ]
          rotation: [ 
            1, 5.09646692e-19, 3.00000014e-09, 
            -5.09646683e-19, 1, -2.8106238e-18, 
            -3.00000014e-09, 2.8106238e-18, 1 ]
          isTouching: true
          partingDirection: [ 0, 0, 1 ]
        - 
          name: RLEG_JOINT5
          index: 31
          translation: [ -0.045, -0.1, 0.123 ]
          rotation: [ 
            1, 3.93477002e-19, 3.00000019e-09, 
            -3.93476995e-19, 1, -2.2813148e-18, 
            -3.00000019e-09, 2.2813148e-18, 1 ]
          isTouching: true
          partingDirection: [ 0, 0, 1 ]
  - 
    time: 1.55
    refer: 
      type: Pose
      name: ""
      joints: [ 
        0, 1, 2, 3, 4, 5, 6, 7, 8, 9, 
        10, 11, 12, 13, 14, 15, 16, 17, 18, 19, 
        20, 21, 22, 23, 24, 25, 26, 27, 28, 29, 
        30 ]
      q: [ 
        2.50138231e-19, 4.82971065e-18, -0.541823365, 1.12708093, -0.585257564, -5.88140701e-18, 2.03629751e-19, 4.08586489e-18, -0.541823365, 1.12708093, 
        -0.585257561, -4.95607788e-18, 0, 0, 0, 0, 0, 0.698132, -0.349066, -0.087266, 
        -1.396263, 0, 0, 0, 0.698132, 0.349066, 0.087266, -1.396263, 0, 0, 
        0 ]
      ikLinks: 
        - 
          name: WAIST
          index: 0
          isBaseLink: true
          translation: [ -0.0200000002, 0, 0.930000456 ]
          rotation: [ 
            1, 1.03518735e-33, -1.11022302e-16, 
            -9.87039096e-34, 1, 0, 
            1.11022302e-16, 2.26074438e-35, 1 ]
        - 
          name: LARM_JOINT6
          index: 12
          translation: [ -0.0362930227, 0.342278723, 0.87183853 ]
          rotation: [ 
            0.730689996, 0.152245103, -0.665517511, 
            -0.322602529, 0.936116794, -0.140046267, 
            0.601680761, 0.317028039, 0.733125832 ]
        - 
          name: RARM_JOINT6
          index: 19
          translation: [ -0.0362930227, -0.342278723, 0.87183853 ]
          rotation: [ 
            0.730689996, -0.152245103, -0.665517511, 
            0.322602529, 0.936116794, 0.140046267, 
            0.601680761, -0.317028039, 0.733125832 ]
        - 
          name: LLEG_JOINT5
          index: 25
          translation: [ -0.045, 0.1, 0.13 ]
          rotation: [ 
            1, -2.03629771e-19, 3.99999983e-09, 
            2.03629767e-19, 1, 8.70212991e-19, 
            -3.99999983e-09, -8.7021299e-19, 1 ]
        - 
          name: RLEG_JOINT5
          index: 31
          translation: [ -0.045, -0.1, 0.13 ]
          rotation: [ 
            1, -2.50138237e-19, 9.99999861e-10, 
            2.50138236e-19, 1, 1.05169636e-18, 
            -9.99999861e-10, -1.05169636e-18, 1 ]
  - 
    time: 1.6
    refer: 
      type: Pose
      name: ""
      joints: [ 
        0, 1, 2, 3, 4, 5, 6, 7, 8, 9, 
        10, 11, 12, 13, 14, 15, 16, 17, 18, 19, 
        20, 21, 22, 23, 24, 25, 26, 27, 28, 29, 
        30 ]
      q: [ 
        -5.67188002e-19, -1.35174002e-17, -0.550269851, 1.14377525, -0.593505396, 1.64161801e-17, -7.40079857e-19, -1.67883496e-17, -0.550269851, 1.14377525, 
        -0.593505396, 2.03888159e-17, 0, 0, 0, 0, 0, 0.698132, -0.349066, -0.087266, 
        -1.396263, 0, 0, 0, 0.698132, 0.349066, 0.087266, -1.396263, 0, 0, 
        0 ]
      ikLinks: 
        - 
          name: WAIST
          index: 0
          isBaseLink: true
          translation: [ -0.0200004096, 0, 0.919499833 ]
          rotation: [ 
            1, 1.25185446e-33, -1.66533454e-16, 
            -2.21481944e-33, 1, 0, 
            1.66533454e-16, 2.95823986e-33, 1 ]
        - 
          name: LARM_JOINT6
          index: 12
          translation: [ -0.0362934321, 0.342278723, 0.861337907 ]
          rotation: [ 
            0.730689996, 0.152245103, -0.665517511, 
            -0.322602529, 0.936116794, -0.140046267, 
            0.601680761, 0.317028039, 0.733125832 ]
        - 
          name: RARM_JOINT6
          index: 19
          translation: [ -0.0362934321, -0.342278723, 0.861337907 ]
          rotation: [ 
            0.730689996, -0.152245103, -0.665517511, 
            0.322602529, 0.936116794, 0.140046267, 
            0.601680761, -0.317028039, 0.733125832 ]
        - 
          name: LLEG_JOINT5
          index: 25
          translation: [ -0.045, 0.1, 0.123 ]
          rotation: [ 
            1, 7.40079918e-19, 2.99999986e-09, 
            -7.40079907e-19, 1, -3.6004663e-18, 
            -2.99999986e-09, 3.6004663e-18, 1 ]
          isTouching: true
          partingDirection: [ 0, 0, 1 ]
        - 
          name: RLEG_JOINT5
          index: 31
          translation: [ -0.045, -0.1, 0.123 ]
          rotation: [ 
            1, 5.67188051e-19, 2.99999986e-09, 
            -5.67188043e-19, 1, -2.8987799e-18, 
            -2.99999986e-09, 2.8987799e-18, 1 ]
          isTouching: true
          partingDirection: [ 0, 0, 1 ]
  - 
    time: 1.85
    refer: 
      type: Pose
      name: ""
      joints: [ 
        0, 1, 2, 3, 4, 5, 6, 7, 8, 9, 
        10, 11, 12, 13, 14, 15, 16, 17, 18, 19, 
        20, 21, 22, 23, 24, 25, 26, 27, 28, 29, 
        30 ]
      q: [ 
        1.5643711e-18, 1.63499072e-17, -0.736050229, 1.4440281, -0.707977875, -1.72591119e-17, 1.58707481e-18, 1.70810991e-17, -0.736050229, 1.4440281, 
        -0.707977875, -1.80746005e-17, 0, 0, 0, 0, 0, 0.698132, -0.349066, -0.087266, 
        -1.396263, 0, 0, 0, 0.698132, 0.349066, 0.087266, -1.396263, 0, 0, 
        0 ]
      ikLinks: 
        - 
          name: WAIST
          index: 0
          isBaseLink: true
          translation: [ -0.03999946, 0, 0.849499275 ]
          rotation: [ 
            1, -1.73333695e-33, 1.11022302e-16, 
            5.00741786e-33, 1, 1.23259516e-32, 
            -1.11022302e-16, -1.55836403e-32, 1 ]
        - 
          name: LARM_JOINT6
          index: 12
          translation: [ -0.0562924826, 0.342278723, 0.791337349 ]
          rotation: [ 
            0.730689996, 0.152245103, -0.665517511, 
            -0.322602529, 0.936116794, -0.140046267, 
            0.601680761, 0.317028039, 0.733125832 ]
        - 
          name: RARM_JOINT6
          index: 19
          translation: [ -0.0562924826, -0.342278723, 0.791337349 ]
          rotation: [ 
            0.730689996, -0.152245103, -0.665517511, 
            0.322602529, 0.936116794, 0.140046267, 
            0.601680761, -0.317028039, 0.733125832 ]
        - 
          name: LLEG_JOINT5
          index: 25
          translation: [ -0.045, 0.1, 0.123 ]
          rotation: [ 
            1, -1.58707474e-18, -3.99999978e-09, 
            1.58707474e-18, 1, 9.93501394e-19, 
            3.99999978e-09, -9.935014e-19, 1 ]
          isTouching: true
          partingDirection: [ 0, 0, 1 ]
        - 
          name: RLEG_JOINT5
          index: 31
          translation: [ -0.045, -0.1, 0.123 ]
          rotation: [ 
            1, -1.56437103e-18, -3.99999983e-09, 
            1.56437103e-18, 1, 9.09204694e-19, 
            3.99999983e-09, -9.092047e-19, 1 ]
          isTouching: true
          partingDirection: [ 0, 0, 1 ]
  - 
    time: 2.1
    refer: 
      type: Pose
      name: ""
      joints: [ 
        0, 1, 2, 3, 4, 5, 6, 7, 8, 9, 
        10, 11, 12, 13, 14, 15, 16, 17, 18, 19, 
        20, 21, 22, 23, 24, 25, 26, 27, 28, 29, 
        30 ]
      q: [ 
        1.5643711e-18, 1.63499072e-17, -0.736050229, 1.4440281, -0.707977875, -1.72591119e-17, 1.58707481e-18, 1.70810991e-17, -0.736050229, 1.4440281, 
        -0.707977875, -1.80746005e-17, 0, 0, 0, 0, 0, 0.698132, -0.349066, -0.087266, 
        -1.396263, 0, 0, 0, 0.698132, 0.349066, 0.087266, -1.396263, 0, 0, 
        0 ]
      ikLinks: 
        - 
          name: WAIST
          index: 0
          isBaseLink: true
          translation: [ -0.03999946, 0, 0.849499275 ]
          rotation: [ 
            1, -1.73333695e-33, 1.11022302e-16, 
            5.00741786e-33, 1, 1.23259516e-32, 
            -1.11022302e-16, -1.55836403e-32, 1 ]
        - 
          name: LARM_JOINT6
          index: 12
          translation: [ -0.0562924826, 0.342278723, 0.791337349 ]
          rotation: [ 
            0.730689996, 0.152245103, -0.665517511, 
            -0.322602529, 0.936116794, -0.140046267, 
            0.601680761, 0.317028039, 0.733125832 ]
        - 
          name: RARM_JOINT6
          index: 19
          translation: [ -0.0562924826, -0.342278723, 0.791337349 ]
          rotation: [ 
            0.730689996, -0.152245103, -0.665517511, 
            0.322602529, 0.936116794, 0.140046267, 
            0.601680761, -0.317028039, 0.733125832 ]
        - 
          name: LLEG_JOINT5
          index: 25
          translation: [ -0.045, 0.1, 0.123 ]
          rotation: [ 
            1, -1.58707474e-18, -3.99999978e-09, 
            1.58707474e-18, 1, 9.93501394e-19, 
            3.99999978e-09, -9.935014e-19, 1 ]
          isTouching: true
          partingDirection: [ 0, 0, 1 ]
        - 
          name: RLEG_JOINT5
          index: 31
          translation: [ -0.045, -0.1, 0.123 ]
          rotation: [ 
            1, -1.56437103e-18, -3.99999983e-09, 
            1.56437103e-18, 1, 9.09204694e-19, 
            3.99999983e-09, -9.092047e-19, 1 ]
          isTouching: true
          partingDirection: [ 0, 0, 1 ]
