# Body pose sequence format version 1.0 defined by cnoid-Robotics

type: PoseSeq
name: "jump-200msec"
targetBody: "JAXON_BLUE"
refs: 
  - 
    time: 0
    refer: 
      type: Pose
      name: ""
      joints: [ 
        0, 1, 2, 3, 4, 5, 6, 7, 8, 9, 
        10, 11, 12, 13, 14, 15, 16, 17, 18, 19, 
        20, 21, 22, 23, 24, 25, 26, 27, 28, 29, 
        30 ]
      q: [ 
        1.90226153e-19, 4.6590047e-18, -0.291687718, 0.687644268, -0.395956552, -5.90674691e-18, 1.9399532e-19, 4.75821124e-18, -0.291687718, 0.687644268, 
        -0.395956552, -6.03253236e-18, 0, 0, 0, 0, 0, 0.698132, -0.349066, -0.087266, 
        -1.396263, 0, 0, 0, 0.698132, 0.349066, 0.087266, -1.396263, 0, 0, 
        0 ]
      ikLinks: 
        - 
          name: WAIST
          index: 0
          isBaseLink: true
          translation: [ 8.54871729e-18, 0, 0.998 ]
          rotation: [ 
            1, 4.81482486e-34, -3.33066907e-16, 
            -3.12963616e-34, 1, -3.08148791e-33, 
            3.33066907e-16, 8.34985399e-34, 1 ]
        - 
          name: LARM_JOINT6
          index: 12
          translation: [ -0.0162930225, 0.342278723, 0.939838074 ]
          rotation: [ 
            0.730689996, 0.152245103, -0.665517511, 
            -0.322602529, 0.936116794, -0.140046267, 
            0.601680761, 0.317028039, 0.733125832 ]
        - 
          name: RARM_JOINT6
          index: 19
          translation: [ -0.0162930225, -0.342278723, 0.939838074 ]
          rotation: [ 
            0.730689996, -0.152245103, -0.665517511, 
            0.322602529, 0.936116794, 0.140046267, 
            0.601680761, -0.317028039, 0.733125832 ]
        - 
          name: LLEG_JOINT5
          index: 25
          translation: [ -0.0450001182, 0.1, 0.124000015 ]
          rotation: [ 
            1, -1.93995308e-19, -2.00000033e-09, 
            1.9399531e-19, 1, 1.27432112e-18, 
            2.00000033e-09, -1.27432112e-18, 1 ]
          isTouching: true
          partingDirection: [ 0, 0, 1 ]
          contactPoints: 
            - [ -0.071, -0.0373336, -0.124 ]
            - [ -0.071, -0.056, -0.124 ]
            - [ 0.00899999, -0.056, -0.124 ]
            - [ -0.071, 0.056, -0.124 ]
            - [ -0.071, -0.0373336, -0.124 ]
            - [ -0.0323338, 0.056, -0.124 ]
            - [ -0.071, 0.056, -0.124 ]
            - [ 0.161, 0.056, -0.124 ]
            - [ -0.0323338, 0.056, -0.124 ]
            - [ 0.161, 0.0373336, -0.124 ]
            - [ 0.161, 0.056, -0.124 ]
            - [ 0.105667, -0.056, -0.124 ]
            - [ 0.122334, -0.056, -0.124 ]
            - [ 0.161, -0.056, -0.124 ]
        - 
          name: RLEG_JOINT5
          index: 31
          translation: [ -0.0450001182, -0.1, 0.124000015 ]
          rotation: [ 
            1, -1.90226141e-19, -2.00000033e-09, 
            1.90226144e-19, 1, 1.24774221e-18, 
            2.00000033e-09, -1.24774221e-18, 1 ]
          isTouching: true
          partingDirection: [ 0, 0, 1 ]
          contactPoints: 
            - [ -0.071, 0.0199999, -0.124 ]
            - [ -0.0323338, 0.056, -0.124 ]
            - [ -0.071, 0.056, -0.124 ]
            - [ -0.0156668, 0.056, -0.124 ]
            - [ -0.071, -0.0373336, -0.124 ]
            - [ -0.071, -0.056, -0.124 ]
            - [ -0.071, -0.056, -0.124 ]
            - [ 0.122334, -0.056, -0.124 ]
            - [ -0.071, -0.0266669, -0.124 ]
            - [ 0.122334, -0.056, -0.124 ]
            - [ 0.161, -0.056, -0.124 ]
            - [ 0.161, -0.056, -0.124 ]
            - [ 0.161, 0.0373336, -0.124 ]
            - [ 0.0810001, 0.056, -0.124 ]
            - [ 0.161, 0.0373336, -0.124 ]
            - [ 0.161, 0.056, -0.124 ]
  - 
    time: 0.2
    refer: 
      type: Pose
      name: ""
      joints: [ 
        0, 1, 2, 3, 4, 5, 6, 7, 8, 9, 
        10, 11, 12, 13, 14, 15, 16, 17, 18, 19, 
        20, 21, 22, 23, 24, 25, 26, 27, 28, 29, 
        30 ]
      q: [ 
        1.90226153e-19, 4.6590047e-18, -0.291687718, 0.687644268, -0.395956552, -5.90674691e-18, 1.9399532e-19, 4.75821124e-18, -0.291687718, 0.687644268, 
        -0.395956552, -6.03253236e-18, 0, 0, 0, 0, 0, 0.698132, -0.349066, -0.087266, 
        -1.396263, 0, 0, 0, 0.698132, 0.349066, 0.087266, -1.396263, 0, 0, 
        0 ]
      ikLinks: 
        - 
          name: WAIST
          index: 0
          isBaseLink: true
          translation: [ 2.49800181e-18, 0, 0.998 ]
          rotation: [ 
            1, 1.6851887e-34, -2.77555756e-16, 
            -1.6851887e-34, 1, -1.59354232e-33, 
            2.77555756e-16, 1.59354232e-33, 1 ]
        - 
          name: LARM_JOINT6
          index: 12
          translation: [ -0.0162930225, 0.342278723, 0.939838074 ]
          rotation: [ 
            0.730689996, 0.152245103, -0.665517511, 
            -0.322602529, 0.936116794, -0.140046267, 
            0.601680761, 0.317028039, 0.733125832 ]
        - 
          name: RARM_JOINT6
          index: 19
          translation: [ -0.0162930225, -0.342278723, 0.939838074 ]
          rotation: [ 
            0.730689996, -0.152245103, -0.665517511, 
            0.322602529, 0.936116794, 0.140046267, 
            0.601680761, -0.317028039, 0.733125832 ]
        - 
          name: LLEG_JOINT5
          index: 25
          translation: [ -0.0450001182, 0.1, 0.124000015 ]
          rotation: [ 
            1, -1.93995308e-19, -2.00000033e-09, 
            1.9399531e-19, 1, 1.27432112e-18, 
            2.00000033e-09, -1.27432112e-18, 1 ]
          isTouching: true
          partingDirection: [ 0, 0, 1 ]
          contactPoints: 
            - [ -0.071, -0.0373336, -0.124 ]
            - [ -0.071, -0.056, -0.124 ]
            - [ 0.00899999, -0.056, -0.124 ]
            - [ -0.071, 0.056, -0.124 ]
            - [ -0.071, -0.0373336, -0.124 ]
            - [ -0.0323338, 0.056, -0.124 ]
            - [ -0.071, 0.056, -0.124 ]
            - [ 0.161, 0.056, -0.124 ]
            - [ -0.0323338, 0.056, -0.124 ]
            - [ 0.161, 0.0373336, -0.124 ]
            - [ 0.161, 0.056, -0.124 ]
            - [ 0.105667, -0.056, -0.124 ]
            - [ 0.122334, -0.056, -0.124 ]
            - [ 0.161, -0.056, -0.124 ]
        - 
          name: RLEG_JOINT5
          index: 31
          translation: [ -0.0450001182, -0.1, 0.124000015 ]
          rotation: [ 
            1, -1.90226141e-19, -2.00000033e-09, 
            1.90226144e-19, 1, 1.24774221e-18, 
            2.00000033e-09, -1.24774221e-18, 1 ]
          isTouching: true
          partingDirection: [ 0, 0, 1 ]
          contactPoints: 
            - [ -0.071, 0.0199999, -0.124 ]
            - [ -0.0323338, 0.056, -0.124 ]
            - [ -0.071, 0.056, -0.124 ]
            - [ -0.0156668, 0.056, -0.124 ]
            - [ -0.071, -0.0373336, -0.124 ]
            - [ -0.071, -0.056, -0.124 ]
            - [ -0.071, -0.056, -0.124 ]
            - [ 0.122334, -0.056, -0.124 ]
            - [ -0.071, -0.0266669, -0.124 ]
            - [ 0.122334, -0.056, -0.124 ]
            - [ 0.161, -0.056, -0.124 ]
            - [ 0.161, -0.056, -0.124 ]
            - [ 0.161, 0.0373336, -0.124 ]
            - [ 0.0810001, 0.056, -0.124 ]
            - [ 0.161, 0.0373336, -0.124 ]
            - [ 0.161, 0.056, -0.124 ]
  - 
    time: 1.1
    refer: 
      type: Pose
      name: ""
      joints: [ 
        0, 1, 2, 3, 4, 5, 6, 7, 8, 9, 
        10, 11, 12, 13, 14, 15, 16, 17, 18, 19, 
        20, 21, 22, 23, 24, 25, 26, 27, 28, 29, 
        30 ]
      q: [ 
        -2.62398283e-18, 1.29266678e-16, -0.994230141, 1.89519165, -0.900961513, -1.4308435e-16, -2.80393628e-18, 1.24378726e-16, -0.994230141, 1.89519165, 
        -0.900961513, -1.36953772e-16, 0, 0, 0, 0, 0, 0.698132, -0.349066, -0.087266, 
        -1.396263, 0, 0, 0, 0.698132, 0.349066, 0.087266, -1.396263, 0, 0, 
        0 ]
      ikLinks: 
        - 
          name: WAIST
          index: 0
          isBaseLink: true
          translation: [ -0.05, 0, 0.7205 ]
          rotation: [ 
            1, -1.46370676e-32, -3.33066907e-16, 
            1.46370676e-32, 1, -2.37180049e-32, 
            3.33066907e-16, 2.37180049e-32, 1 ]
        - 
          name: LARM_JOINT6
          index: 12
          translation: [ -0.0662930225, 0.342278723, 0.662338074 ]
          rotation: [ 
            0.730689996, 0.152245103, -0.665517511, 
            -0.322602529, 0.936116794, -0.140046267, 
            0.601680761, 0.317028039, 0.733125832 ]
        - 
          name: RARM_JOINT6
          index: 19
          translation: [ -0.0662930225, -0.342278723, 0.662338074 ]
          rotation: [ 
            0.730689996, -0.152245103, -0.665517511, 
            0.322602529, 0.936116794, 0.140046267, 
            0.601680761, -0.317028039, 0.733125832 ]
        - 
          name: LLEG_JOINT5
          index: 25
          translation: [ -0.0450006721, 0.1, 0.124000985 ]
          rotation: [ 
            1, 2.80393683e-18, -4.00000055e-09, 
            -2.80393678e-18, 1, 1.2575046e-17, 
            4.00000055e-09, -1.2575046e-17, 1 ]
          isTouching: true
          partingDirection: [ 0, 0, 1 ]
          contactPoints: 
            - [ -0.071, -0.0373703, -0.124001 ]
            - [ -0.071, -0.056, -0.124001 ]
            - [ 0.00900023, -0.056, -0.124001 ]
            - [ -0.071, 0.056, -0.124001 ]
            - [ -0.071, -0.0373703, -0.124001 ]
            - [ -0.0324098, 0.056, -0.124001 ]
            - [ -0.071, 0.056, -0.124001 ]
            - [ 0.161, 0.056, -0.124001 ]
            - [ -0.0324098, 0.056, -0.124001 ]
            - [ 0.161, 0.0373703, -0.124001 ]
            - [ 0.161, 0.056, -0.124001 ]
            - [ 0.105705, -0.056, -0.124001 ]
            - [ 0.12241, -0.056, -0.124001 ]
            - [ 0.161, -0.056, -0.124001 ]
        - 
          name: RLEG_JOINT5
          index: 31
          translation: [ -0.0450006721, -0.1, 0.124000985 ]
          rotation: [ 
            1, 2.6239834e-18, -4.00000055e-09, 
            -2.62398335e-18, 1, 1.3817672e-17, 
            4.00000055e-09, -1.3817672e-17, 1 ]
          isTouching: true
          partingDirection: [ 0, 0, 1 ]
          contactPoints: 
            - [ -0.071, 0.0199997, -0.124001 ]
            - [ -0.0324098, 0.056, -0.124001 ]
            - [ -0.071, 0.056, -0.124001 ]
            - [ -0.0157046, 0.056, -0.124001 ]
            - [ -0.071, -0.0373703, -0.124001 ]
            - [ -0.071, -0.056, -0.124001 ]
            - [ -0.071, -0.056, -0.124001 ]
            - [ 0.12241, -0.056, -0.124001 ]
            - [ -0.071, -0.0266855, -0.124001 ]
            - [ 0.12241, -0.056, -0.124001 ]
            - [ 0.161, -0.056, -0.124001 ]
            - [ 0.161, -0.056, -0.124001 ]
            - [ 0.161, 0.0373703, -0.124001 ]
            - [ 0.0810003, 0.056, -0.124001 ]
            - [ 0.161, 0.0373703, -0.124001 ]
            - [ 0.161, 0.056, -0.124001 ]
  - 
    time: 1.5
    refer: 
      type: Pose
      name: ""
      joints: [ 
        0, 1, 2, 3, 4, 5, 6, 7, 8, 9, 
        10, 11, 12, 13, 14, 15, 16, 17, 18, 19, 
        20, 21, 22, 23, 24, 25, 26, 27, 28, 29, 
        30 ]
      q: [ 
        -1.44111005e-19, -4.27751731e-18, -0.550268453, 1.14377469, -0.593506236, 5.19344875e-18, -1.55613585e-19, -4.54414702e-18, -0.550268453, 1.14377469, 
        -0.593506236, 5.51725903e-18, 0, 0, 0, 0, 0, 0.698132, -0.349066, -0.087266, 
        -1.396263, 0, 0, 0, 0.698132, 0.349066, 0.087266, -1.396263, 0, 0, 
        0 ]
      ikLinks: 
        - 
          name: WAIST
          index: 0
          isBaseLink: true
          translation: [ -0.02, 0, 0.9205 ]
          rotation: [ 
            1, 3.85185989e-34, 2.22044605e-16, 
            -3.85185989e-34, 1, -3.19990713e-35, 
            -2.22044605e-16, 3.19990713e-35, 1 ]
        - 
          name: LARM_JOINT6
          index: 12
          translation: [ -0.0362930225, 0.342278723, 0.862338074 ]
          rotation: [ 
            0.730689996, 0.152245103, -0.665517511, 
            -0.322602529, 0.936116794, -0.140046267, 
            0.601680761, 0.317028039, 0.733125832 ]
        - 
          name: RARM_JOINT6
          index: 19
          translation: [ -0.0362930225, -0.342278723, 0.862338074 ]
          rotation: [ 
            0.730689996, -0.152245103, -0.665517511, 
            0.322602529, 0.936116794, 0.140046267, 
            0.601680761, -0.317028039, 0.733125832 ]
        - 
          name: LLEG_JOINT5
          index: 25
          translation: [ -0.0450003211, 0.1, 0.124000077 ]
          rotation: [ 
            1, 1.55613591e-19, 1.0000003e-09, 
            -1.5561359e-19, 1, -9.7311201e-19, 
            -1.0000003e-09, 9.7311201e-19, 1 ]
          isTouching: true
          partingDirection: [ 0, 0, 1 ]
          contactPoints: 
            - [ -0.071, -0.0373363, -0.124 ]
            - [ -0.071, -0.056, -0.124 ]
            - [ 0.00900023, -0.056, -0.124 ]
            - [ -0.071, 0.056, -0.124 ]
            - [ -0.071, -0.0373363, -0.124 ]
            - [ -0.0323396, 0.056, -0.124 ]
            - [ -0.071, 0.056, -0.124 ]
            - [ 0.161, 0.0266679, -0.124 ]
            - [ 0.161, 0.056, -0.124 ]
            - [ -0.0323396, 0.056, -0.124 ]
            - [ 0.161, 0.0373363, -0.124 ]
            - [ 0.161, 0.056, -0.124 ]
            - [ 0.10567, -0.056, -0.124 ]
            - [ 0.12234, -0.056, -0.124 ]
            - [ 0.161, -0.056, -0.124 ]
            - [ 0.161, -0.0200002, -0.124 ]
        - 
          name: RLEG_JOINT5
          index: 31
          translation: [ -0.0450003211, -0.1, 0.124000077 ]
          rotation: [ 
            1, 1.4411101e-19, 1.0000003e-09, 
            -1.44111009e-19, 1, -9.1593144e-19, 
            -1.0000003e-09, 9.1593144e-19, 1 ]
          isTouching: true
          partingDirection: [ 0, 0, 1 ]
          contactPoints: 
            - [ -0.071, 0.0199997, -0.124 ]
            - [ -0.0323396, 0.056, -0.124 ]
            - [ -0.071, 0.056, -0.124 ]
            - [ -0.0156695, 0.056, -0.124 ]
            - [ -0.071, -0.0373363, -0.124 ]
            - [ -0.071, -0.056, -0.124 ]
            - [ -0.071, -0.056, -0.124 ]
            - [ 0.12234, -0.056, -0.124 ]
            - [ -0.071, -0.0266685, -0.124 ]
            - [ 0.12234, -0.056, -0.124 ]
            - [ 0.161, -0.056, -0.124 ]
            - [ 0.161, -0.056, -0.124 ]
            - [ 0.161, 0.0373363, -0.124 ]
            - [ 0.0810003, 0.056, -0.124 ]
            - [ 0.161, 0.0373363, -0.124 ]
            - [ 0.161, 0.056, -0.124 ]
  - 
    time: 1.6
    refer: 
      type: Pose
      name: ""
      joints: [ 
        0, 1, 2, 3, 4, 5, 6, 7, 8, 9, 
        10, 11, 12, 13, 14, 15, 16, 17, 18, 19, 
        20, 21, 22, 23, 24, 25, 26, 27, 28, 29, 
        30 ]
      q: [ 
        7.4564347e-20, 2.78228692e-18, -0.464104148, 0.973605047, -0.509500895, -3.42344546e-18, 8.6627272e-20, 3.08839175e-18, -0.464104148, 0.973605047, 
        -0.509500895, -3.80096846e-18, 0, 0, 0, 0, 0, 0.698132, -0.349066, -0.087266, 
        -1.396263, 0, 0, 0, 0.698132, 0.349066, 0.087266, -1.396263, 0, 0, 
        0 ]
      ikLinks: 
        - 
          name: WAIST
          index: 0
          isBaseLink: true
          translation: [ -0.02, 0, 0.9705 ]
          rotation: [ 
            1, 1.6851887e-34, -5.55111512e-17, 
            -1.6851887e-34, 1, -4.24118503e-33, 
            5.55111512e-17, 4.24118503e-33, 1 ]
        - 
          name: LARM_JOINT6
          index: 12
          translation: [ -0.0362930225, 0.342278723, 0.912338074 ]
          rotation: [ 
            0.730689996, 0.152245103, -0.665517511, 
            -0.322602529, 0.936116794, -0.140046267, 
            0.601680761, 0.317028039, 0.733125832 ]
        - 
          name: RARM_JOINT6
          index: 19
          translation: [ -0.0362930225, -0.342278723, 0.912338074 ]
          rotation: [ 
            0.730689996, -0.152245103, -0.665517511, 
            0.322602529, 0.936116794, 0.140046267, 
            0.601680761, -0.317028039, 0.733125832 ]
        - 
          name: LLEG_JOINT5
          index: 25
          translation: [ -0.0450003213, 0.1, 0.140500068 ]
          rotation: [ 
            1, -8.66272872e-20, 3.99999989e-09, 
            8.66272844e-20, 1, 7.1257671e-19, 
            -3.99999989e-09, -7.1257671e-19, 1 ]
        - 
          name: RLEG_JOINT5
          index: 31
          translation: [ -0.0450003213, -0.1, 0.140500068 ]
          rotation: [ 
            1, -7.45643607e-20, 3.99999989e-09, 
            7.45643581e-20, 1, 6.4115854e-19, 
            -3.99999989e-09, -6.4115854e-19, 1 ]
  - 
    time: 1.7
    refer: 
      type: Pose
      name: ""
      joints: [ 
        0, 1, 2, 3, 4, 5, 6, 7, 8, 9, 
        10, 11, 12, 13, 14, 15, 16, 17, 18, 19, 
        20, 21, 22, 23, 24, 25, 26, 27, 28, 29, 
        30 ]
      q: [ 
        -2.91371612e-19, -8.51810222e-18, -0.550268453, 1.14377469, -0.593506236, 1.03470041e-17, -4.59258626e-19, -1.27823881e-17, -0.550268453, 1.14377469, 
        -0.593506236, 1.55256186e-17, 0, 0, 0, 0, 0, 0.698132, -0.349066, -0.087266, 
        -1.396263, 0, 0, 0, 0.698132, 0.349066, 0.087266, -1.396263, 0, 0, 
        0 ]
      ikLinks: 
        - 
          name: WAIST
          index: 0
          isBaseLink: true
          translation: [ -0.02, 0, 0.9205 ]
          rotation: [ 
            1, -3.85185989e-34, -2.77555756e-16, 
            3.85185989e-34, 1, 8.08718681e-35, 
            2.77555756e-16, -8.08718681e-35, 1 ]
        - 
          name: LARM_JOINT6
          index: 12
          translation: [ -0.0362930225, 0.342278723, 0.862338074 ]
          rotation: [ 
            0.730689996, 0.152245103, -0.665517511, 
            -0.322602529, 0.936116794, -0.140046267, 
            0.601680761, 0.317028039, 0.733125832 ]
        - 
          name: RARM_JOINT6
          index: 19
          translation: [ -0.0362930225, -0.342278723, 0.862338074 ]
          rotation: [ 
            0.730689996, -0.152245103, -0.665517511, 
            0.322602529, 0.936116794, 0.140046267, 
            0.601680761, -0.317028039, 0.733125832 ]
        - 
          name: LLEG_JOINT5
          index: 25
          translation: [ -0.0450003211, 0.1, 0.124000077 ]
          rotation: [ 
            1, 4.59258642e-19, 9.99999916e-10, 
            -4.59258639e-19, 1, -2.7432305e-18, 
            -9.99999916e-10, 2.7432305e-18, 1 ]
          isTouching: true
          partingDirection: [ 0, 0, 1 ]
          contactPoints: 
            - [ -0.071, -0.0373363, -0.124 ]
            - [ -0.071, -0.056, -0.124 ]
            - [ 0.00900023, -0.056, -0.124 ]
            - [ -0.071, 0.056, -0.124 ]
            - [ -0.071, -0.0373363, -0.124 ]
            - [ -0.0323396, 0.056, -0.124 ]
            - [ -0.071, 0.056, -0.124 ]
            - [ 0.161, 0.0266679, -0.124 ]
            - [ 0.161, 0.056, -0.124 ]
            - [ -0.0323396, 0.056, -0.124 ]
            - [ 0.161, 0.0373363, -0.124 ]
            - [ 0.161, 0.056, -0.124 ]
            - [ 0.10567, -0.056, -0.124 ]
            - [ 0.12234, -0.056, -0.124 ]
            - [ 0.161, -0.056, -0.124 ]
            - [ 0.161, -0.0200002, -0.124 ]
        - 
          name: RLEG_JOINT5
          index: 31
          translation: [ -0.0450003211, -0.1, 0.124000077 ]
          rotation: [ 
            1, 2.91371622e-19, 9.99999916e-10, 
            -2.91371621e-19, 1, -1.82890188e-18, 
            -9.99999916e-10, 1.82890188e-18, 1 ]
          isTouching: true
          partingDirection: [ 0, 0, 1 ]
          contactPoints: 
            - [ -0.071, 0.0199997, -0.124 ]
            - [ -0.0323396, 0.056, -0.124 ]
            - [ -0.071, 0.056, -0.124 ]
            - [ -0.0156695, 0.056, -0.124 ]
            - [ -0.071, -0.0373363, -0.124 ]
            - [ -0.071, -0.056, -0.124 ]
            - [ -0.071, -0.056, -0.124 ]
            - [ 0.12234, -0.056, -0.124 ]
            - [ -0.071, -0.0266685, -0.124 ]
            - [ 0.12234, -0.056, -0.124 ]
            - [ 0.161, -0.056, -0.124 ]
            - [ 0.161, -0.056, -0.124 ]
            - [ 0.161, 0.0373363, -0.124 ]
            - [ 0.0810003, 0.056, -0.124 ]
            - [ 0.161, 0.0373363, -0.124 ]
            - [ 0.161, 0.056, -0.124 ]
  - 
    time: 2.1
    refer: 
      type: Pose
      name: ""
      joints: [ 
        0, 1, 2, 3, 4, 5, 6, 7, 8, 9, 
        10, 11, 12, 13, 14, 15, 16, 17, 18, 19, 
        20, 21, 22, 23, 24, 25, 26, 27, 28, 29, 
        30 ]
      q: [ 
        -9.43014377e-19, 2.04819361e-17, -0.994228919, 1.89518995, -0.900961047, -1.67446175e-17, -6.38709949e-19, -2.42274367e-18, -0.994228919, 1.89518995, 
        -0.900961047, 5.79259638e-18, 0, 0, 0, 0, 0, 0.698132, -0.349066, -0.087266, 
        -1.396263, 0, 0, 0, 0.698132, 0.349066, 0.087266, -1.396263, 0, 0, 
        0 ]
      ikLinks: 
        - 
          name: WAIST
          index: 0
          isBaseLink: true
          translation: [ -0.05, 0, 0.7205 ]
          rotation: [ 
            1, -1.16518762e-32, 3.33066907e-16, 
            1.16518762e-32, 1, 2.02021243e-32, 
            -3.33066907e-16, -2.02021243e-32, 1 ]
        - 
          name: LARM_JOINT6
          index: 12
          translation: [ -0.0662930225, 0.342278723, 0.662338074 ]
          rotation: [ 
            0.730689996, 0.152245103, -0.665517511, 
            -0.322602529, 0.936116794, -0.140046267, 
            0.601680761, 0.317028039, 0.733125832 ]
        - 
          name: RARM_JOINT6
          index: 19
          translation: [ -0.0662930225, -0.342278723, 0.662338074 ]
          rotation: [ 
            0.730689996, -0.152245103, -0.665517511, 
            0.322602529, 0.936116794, 0.140046267, 
            0.601680761, -0.317028039, 0.733125832 ]
        - 
          name: LLEG_JOINT5
          index: 25
          translation: [ -0.0450008065, 0.1, 0.124000446 ]
          rotation: [ 
            1, 6.38709856e-19, -1.59999997e-08, 
            -6.3870991e-19, 1, -3.3698527e-18, 
            1.59999997e-08, 3.36985271e-18, 1 ]
          isTouching: true
          partingDirection: [ 0, 0, 1 ]
          contactPoints: 
            - [ -0.071, -0.0373502, -0.124 ]
            - [ -0.071, -0.056, -0.124 ]
            - [ 0.00900047, -0.056, -0.124 ]
            - [ -0.071, 0.056, -0.124 ]
            - [ -0.071, -0.0373502, -0.124 ]
            - [ -0.0323683, 0.056, -0.124 ]
            - [ -0.071, 0.056, -0.124 ]
            - [ 0.161, 0.056, -0.124 ]
            - [ -0.0323683, 0.056, -0.124 ]
            - [ 0.161, 0.0373503, -0.124 ]
            - [ 0.161, 0.056, -0.124 ]
            - [ 0.105685, -0.056, -0.124 ]
            - [ 0.122368, -0.056, -0.124 ]
            - [ 0.161, -0.056, -0.124 ]
        - 
          name: RLEG_JOINT5
          index: 31
          translation: [ -0.0450008065, -0.1, 0.124000446 ]
          rotation: [ 
            1, 9.43014645e-19, -1.59999997e-08, 
            -9.43014705e-19, 1, -3.73731858e-18, 
            1.59999997e-08, 3.7373186e-18, 1 ]
          isTouching: true
          partingDirection: [ 0, 0, 1 ]
          contactPoints: 
            - [ -0.071, 0.0199994, -0.124 ]
            - [ -0.0323683, 0.056, -0.124 ]
            - [ -0.071, 0.056, -0.124 ]
            - [ -0.0156836, 0.056, -0.124 ]
            - [ -0.071, -0.0373502, -0.124 ]
            - [ -0.071, -0.056, -0.124 ]
            - [ -0.071, -0.056, -0.124 ]
            - [ 0.122368, -0.056, -0.124 ]
            - [ -0.071, -0.0266757, -0.124 ]
            - [ 0.122368, -0.056, -0.124 ]
            - [ 0.161, -0.056, -0.124 ]
            - [ 0.161, -0.056, -0.124 ]
            - [ 0.161, 0.0373503, -0.124 ]
            - [ 0.0810006, 0.056, -0.124 ]
            - [ 0.161, 0.0373503, -0.124 ]
            - [ 0.161, 0.056, -0.124 ]
  - 
    time: 2.3
    refer: 
      type: Pose
      name: ""
      joints: [ 
        0, 1, 2, 3, 4, 5, 6, 7, 8, 9, 
        10, 11, 12, 13, 14, 15, 16, 17, 18, 19, 
        20, 21, 22, 23, 24, 25, 26, 27, 28, 29, 
        30 ]
      q: [ 
        -9.58705938e-19, 2.35641849e-17, -0.994400582, 1.89550436, -0.90110379, -2.01136211e-17, -6.35075037e-19, -4.08156799e-18, -0.994400582, 1.89550436, 
        -0.90110379, 7.62818946e-18, 0, 0, 0, 0, 0, 0.698132, -0.349066, -0.087266, 
        -1.396263, 0, 0, 0, 0.698132, 0.349066, 0.087266, -1.396263, 0, 0, 
        0 ]
      ikLinks: 
        - 
          name: WAIST
          index: 0
          isBaseLink: true
          translation: [ -0.05, 0, 0.7204 ]
          rotation: [ 
            1, -1.30000271e-32, 3.33066907e-16, 
            1.30000271e-32, 1, 1.90477754e-32, 
            -3.33066907e-16, -1.90477754e-32, 1 ]
        - 
          name: LARM_JOINT6
          index: 12
          translation: [ -0.0662930225, 0.342278723, 0.662238074 ]
          rotation: [ 
            0.730689996, 0.152245103, -0.665517511, 
            -0.322602529, 0.936116794, -0.140046267, 
            0.601680761, 0.317028039, 0.733125832 ]
        - 
          name: RARM_JOINT6
          index: 19
          translation: [ -0.0662930225, -0.342278723, 0.662238074 ]
          rotation: [ 
            0.730689996, -0.152245103, -0.665517511, 
            0.322602529, 0.936116794, 0.140046267, 
            0.601680761, -0.317028039, 0.733125832 ]
        - 
          name: LLEG_JOINT5
          index: 25
          translation: [ -0.0450006976, 0.1, 0.1239999 ]
          rotation: [ 
            1, 6.3507496e-19, -9.99999944e-09, 
            -6.35074996e-19, 1, -3.54662146e-18, 
            9.99999944e-09, 3.54662147e-18, 1 ]
          isTouching: true
          partingDirection: [ 0, 0, 1 ]
          contactPoints: 
            - [ -0.068264, -0.0532634, -0.124 ]
            - [ -0.0682634, -0.0532639, -0.124 ]
            - [ -0.0682377, -0.053264, -0.124 ]
            - [ -0.0682634, -0.0532639, -0.124 ]
            - [ -0.0475297, -0.053264, -0.124 ]
            - [ -0.0682377, -0.053264, -0.124 ]
            - [ -0.0475297, -0.0532637, -0.124 ]
            - [ -0.0475297, -0.0532636, -0.124 ]
            - [ -0.0475297, -0.053264, -0.124 ]
            - [ -0.0475297, -0.0532636, -0.124 ]
            - [ -0.0475297, -0.053264, -0.124 ]
            - [ -0.0475297, -0.0532637, -0.124 ]
            - [ -0.0180712, -0.053264, -0.124 ]
            - [ -0.0475297, -0.053264, -0.124 ]
            - [ -0.068264, -0.0532634, -0.124 ]
            - [ -0.068264, -5.60588e-05, -0.124 ]
            - [ -0.071, -0.0373296, -0.124 ]
            - [ -0.071, -0.056, -0.124 ]
            - [ -0.068264, -5.60588e-05, -0.124 ]
            - [ -0.0682637, 1.49012e-09, -0.124 ]
            - [ -0.0475297, -0.0532636, -0.124 ]
            - [ -0.0475297, -9.2146e-06, -0.124 ]
            - [ -0.0475297, -0.0532636, -0.124 ]
            - [ -0.0475297, -7.58128e-06, -0.124 ]
            - [ -0.0475297, -6.19211e-08, -0.124 ]
            - [ -0.0475297, -9.2146e-06, -0.124 ]
            - [ -0.0475297, -7.58128e-06, -0.124 ]
            - [ -0.0475297, -6.19211e-08, -0.124 ]
            - [ -0.0475297, 1.49012e-09, -0.124 ]
            - [ -0.0475297, -6.19211e-08, -0.124 ]
            - [ -0.0475297, 1.49012e-09, -0.124 ]
            - [ -0.0475297, -6.19211e-08, -0.124 ]
            - [ -0.0180712, -0.053264, -0.124 ]
            - [ -0.0180348, -0.0532637, -0.124 ]
            - [ -0.0180348, -0.027548, -0.124 ]
            - [ -0.0180348, -0.0275004, -0.124 ]
            - [ -0.0180348, -0.0275, -0.124 ]
            - [ -0.0180348, -0.0275004, -0.124 ]
            - [ 0.00900023, -0.056, -0.124 ]
            - [ 0.0412016, -0.0532641, -0.124 ]
            - [ -0.0180348, -0.027548, -0.124 ]
            - [ -0.0180348, -0.0532637, -0.124 ]
            - [ -0.0180348, 0.0274765, -0.124 ]
            - [ -0.0180348, -0.0275, -0.124 ]
            - [ -0.0180348, -1.14992e-07, -0.124 ]
            - [ -0.0180348, -0.0275, -0.124 ]
            - [ 0.0116326, -0.0275, -0.124 ]
            - [ -0.0180348, -0.0275, -0.124 ]
            - [ -0.0180348, -0.0275, -0.124 ]
            - [ -0.0180348, 0.0274765, -0.124 ]
            - [ -0.0180348, 0.0274998, -0.124 ]
            - [ -0.0180348, -0.0275, -0.124 ]
            - [ -0.0180347, -0.0275, -0.124 ]
            - [ -0.0180348, -3.83831e-08, -0.124 ]
            - [ -0.0180348, -1.14992e-07, -0.124 ]
            - [ -0.0180348, 1.49012e-09, -0.124 ]
            - [ -0.0180348, -3.83831e-08, -0.124 ]
            - [ 0.0116327, -0.0275, -0.124 ]
            - [ 0.0116326, -0.0275, -0.124 ]
            - [ 0.0116327, -0.0275, -0.124 ]
            - [ 0.0116327, -0.0275, -0.124 ]
            - [ 0.0116327, -0.0275, -0.124 ]
            - [ 0.0116327, -0.0275, -0.124 ]
            - [ 0.0116327, -0.0275, -0.124 ]
            - [ 0.0116327, -0.0275, -0.124 ]
            - [ 0.0116327, -0.0275, -0.124 ]
            - [ 0.0116327, -0.0275, -0.124 ]
            - [ 0.0116327, -6.44082e-08, -0.124 ]
            - [ 0.0116327, -0.0275, -0.124 ]
            - [ 0.0116327, -0.0275, -0.124 ]
            - [ 0.0116327, 0.0274999, -0.124 ]
            - [ 0.0116327, 1.49012e-09, -0.124 ]
            - [ 0.0116327, -6.44082e-08, -0.124 ]
            - [ -0.0682641, 1.49012e-09, -0.124 ]
            - [ -0.0682637, 1.49012e-09, -0.124 ]
            - [ -0.0682637, 1.49012e-09, -0.124 ]
            - [ -0.0682635, 1.49012e-09, -0.124 ]
            - [ -0.0682637, 1.49012e-09, -0.124 ]
            - [ -0.0682635, 1.49012e-09, -0.124 ]
            - [ -0.0682635, 1.49012e-09, -0.124 ]
            - [ -0.0682634, 1.49012e-09, -0.124 ]
            - [ -0.0682635, 1.49012e-09, -0.124 ]
            - [ -0.0440195, 1.49012e-09, -0.124 ]
            - [ -0.0682634, 1.49012e-09, -0.124 ]
            - [ -0.0682634, 1.49012e-09, -0.124 ]
            - [ -0.071, 0.056, -0.124 ]
            - [ -0.071, -0.0373296, -0.124 ]
            - [ -0.0682641, 1.49012e-09, -0.124 ]
            - [ -0.0682641, 0.0531939, -0.124 ]
            - [ -0.0475297, 1.49012e-09, -0.124 ]
            - [ -0.0682634, 1.49012e-09, -0.124 ]
            - [ -0.0440195, 1.49012e-09, -0.124 ]
            - [ -0.0440174, 1.49012e-09, -0.124 ]
            - [ -0.0475297, 1.49012e-09, -0.124 ]
            - [ -0.0440174, 0.0274999, -0.124 ]
            - [ -0.0475297, 1.49012e-09, -0.124 ]
            - [ -0.0475297, 1.49012e-09, -0.124 ]
            - [ -0.0440174, 1.49012e-09, -0.124 ]
            - [ -0.0440174, 1.49012e-09, -0.124 ]
            - [ -0.0440174, 1.49012e-09, -0.124 ]
            - [ -0.0440174, 7.69428e-08, -0.124 ]
            - [ -0.0440174, 0.0275, -0.124 ]
            - [ -0.0440174, 0.0274999, -0.124 ]
            - [ -0.0440174, 0.0275, -0.124 ]
            - [ -0.0440174, 0.0275, -0.124 ]
            - [ -0.0440174, 6.79051e-06, -0.124 ]
            - [ -0.0440174, 7.69428e-08, -0.124 ]
            - [ -0.0440174, 0.027541, -0.124 ]
            - [ -0.0440174, 0.027541, -0.124 ]
            - [ -0.0440174, 0.0275, -0.124 ]
            - [ -0.0440173, 0.0275, -0.124 ]
            - [ -0.0682641, 0.0531939, -0.124 ]
            - [ -0.0682638, 0.0532634, -0.124 ]
            - [ -0.0682634, 0.053264, -0.124 ]
            - [ -0.0682638, 0.0532634, -0.124 ]
            - [ -0.0682361, 0.053264, -0.124 ]
            - [ -0.0682634, 0.053264, -0.124 ]
            - [ -0.0440174, 0.0532636, -0.124 ]
            - [ -0.0440174, 6.79051e-06, -0.124 ]
            - [ -0.0440174, 0.027541, -0.124 ]
            - [ -0.0440174, 0.0532633, -0.124 ]
            - [ -0.0440174, 0.0532634, -0.124 ]
            - [ -0.0440174, 0.0532633, -0.124 ]
            - [ -0.0682361, 0.053264, -0.124 ]
            - [ -0.0440174, 0.053264, -0.124 ]
            - [ -0.0440174, 0.053264, -0.124 ]
            - [ -0.0440174, 0.0532637, -0.124 ]
            - [ -0.0440174, 0.0532637, -0.124 ]
            - [ -0.0440174, 0.0532636, -0.124 ]
            - [ -0.0440174, 0.0532637, -0.124 ]
            - [ -0.0440174, 0.0532635, -0.124 ]
            - [ -0.0440174, 0.0532635, -0.124 ]
            - [ -0.0440174, 0.0532634, -0.124 ]
            - [ -0.0180348, 1.49012e-09, -0.124 ]
            - [ -0.0180348, 4.13664e-08, -0.124 ]
            - [ -0.0180348, 1.49012e-09, -0.124 ]
            - [ -0.0180347, 1.49012e-09, -0.124 ]
            - [ -0.0180348, 1.49012e-09, -0.124 ]
            - [ -0.0180347, 1.49012e-09, -0.124 ]
            - [ -0.0180348, 0.0275, -0.124 ]
            - [ -0.0180348, 0.0274998, -0.124 ]
            - [ -0.0180348, 4.13664e-08, -0.124 ]
            - [ -0.0180348, 0.0275, -0.124 ]
            - [ -0.0180348, 0.0275, -0.124 ]
            - [ -0.0180348, 0.0275, -0.124 ]
            - [ -0.0180348, 0.0275, -0.124 ]
            - [ -0.0180348, 0.0275, -0.124 ]
            - [ -0.0180347, 1.49012e-09, -0.124 ]
            - [ 0.0116327, 1.49012e-09, -0.124 ]
            - [ -0.0180347, 1.49012e-09, -0.124 ]
            - [ 0.0116327, 1.49012e-09, -0.124 ]
            - [ 0.0116327, 1.49012e-09, -0.124 ]
            - [ 0.0116327, 1.49012e-09, -0.124 ]
            - [ 0.0116327, 1.49012e-09, -0.124 ]
            - [ 0.0116327, 1.49012e-09, -0.124 ]
            - [ 0.0116327, 1.49012e-09, -0.124 ]
            - [ 0.0116327, 6.73935e-08, -0.124 ]
            - [ 0.0116327, 0.0275, -0.124 ]
            - [ 0.0116327, 0.0274999, -0.124 ]
            - [ 0.0116327, 0.0275, -0.124 ]
            - [ 0.0116327, 8.58484e-08, -0.124 ]
            - [ 0.0116327, 6.73935e-08, -0.124 ]
            - [ 0.0116327, 8.58484e-08, -0.124 ]
            - [ -0.0440173, 0.0275, -0.124 ]
            - [ -0.0180348, 0.0275, -0.124 ]
            - [ -0.0180348, 0.0275, -0.124 ]
            - [ 0.0116326, 0.0275, -0.124 ]
            - [ 0.0709821, 0.0275, -0.124 ]
            - [ -0.0440174, 0.027541, -0.124 ]
            - [ -0.0439797, 0.0532637, -0.124 ]
            - [ -0.0440174, 0.0532637, -0.124 ]
            - [ 0.0116327, 0.0275, -0.124 ]
            - [ 0.0116326, 0.0275, -0.124 ]
            - [ 0.0116327, 0.0275, -0.124 ]
            - [ 0.0116327, 0.0275, -0.124 ]
            - [ 0.0116327, 0.0275, -0.124 ]
            - [ 0.0116327, 0.0275, -0.124 ]
            - [ 0.0116327, 0.0275, -0.124 ]
            - [ 0.0116327, 0.0275, -0.124 ]
            - [ -0.0323257, 0.056, -0.124 ]
            - [ -0.071, 0.056, -0.124 ]
            - [ 0.0413101, -0.053264, -0.124 ]
            - [ 0.0412016, -0.0532641, -0.124 ]
            - [ 0.0413101, -0.0532637, -0.124 ]
            - [ 0.0413101, -0.0532635, -0.124 ]
            - [ 0.0413101, -0.053264, -0.124 ]
            - [ 0.0413101, -0.0532637, -0.124 ]
            - [ 0.0413101, -0.0532635, -0.124 ]
            - [ 0.0413101, -0.0532634, -0.124 ]
            - [ 0.0413101, -0.0275274, -0.124 ]
            - [ 0.0413101, -0.0275004, -0.124 ]
            - [ 0.0413101, -0.0275004, -0.124 ]
            - [ 0.0413101, -0.0532634, -0.124 ]
            - [ -0.0180347, -0.0275, -0.124 ]
            - [ 0.0413101, -0.0275, -0.124 ]
            - [ 0.0116327, -0.0275, -0.124 ]
            - [ 0.0116327, -0.0275, -0.124 ]
            - [ 0.0413101, -0.0275, -0.124 ]
            - [ 0.0116327, -0.0275, -0.124 ]
            - [ 0.0413101, -0.0275, -0.124 ]
            - [ 0.0413101, -0.0275004, -0.124 ]
            - [ 0.0413101, -0.0275, -0.124 ]
            - [ 0.0413101, -0.0275004, -0.124 ]
            - [ 0.0413101, -0.0275, -0.124 ]
            - [ 0.0413101, -0.0275, -0.124 ]
            - [ 0.0413101, -0.0275, -0.124 ]
            - [ 0.0413101, -0.0275, -0.124 ]
            - [ 0.0413101, -0.0275, -0.124 ]
            - [ 0.0413101, -0.0274993, -0.124 ]
            - [ 0.0413101, -0.0275, -0.124 ]
            - [ 0.0413101, -0.0274993, -0.124 ]
            - [ 0.0413101, -0.0275274, -0.124 ]
            - [ 0.0415062, -0.027543, -0.124 ]
            - [ 0.0413101, -0.0275, -0.124 ]
            - [ 0.0413105, -0.0275, -0.124 ]
            - [ 0.0709826, -0.0275, -0.124 ]
            - [ 0.0413105, -0.0275, -0.124 ]
            - [ 0.0709826, -0.0275, -0.124 ]
            - [ 0.0709826, -3.30659e-07, -0.124 ]
            - [ 0.0413101, -0.0275, -0.124 ]
            - [ 0.0413202, -0.0275, -0.124 ]
            - [ 0.0709826, -0.0275, -0.124 ]
            - [ 0.0709826, 0.0274993, -0.124 ]
            - [ 0.0709826, 1.49012e-09, -0.124 ]
            - [ 0.0709826, -3.30659e-07, -0.124 ]
            - [ 0.0709826, 1.49012e-09, -0.124 ]
            - [ 0.070983, 1.49012e-09, -0.124 ]
            - [ 0.0413101, 0.0275, -0.124 ]
            - [ 0.0116327, 0.0275, -0.124 ]
            - [ 0.0116327, 0.0275, -0.124 ]
            - [ 0.0116327, 0.0275, -0.124 ]
            - [ 0.0709821, 0.0275, -0.124 ]
            - [ 0.0709825, 0.0275, -0.124 ]
            - [ 0.0413101, -0.0274993, -0.124 ]
            - [ 0.0413101, 0.0275, -0.124 ]
            - [ 0.0413101, 0.0275, -0.124 ]
            - [ 0.0413101, -0.0274993, -0.124 ]
            - [ 0.0413105, 0.0275, -0.124 ]
            - [ 0.0413101, 0.0275, -0.124 ]
            - [ 0.0413101, 0.0275, -0.124 ]
            - [ 0.0413101, 0.0275, -0.124 ]
            - [ 0.0709826, 0.0275, -0.124 ]
            - [ 0.0709825, 0.0275, -0.124 ]
            - [ -0.0439797, 0.0532637, -0.124 ]
            - [ 0.0709826, 0.0532637, -0.124 ]
            - [ 0.0709826, 0.0274993, -0.124 ]
            - [ 0.0709826, 0.0275, -0.124 ]
            - [ 0.0709826, 0.0275, -0.124 ]
            - [ 0.0413105, 0.0275, -0.124 ]
            - [ 0.0709826, 1.34381e-07, -0.124 ]
            - [ 0.0709826, 0.0532634, -0.124 ]
            - [ 0.0709826, 1.49012e-09, -0.124 ]
            - [ 0.0709826, 1.34381e-07, -0.124 ]
            - [ 0.0709826, 0.0275, -0.124 ]
            - [ 0.0709826, 0.0275001, -0.124 ]
            - [ 0.0709826, 0.0532636, -0.124 ]
            - [ 0.0709826, 0.0275035, -0.124 ]
            - [ 0.0709826, 0.0532637, -0.124 ]
            - [ 0.0709826, 0.0532636, -0.124 ]
            - [ 0.0709826, 0.0532637, -0.124 ]
            - [ 0.0709826, 0.0532635, -0.124 ]
            - [ 0.0709826, 0.0532635, -0.124 ]
            - [ 0.0709826, 0.0532634, -0.124 ]
            - [ 0.0709929, 0.0532637, -0.124 ]
            - [ 0.0709826, 0.0532637, -0.124 ]
            - [ 0.0709826, 0.0275035, -0.124 ]
            - [ 0.0709826, 0.0275001, -0.124 ]
            - [ 0.0709826, 0.0532634, -0.124 ]
            - [ 0.0709826, 0.0532634, -0.124 ]
            - [ 0.0942415, -0.0275, -0.124 ]
            - [ 0.079482, -0.0275429, -0.124 ]
            - [ 0.0794103, -0.0275, -0.124 ]
            - [ 0.100655, 1.49012e-09, -0.124 ]
            - [ 0.070983, 1.49012e-09, -0.124 ]
            - [ 0.0709826, 1.49012e-09, -0.124 ]
            - [ 0.0709883, 1.49012e-09, -0.124 ]
            - [ 0.100655, 1.49012e-09, -0.124 ]
            - [ 0.100655, 0.0274997, -0.124 ]
            - [ 0.130328, -2.92197e-05, -0.124 ]
            - [ 0.0709883, 1.49012e-09, -0.124 ]
            - [ 0.100655, 1.49012e-09, -0.124 ]
            - [ 0.100655, 1.49012e-09, -0.124 ]
            - [ 0.100655, 1.49012e-09, -0.124 ]
            - [ 0.130328, 1.49012e-09, -0.124 ]
            - [ 0.130328, 0.0274997, -0.124 ]
            - [ 0.130328, 1.49012e-09, -0.124 ]
            - [ 0.130328, 0.0275, -0.124 ]
            - [ 0.130328, 0.0274993, -0.124 ]
            - [ 0.158264, 0.0203469, -0.124 ]
            - [ 0.158264, 0.0274306, -0.124 ]
            - [ 0.158264, 0.0275, -0.124 ]
            - [ 0.100655, 1.49012e-09, -0.124 ]
            - [ 0.100655, 4.66923e-06, -0.124 ]
            - [ 0.100655, 0.0275, -0.124 ]
            - [ 0.100655, 0.0274997, -0.124 ]
            - [ 0.100655, 0.0532635, -0.124 ]
            - [ 0.100655, 4.66923e-06, -0.124 ]
            - [ 0.100655, 0.0275, -0.124 ]
            - [ 0.100655, 0.0532631, -0.124 ]
            - [ 0.100655, 0.0275, -0.124 ]
            - [ 0.100655, 0.0275, -0.124 ]
            - [ 0.130328, 0.0275, -0.124 ]
            - [ 0.130328, 0.0274997, -0.124 ]
            - [ 0.100655, 0.0275, -0.124 ]
            - [ 0.130328, 0.0275, -0.124 ]
            - [ 0.100655, 0.0275, -0.124 ]
            - [ 0.100656, 0.0275, -0.124 ]
