# Body pose sequence format version 1.0 defined by cnoid-Robotics

type: PoseSeq
name: "broad-jump-toe-takeoff-500mm"
targetBody: "JAXON_BLUE"
refs: 
  - 
    time: 0
    refer: 
      type: Pose
      name: ""
      joints: [ 
        0, 1, 2, 3, 4, 5, 6, 7, 8, 9, 
        10, 11, 12, 13, 14, 15, 16, 17, 18, 19, 
        20, 21, 22, 23, 24, 25, 26, 27, 28, 29, 
        30 ]
      q: [ 
        -2.9865413e-20, 1.00030458e-05, -0.292327503, 0.687685399, -0.395357896, -1.00030458e-05, -3.67022655e-20, 1.00030458e-05, -0.292327503, 0.687685399, 
        -0.395357896, -1.00030458e-05, 0, 0, 0, 0, 0, 0.698131701, -0.34906585, -0.0872664626, 
        -1.3962634, 0, 0, 0, 0.698131701, 0.34906585, 0.0872664626, -1.3962634, 0, 0, 
        0 ]
      ikLinks: 
        - 
          name: WAIST
          index: 0
          isBaseLink: true
          translation: [ 1.04693272e-17, -2.77555756e-17, 0.9776 ]
          rotation: [ 
            0.999999861, -0.000167849467, 0.000499433808, 
            0.000167849571, 0.999999986, -1.67072311e-07, 
            -0.000499433773, 2.50902038e-07, 0.999999875 ]
        - 
          name: LARM_JOINT6
          index: 12
          translation: [ -0.0163793115, 0.342276019, 0.91944638 ]
          rotation: [ 
            0.731044139, 0.152245743, -0.665128333, 
            -0.322479821, 0.936142295, -0.140158371, 
            0.601316249, 0.316952422, 0.733457518 ]
        - 
          name: RARM_JOINT6
          index: 19
          translation: [ -0.0162644089, -0.342281469, 0.919446208 ]
          rotation: [ 
            0.730935842, -0.152559997, -0.665175347, 
            0.322724912, 0.936091292, 0.139934712, 
            0.601316411, -0.316951952, 0.733457588 ]
        - 
          name: LLEG_JOINT5
          index: 25
          translation: [ -0.0449996266, 0.1, 0.103600093 ]
          rotation: [ 
            0.999999861, -0.000167849467, 0.000499433808, 
            0.000167849571, 0.999999986, -1.67072311e-07, 
            -0.000499433773, 2.50902038e-07, 0.999999875 ]
          isTouching: true
          partingDirection: [ 0, 0, 1 ]
        - 
          name: RLEG_JOINT5
          index: 31
          translation: [ -0.0449660567, -0.0999999972, 0.103600042 ]
          rotation: [ 
            0.999999861, -0.000167849467, 0.000499433808, 
            0.000167849571, 0.999999986, -1.67072311e-07, 
            -0.000499433773, 2.50902038e-07, 0.999999875 ]
          isTouching: true
          partingDirection: [ 0, 0, 1 ]
  - 
    time: 0.2
    refer: 
      type: Pose
      name: ""
      joints: [ 
        0, 1, 2, 3, 4, 5, 6, 7, 8, 9, 
        10, 11, 12, 13, 14, 15, 16, 17, 18, 19, 
        20, 21, 22, 23, 24, 25, 26, 27, 28, 29, 
        30 ]
      q: [ 
        -2.9865413e-20, 1.00030458e-05, -0.292327503, 0.687685399, -0.395357896, -1.00030458e-05, -3.67022655e-20, 1.00030458e-05, -0.292327503, 0.687685399, 
        -0.395357896, -1.00030458e-05, 0, 0, 0, 0, 0, 0.698131701, -0.34906585, -0.0872664626, 
        -1.3962634, 0, 0, 0, 0.698131701, 0.34906585, 0.0872664626, -1.3962634, 0, 0, 
        0 ]
      ikLinks: 
        - 
          name: WAIST
          index: 0
          isBaseLink: true
          translation: [ 1.04693272e-17, -2.77555756e-17, 0.9776 ]
          rotation: [ 
            0.999999861, -0.000167849467, 0.000499433808, 
            0.000167849571, 0.999999986, -1.67072311e-07, 
            -0.000499433773, 2.50902038e-07, 0.999999875 ]
        - 
          name: LARM_JOINT6
          index: 12
          translation: [ -0.0163793115, 0.342276019, 0.91944638 ]
          rotation: [ 
            0.731044139, 0.152245743, -0.665128333, 
            -0.322479821, 0.936142295, -0.140158371, 
            0.601316249, 0.316952422, 0.733457518 ]
        - 
          name: RARM_JOINT6
          index: 19
          translation: [ -0.0162644089, -0.342281469, 0.919446208 ]
          rotation: [ 
            0.730935842, -0.152559997, -0.665175347, 
            0.322724912, 0.936091292, 0.139934712, 
            0.601316411, -0.316951952, 0.733457588 ]
        - 
          name: LLEG_JOINT5
          index: 25
          translation: [ -0.0449996266, 0.1, 0.103600093 ]
          rotation: [ 
            0.999999861, -0.000167849467, 0.000499433808, 
            0.000167849571, 0.999999986, -1.67072311e-07, 
            -0.000499433773, 2.50902038e-07, 0.999999875 ]
          isTouching: true
          partingDirection: [ 0, 0, 1 ]
        - 
          name: RLEG_JOINT5
          index: 31
          translation: [ -0.0449660567, -0.0999999972, 0.103600042 ]
          rotation: [ 
            0.999999861, -0.000167849467, 0.000499433808, 
            0.000167849571, 0.999999986, -1.67072311e-07, 
            -0.000499433773, 2.50902038e-07, 0.999999875 ]
          isTouching: true
          partingDirection: [ 0, 0, 1 ]
  - 
    time: 1.1
    refer: 
      type: Pose
      name: ""
      joints: [ 
        0, 1, 2, 3, 4, 5, 6, 7, 8, 9, 
        10, 11 ]
      q: [ 
        3.54972947e-12, 1.44505474e-13, -0.854659913, 1.72240493, -0.937734582, 3.36178568e-12, 3.5486182e-12, 1.30032605e-13, -0.854659913, 1.72240493, 
        -0.937734582, 3.37625036e-12 ]
      ikLinks: 
        - 
          name: WAIST
          index: 0
          isBaseLink: true
          translation: [ 0.03, 2.77555756e-17, 0.75 ]
          rotation: [ 
            0.996194698, 3.23117427e-27, 0.0871557427, 
            -1.61558713e-27, 1, -9.08767763e-28, 
            -0.0871557427, 1.11071615e-27, 0.996194698 ]
        - 
          name: LLEG_JOINT5
          index: 25
          translation: [ -0.0449976981, 0.1, 0.105002152 ]
          rotation: [ 
            0.999850758, -3.46545332e-12, 0.0172760392, 
            3.53083673e-12, 1, -3.75412813e-12, 
            -0.0172760392, 3.81456673e-12, 0.999850758 ]
          isTouching: true
          partingDirection: [ 0, 0, 1 ]
        - 
          name: RLEG_JOINT5
          index: 31
          translation: [ -0.0449976981, -0.1, 0.105002152 ]
          rotation: [ 
            0.999850758, -3.46554886e-12, 0.0172760392, 
            3.53093316e-12, 1, -3.7541786e-12, 
            -0.0172760392, 3.81461886e-12, 0.999850758 ]
          isTouching: true
          partingDirection: [ 0, 0, 1 ]
  - 
    time: 1.27
    refer: 
      type: Pose
      name: ""
      ikLinks: 
        - 
          name: WAIST
          index: 0
          isBaseLink: true
          translation: [ 0.08, -1.38777878e-17, 0.745 ]
          rotation: [ 
            0.996194698, 0, 0.0871557427, 
            6.3527471e-22, 1, -4.49986253e-22, 
            -0.0871557427, 1.58818678e-22, 0.996194698 ]
  - 
    time: 1.38
    refer: 
      type: Pose
      name: ""
      joints: [ 
        0, 1, 2, 3, 4, 5, 6, 7, 8, 9, 
        10, 11 ]
      q: [ 
        1.59968797e-06, 5.04714859e-07, -0.516003704, 1.59093946, -1.09295197, -4.18285813e-07, 1.59942937e-06, 5.0463259e-07, -0.516003695, 1.59093946, 
        -1.09295197, -4.18196467e-07 ]
      ikLinks: 
        - 
          name: LLEG_JOINT5
          index: 25
          translation: [ -0.0449999986, 0.1, 0.104999861 ]
          rotation: [ 
            0.99985059, -1.58785038e-06, 0.0172857803, 
            1.59007873e-06, 1, -1.1516832e-07, 
            -0.0172857803, 1.42636865e-07, 0.99985059 ]
          isTouching: true
          partingDirection: [ 0, 0, 1 ]
        - 
          name: RLEG_JOINT5
          index: 31
          translation: [ -0.044999995, -0.1, 0.104999861 ]
          rotation: [ 
            0.99985059, -1.58810746e-06, 0.0172857805, 
            1.59033581e-06, 1, -1.15165889e-07, 
            -0.0172857805, 1.42638878e-07, 0.99985059 ]
          isTouching: true
          partingDirection: [ 0, 0, 1 ]
  - 
    time: 1.45
    refer: 
      type: Pose
      name: ""
      joints: [ 
        0, 1, 2, 3, 4, 5, 6, 7, 8, 9, 
        10, 11 ]
      q: [ 
        1.17779023e-15, 3.46052632e-16, -0.371723239, 1.26706052, -0.895510051, -5.12484309e-16, 1.18845071e-11, 3.42565164e-12, -0.371725593, 1.26706228, 
        -0.895160445, -5.13919244e-12 ]
      ikLinks: 
        - 
          name: LLEG_JOINT5
          index: 25
          translation: [ -0.0379992112, 0.1, 0.115000058 ]
          rotation: [ 
            0.996179322, -1.19895302e-11, 0.0873313177, 
            1.18851107e-11, 1, 1.71563547e-12, 
            -0.0873313177, -6.711382e-13, 0.996179322 ]
          isTouching: true
          partingDirection: [ 0, 0, 1 ]
        - 
          name: RLEG_JOINT5
          index: 31
          translation: [ -0.0380002006, -0.1, 0.115000004 ]
          rotation: [ 
            0.996209741, -1.18772593e-15, 0.0869836289, 
            1.17773071e-15, 1, 1.66228113e-16, 
            -0.0869836289, -6.31547747e-17, 0.996209741 ]
          isTouching: true
          partingDirection: [ 0, 0, 1 ]
  - 
    time: 1.5
    refer: 
      type: Pose
      name: ""
      joints: [ 
        0, 1, 2, 3, 4, 5, 6, 7, 8, 9, 
        10, 11 ]
      q: [ 
        -1.72880341e-12, -5.13703033e-13, -0.301096269, 1.14676658, -0.583347059, 1.62565946e-12, -2.17096065e-12, -6.45103596e-13, -0.30109766, 1.14676762, 
        -0.583346709, 2.00422992e-12 ]
      ikLinks: 
        - 
          name: WAIST
          index: 0
          isBaseLink: true
          translation: [ 0.25, 0, 0.9 ]
          rotation: [ 
            0.996194698, 8.07793567e-28, 0.0871557427, 
            -4.03896783e-28, 1, -1.00974196e-28, 
            -0.0871557427, -4.7962743e-28, 0.996194698 ]
        - 
          name: LLEG_JOINT5
          index: 25
          translation: [ -0.00299970127, 0.1, 0.150000009 ]
          rotation: [ 
            0.93951332, 2.79294854e-12, 0.342512366, 
            -2.26398383e-12, 1, -1.94417966e-12, 
            -0.342512366, 1.05114023e-12, 0.93951332 ]
          isTouching: true
          partingDirection: [ 0, 0, 1 ]
        - 
          name: RLEG_JOINT5
          index: 31
          translation: [ -0.0030003012, -0.1, 0.150000008 ]
          rotation: [ 
            0.939513321, 2.23426109e-12, 0.342512365, 
            -1.80287728e-12, 1, -1.57785213e-12, 
            -0.342512365, 8.64905334e-13, 0.939513321 ]
          isTouching: true
          partingDirection: [ 0, 0, 1 ]
  - 
    time: 1.62
    refer: 
      type: Pose
      name: ""
      joints: [ 
        0, 1, 2, 3, 4, 5, 6, 7, 8, 9, 
        10, 11 ]
      q: [ 
        0.000168320216, 8.60590974e-06, -0.496047379, 1.06407689, -0.656610984, -2.38562564e-05, 0.000168320244, 8.60591118e-06, -0.496047379, 1.06407689, 
        -0.656610983, -2.38562619e-05 ]
      ikLinks: 
        - 
          name: WAIST
          index: 0
          isBaseLink: true
          translation: [ 0.3, 4.02455846e-16, 0.9963 ]
          rotation: [ 
            0.996194698, -8.13151629e-20, 0.0871557427, 
            0, 1, 5.08219768e-20, 
            -0.0871557427, -3.2187252e-20, 0.996194698 ]
        - 
          name: LLEG_JOINT5
          index: 25
          translation: [ 0.195000038, 0.1, 0.189999199 ]
          rotation: [ 
            0.999999121, -0.000166898308, -0.00131500636, 
            0.00016689897, 0.999999986, 3.93529564e-07, 
            0.00131500628, -6.13002424e-07, 0.999999135 ]
        - 
          name: RLEG_JOINT5
          index: 31
          translation: [ 0.195000038, -0.1, 0.189999199 ]
          rotation: [ 
            0.999999121, -0.00016689828, -0.00131500736, 
            0.000166898942, 0.999999986, 3.93527738e-07, 
            0.00131500728, -6.13000729e-07, 0.999999135 ]
  - 
    time: 1.71
    refer: 
      type: Pose
      name: ""
      joints: [ 
        0, 1, 2, 3, 4, 5, 6, 7, 8, 9, 
        10, 11 ]
      q: [ 
        0.000164575192, 3.4633704e-05, -0.396569742, 1.17386687, -0.484923836, 1.42422016e-05, 0.000164575206, 3.46337015e-05, -0.396570628, 1.17386853, 
        -0.4849246, 1.42422064e-05 ]
      ikLinks: 
        - 
          name: LLEG_JOINT5
          index: 25
          translation: [ 0.429999979, 0.1, 0.120000895 ]
          rotation: [ 
            0.999999874, -0.000167573337, -0.000472687559, 
            0.000167573369, 0.999999986, 2.86493758e-08, 
            0.000472687547, -1.07859219e-07, 0.999999888 ]
        - 
          name: RLEG_JOINT5
          index: 31
          translation: [ 0.429999992, -0.1, 0.120000538 ]
          rotation: [ 
            0.999999874, -0.000167573324, -0.000472693229, 
            0.000167573357, 0.999999986, 2.86467289e-08, 
            0.000472693217, -1.07857516e-07, 0.999999888 ]
  - 
    time: 1.75
    refer: 
      type: Pose
      name: ""
      joints: [ 
        0, 1, 2, 3, 4, 5, 6, 7, 8, 9, 
        10, 11 ]
      q: [ 
        0.000166258493, -3.71027788e-05, -0.793705136, 1.11626427, -0.410024795, 2.22900611e-05, 0.0001662585, -3.71027804e-05, -0.793705136, 1.11626427, 
        -0.410024798, 2.22900774e-05 ]
      ikLinks: 
        - 
          name: WAIST
          index: 0
          isBaseLink: true
          translation: [ 0.38, 0, 0.9 ]
          rotation: [ 
            0.996194698, -8.13151629e-20, 0.0871557427, 
            0, 1, 6.77626358e-21, 
            -0.0871557427, -3.72694497e-20, 0.996194698 ]
        - 
          name: LLEG_JOINT5
          index: 25
          translation: [ 0.455000264, 0.1, 0.103602604 ]
          rotation: [ 
            0.999999966, -0.000168863996, -0.00019920322, 
            0.000168864029, 0.999999986, 1.47494963e-07, 
            0.000199203193, -1.81133216e-07, 0.99999998 ]
          isTouching: true
          partingDirection: [ 0, 0, 1 ]
        - 
          name: RLEG_JOINT5
          index: 31
          translation: [ 0.455000264, -0.1, 0.103602604 ]
          rotation: [ 
            0.999999966, -0.000168863989, -0.00019920022, 
            0.000168864021, 0.999999986, 1.47510827e-07, 
            0.000199200193, -1.81148572e-07, 0.99999998 ]
          isTouching: true
          partingDirection: [ 0, 0, 1 ]
  - 
    time: 2
    refer: 
      type: Pose
      name: ""
      ikLinks: 
        - 
          name: WAIST
          index: 0
          isBaseLink: true
          translation: [ 0.45, 8.32667268e-17, 0.75 ]
          rotation: [ 
            0.996194698, 2.71050543e-20, 0.0871557427, 
            0, 1, -2.37169225e-20, 
            -0.0871557427, 1.35525272e-20, 0.996194698 ]
  - 
    time: 2.5
    refer: 
      type: Pose
      name: ""
      joints: [ 
        0, 1, 2, 3, 4, 5, 6, 7, 8, 9, 
        10, 11 ]
      q: [ 
        0.000166308117, -1.64679968e-06, -0.906302278, 1.73251139, -0.825714666, 1.31198633e-06, 0.000166308157, -1.64680107e-06, -0.906302279, 1.73251139, 
        -0.825714675, 1.31198545e-06 ]
      ikLinks: 
        - 
          name: WAIST
          index: 0
          translation: [ 0.45, 1.38777878e-17, 0.75 ]
          rotation: [ 
            1, 1.35525272e-19, 7.49104354e-16, 
            5.42101086e-20, 1, -5.46336251e-20, 
            -6.10622668e-16, -2.42597737e-20, 1 ]
        - 
          name: LLEG_JOINT5
          index: 25
          translation: [ 0.454999898, 0.0999999992, 0.103601526 ]
          rotation: [ 
            0.999999864, -0.000166307507, 0.000494436917, 
            0.000166307321, 0.999999986, 4.17044318e-07, 
            -0.00049443698, -3.34815782e-07, 0.999999878 ]
          isTouching: true
          partingDirection: [ 0, 0, 1 ]
        - 
          name: RLEG_JOINT5
          index: 31
          translation: [ 0.454999898, -0.100000001, 0.103601526 ]
          rotation: [ 
            0.999999864, -0.000166307467, 0.000494446917, 
            0.000166307281, 0.999999986, 4.17043692e-07, 
            -0.00049444698, -3.34813512e-07, 0.999999878 ]
          isTouching: true
          partingDirection: [ 0, 0, 1 ]
  - 
    time: 3
    refer: 
      type: Pose
      name: ""
      joints: [ 
        0, 1, 2, 3, 4, 5, 6, 7, 8, 9, 
        10, 11, 12, 13, 14, 15, 16, 17, 18, 19, 
        20, 21, 22, 23, 24, 25, 26, 27, 28, 29, 
        30 ]
      q: [ 
        1.94947341e-14, -1.97868071e-06, -0.906905832, 1.73250761, -0.825601785, 1.97868071e-06, 3.61759503e-14, -1.98425502e-06, -0.906971554, 1.73250631, 
        -0.825534765, 1.98425502e-06, 0, 0, 0, 0, 0, 0.698131701, -0.34906585, -0.0872664626, 
        -1.3962634, 0, 0, 0, 0.698131701, 0.34906585, 0.0872664626, -1.3962634, 0, 0, 
        0 ]
      ikLinks: 
        - 
          name: WAIST
          index: 0
          isBaseLink: true
          translation: [ 0.45, 2.77555756e-17, 0.75 ]
          rotation: [ 
            0.999999861, -0.000167849467, 0.000499433808, 
            0.000167849571, 0.999999986, -1.67072311e-07, 
            -0.000499433773, 2.50902038e-07, 0.999999875 ]
        - 
          name: LARM_JOINT6
          index: 12
          translation: [ 0.433620688, 0.342276019, 0.691846379 ]
          rotation: [ 
            0.731044141, 0.152245743, -0.665128332, 
            -0.322479821, 0.936142295, -0.140158372, 
            0.601316248, 0.316952422, 0.733457519 ]
        - 
          name: RARM_JOINT6
          index: 19
          translation: [ 0.433735591, -0.342281469, 0.691846208 ]
          rotation: [ 
            0.730935843, -0.152559996, -0.665175346, 
            0.322724911, 0.936091292, 0.139934713, 
            0.60131641, -0.316951952, 0.73345759 ]
        - 
          name: LLEG_JOINT5
          index: 25
          translation: [ 0.454999908, 0.1, 0.103600931 ]
          rotation: [ 
            0.999999861, -0.000167849467, 0.000499424808, 
            0.000167849571, 0.999999986, -1.67073822e-07, 
            -0.000499424773, 2.50902038e-07, 0.999999875 ]
          isTouching: true
          partingDirection: [ 0, 0, 1 ]
        - 
          name: RLEG_JOINT5
          index: 31
          translation: [ 0.454999909, -0.1, 0.103600931 ]
          rotation: [ 
            0.999999861, -0.000167849467, 0.000499430808, 
            0.000167849571, 0.999999986, -1.67072815e-07, 
            -0.000499430773, 2.50902038e-07, 0.999999875 ]
          isTouching: true
          partingDirection: [ 0, 0, 1 ]
