# Body pose sequence format version 1.0 defined by cnoid-Robotics

type: PoseSeq
name: "jump-toe-takeoff-270msec"
targetBody: "JAXON_BLUE"
refs: 
  - 
    time: 0
    refer: 
      type: Pose
      name: ""
      joints: [ 
        0, 1, 2, 3, 4, 5, 6, 7, 8, 9, 
        10, 11, 12, 13, 14, 15, 16, 17, 18, 19, 
        20, 21, 22, 23, 24, 25, 26, 27, 28, 29, 
        30 ]
      q: [ 
        1.90226153e-19, 4.6590047e-18, -0.291687718, 0.687644268, -0.395956552, -5.90674691e-18, 1.9399532e-19, 4.75821124e-18, -0.291687718, 0.687644268, 
        -0.395956552, -6.03253236e-18, 0, 0, 0, 0, 0, 0.698132, -0.349066, -0.087266, 
        -1.396263, 0, 0, 0, 0.698132, 0.349066, 0.087266, -1.396263, 0, 0, 
        0 ]
      ikLinks: 
        - 
          name: WAIST
          index: 0
          isBaseLink: true
          translation: [ 2.49800181e-18, 0, 0.9775 ]
          rotation: [ 
            1, -7.22223729e-35, -2.77555756e-16, 
            -1.6851887e-34, 1, 1.54074396e-33, 
            2.77555756e-16, 1.59354232e-33, 1 ]
        - 
          name: LARM_JOINT6
          index: 12
          translation: [ -0.0162930225, 0.342278723, 0.919338074 ]
          rotation: [ 
            0.730689996, 0.152245103, -0.665517511, 
            -0.322602529, 0.936116794, -0.140046267, 
            0.601680761, 0.317028039, 0.733125832 ]
        - 
          name: RARM_JOINT6
          index: 19
          translation: [ -0.0162930225, -0.342278723, 0.919338074 ]
          rotation: [ 
            0.730689996, -0.152245103, -0.665517511, 
            0.322602529, 0.936116794, 0.140046267, 
            0.601680761, -0.317028039, 0.733125832 ]
        - 
          name: LLEG_JOINT5
          index: 25
          translation: [ -0.0450001185, 0.1, 0.103500015 ]
          rotation: [ 
            1, -1.93995314e-19, -1.00001329e-09, 
            1.93995316e-19, 1, 1.27432112e-18, 
            1.00001329e-09, -1.27432112e-18, 1 ]
          isTouching: true
          partingDirection: [ 0, 0, 1 ]
        - 
          name: RLEG_JOINT5
          index: 31
          translation: [ -0.0450001185, -0.1, 0.103500015 ]
          rotation: [ 
            1, -1.90226147e-19, -1.00001335e-09, 
            1.90226148e-19, 1, 1.24774221e-18, 
            1.00001335e-09, -1.24774221e-18, 1 ]
          isTouching: true
          partingDirection: [ 0, 0, 1 ]
  - 
    time: 0.2
    refer: 
      type: Pose
      name: ""
      joints: [ 
        0, 1, 2, 3, 4, 5, 6, 7, 8, 9, 
        10, 11, 12, 13, 14, 15, 16, 17, 18, 19, 
        20, 21, 22, 23, 24, 25, 26, 27, 28, 29, 
        30 ]
      q: [ 
        1.90226153e-19, 4.6590047e-18, -0.291687718, 0.687644268, -0.395956552, -5.90674691e-18, 1.9399532e-19, 4.75821124e-18, -0.291687718, 0.687644268, 
        -0.395956552, -6.03253236e-18, 0, 0, 0, 0, 0, 0.698132, -0.349066, -0.087266, 
        -1.396263, 0, 0, 0, 0.698132, 0.349066, 0.087266, -1.396263, 0, 0, 
        0 ]
      ikLinks: 
        - 
          name: WAIST
          index: 0
          isBaseLink: true
          translation: [ 2.49800181e-18, 0, 0.9775 ]
          rotation: [ 
            1, -7.22223729e-35, -2.77555756e-16, 
            -1.6851887e-34, 1, 1.54074396e-33, 
            2.77555756e-16, 1.59354232e-33, 1 ]
        - 
          name: LARM_JOINT6
          index: 12
          translation: [ -0.0162930225, 0.342278723, 0.919338074 ]
          rotation: [ 
            0.730689996, 0.152245103, -0.665517511, 
            -0.322602529, 0.936116794, -0.140046267, 
            0.601680761, 0.317028039, 0.733125832 ]
        - 
          name: RARM_JOINT6
          index: 19
          translation: [ -0.0162930225, -0.342278723, 0.919338074 ]
          rotation: [ 
            0.730689996, -0.152245103, -0.665517511, 
            0.322602529, 0.936116794, 0.140046267, 
            0.601680761, -0.317028039, 0.733125832 ]
        - 
          name: LLEG_JOINT5
          index: 25
          translation: [ -0.0450001185, 0.1, 0.103500015 ]
          rotation: [ 
            1, -1.93995314e-19, -1.00001329e-09, 
            1.93995316e-19, 1, 1.27432112e-18, 
            1.00001329e-09, -1.27432112e-18, 1 ]
          isTouching: true
          partingDirection: [ 0, 0, 1 ]
        - 
          name: RLEG_JOINT5
          index: 31
          translation: [ -0.0450001185, -0.1, 0.103500015 ]
          rotation: [ 
            1, -1.90226147e-19, -1.00001335e-09, 
            1.90226148e-19, 1, 1.24774221e-18, 
            1.00001335e-09, -1.24774221e-18, 1 ]
          isTouching: true
          partingDirection: [ 0, 0, 1 ]
  - 
    time: 1.3
    refer: 
      type: Pose
      name: ""
      joints: [ 
        12, 13, 14, 15, 16, 17, 18, 19, 20, 21, 
        22, 23, 24, 25, 26, 27, 28, 29, 30 ]
      q: [ 
        0, 0, 0, 0, 0, 0.698132, -0.349066, -0.087266, -1.396263, 0, 
        0, 0, 0.698132, 0.349066, 0.087266, -1.396263, 0, 0, 0 ]
      ikLinks: 
        - 
          name: WAIST
          index: 0
          isBaseLink: true
          translation: [ 0.02, 0, 0.78 ]
          rotation: [ 
            1, -3.85185989e-32, 3.56322583e-35, 
            3.59185935e-32, 1, 7.39557099e-32, 
            -4.13584631e-50, -7.39557099e-32, 1 ]
        - 
          name: LARM_JOINT6
          index: 12
          translation: [ 0.00370697748, 0.342278723, 0.721838074 ]
          rotation: [ 
            0.730689996, 0.152245103, -0.665517511, 
            -0.322602529, 0.936116794, -0.140046267, 
            0.601680761, 0.317028039, 0.733125832 ]
        - 
          name: RARM_JOINT6
          index: 19
          translation: [ 0.00370697748, -0.342278723, 0.721838074 ]
          rotation: [ 
            0.730689996, -0.152245103, -0.665517511, 
            0.322602529, 0.936116794, 0.140046267, 
            0.601680761, -0.317028039, 0.733125832 ]
  - 
    time: 1.35
    refer: 
      type: Pose
      name: ""
      joints: [ 
        0, 1, 2, 3, 4, 5, 6, 7, 8, 9, 
        10, 11 ]
      q: [ 
        -5.29356813e-19, 1.68324707e-17, -0.688040965, 1.40097339, -0.712932428, -1.82150868e-17, -5.67548727e-19, 1.5804418e-17, -0.688040965, 1.40097339, 
        -0.712932428, -1.69403758e-17 ]
      ikLinks: 
        - 
          name: LLEG_JOINT5
          index: 25
          translation: [ -0.0449998982, 0.1, 0.103499352 ]
          rotation: [ 
            1, 5.67548744e-19, -9.76535908e-10, 
            -5.67548742e-19, 1, 1.13595784e-18, 
            9.76535908e-10, -1.13595784e-18, 1 ]
          isTouching: true
          partingDirection: [ 0, 0, 1 ]
        - 
          name: RLEG_JOINT5
          index: 31
          translation: [ -0.0449998982, -0.1, 0.103499352 ]
          rotation: [ 
            1, 5.29356831e-19, -9.76535963e-10, 
            -5.2935683e-19, 1, 1.38261603e-18, 
            9.76535963e-10, -1.38261603e-18, 1 ]
          isTouching: true
          partingDirection: [ 0, 0, 1 ]
  - 
    time: 1.5
    refer: 
      type: Pose
      name: ""
      joints: [ 
        0, 1, 2, 3, 4, 5, 6, 7, 8, 9, 
        10, 11, 12, 13, 14, 15, 16, 17, 18, 19, 
        20, 21, 22, 23, 24, 25, 26, 27, 28, 29, 
        30 ]
      q: [ 
        3.30410838e-18, -7.19240121e-18, -0.62720868, 1.31203937, -0.423895156, 1.02324185e-17, 4.71729039e-18, -7.4569149e-18, -0.627682067, 1.31298225, 
        -0.422619488, 1.29955133e-17, 0, 0, 0, 0, 0, 0.698132, -0.349066, -0.087266, 
        -1.396263, 0, 0, 0, 0.698132, 0.349066, 0.087266, -1.396263, 0, 0, 
        0 ]
      ikLinks: 
        - 
          name: WAIST
          index: 0
          isBaseLink: true
          translation: [ 0.02, 0, 0.9 ]
          rotation: [ 
            1, 3.08148791e-33, 1.22124533e-15, 
            -3.85185989e-33, 1, 4.62223187e-33, 
            -1.22124533e-15, -5.76096885e-33, 1 ]
        - 
          name: LARM_JOINT6
          index: 12
          translation: [ 0.00370697748, 0.342278723, 0.841838074 ]
          rotation: [ 
            0.730689996, 0.152245103, -0.665517511, 
            -0.322602529, 0.936116794, -0.140046267, 
            0.601680761, 0.317028039, 0.733125832 ]
        - 
          name: RARM_JOINT6
          index: 19
          translation: [ 0.00370697748, -0.342278723, 0.841838074 ]
          rotation: [ 
            0.730689996, -0.152245103, -0.665517511, 
            0.322602529, 0.936116794, 0.140046267, 
            0.601680761, -0.317028039, 0.733125832 ]
        - 
          name: LLEG_JOINT5
          index: 25
          translation: [ -0.00999949403, 0.1, 0.141739806 ]
          rotation: [ 
            0.965697353, -1.34274262e-18, 0.259670218, 
            2.61913613e-18, 1, -4.56945052e-18, 
            -0.259670218, 5.09281792e-18, 0.965697353 ]
          isTouching: true
          partingDirection: [ 0, 0, 1 ]
        - 
          name: RLEG_JOINT5
          index: 31
          translation: [ -0.00999969412, -0.1, 0.141515376 ]
          rotation: [ 
            0.966149047, -6.64302684e-19, 0.257984533, 
            1.3367329e-18, 1, -2.43107805e-18, 
            -0.257984533, 2.69364016e-18, 0.966149047 ]
          isTouching: true
          partingDirection: [ 0, 0, 1 ]
  - 
    time: 1.6
    refer: 
      type: Pose
      name: ""
      joints: [ 
        0, 1, 2, 3, 4, 5, 6, 7, 8, 9, 
        10, 11 ]
      q: [ 
        -9.65865642e-19, 6.74347409e-18, -0.526390886, 1.10095129, -0.451855063, -7.17031e-18, -8.73280676e-19, 6.62619141e-18, -0.526390886, 1.10095129, 
        -0.451854944, -6.96610051e-18 ]
      ikLinks: 
        - 
          name: LLEG_JOINT5
          index: 25
          translation: [ -0.0199999928, 0.1, 0.159999077 ]
          rotation: [ 
            0.992481126, 2.06455271e-20, 0.122397774, 
            -5.56835561e-20, 1, 2.82842982e-19, 
            -0.122397774, -2.87531864e-19, 0.992481126 ]
        - 
          name: RLEG_JOINT5
          index: 31
          translation: [ -0.0199999928, -0.1, 0.159999077 ]
          rotation: [ 
            0.99248114, 8.82365527e-20, 0.122397656, 
            -1.33218059e-19, 1, 3.59319452e-19, 
            -0.122397656, -3.72923358e-19, 0.99248114 ]
  - 
    time: 1.635
    refer: 
      type: Pose
      name: ""
      ikLinks: 
        - 
          name: WAIST
          index: 0
          isBaseLink: true
          translation: [ 0.005, 0, 0.97 ]
          rotation: [ 
            1, 0, 8.32664772e-16, 
            -5.16987883e-26, 1, 3.23117427e-27, 
            -8.32667268e-16, 1.35143143e-27, 1 ]
  - 
    time: 1.67
    refer: 
      type: Pose
      name: ""
      joints: [ 
        0, 1, 2, 3, 4, 5, 6, 7, 8, 9, 
        10, 11 ]
      q: [ 
        -6.79608976e-10, -3.96006045e-11, -0.494463254, 1.07477841, -0.579438994, 1.45377058e-09, -6.84175831e-10, -3.98667148e-11, -0.494463254, 1.07477841, 
        -0.579438905, 1.45475846e-09 ]
      ikLinks: 
        - 
          name: LLEG_JOINT5
          index: 25
          translation: [ -0.0319999836, 0.1, 0.149999091 ]
          rotation: [ 
            0.999999616, 6.85450567e-10, 0.000876252888, 
            -6.84210502e-10, 1, -1.41549127e-09, 
            -0.000876252888, 1.41489118e-09, 0.999999616 ]
        - 
          name: RLEG_JOINT5
          index: 31
          translation: [ -0.0319999836, -0.1, 0.149999092 ]
          rotation: [ 
            0.999999616, 6.80882717e-10, 0.000876163888, 
            -6.79643412e-10, 1, -1.41476544e-09, 
            -0.000876163888, 1.41416942e-09, 0.999999616 ]
  - 
    time: 1.77
    refer: 
      type: Pose
      name: ""
      joints: [ 
        0, 1, 2, 3, 4, 5, 6, 7, 8, 9, 
        10, 11, 12, 13, 14, 15, 16, 17, 18, 19, 
        20, 21, 22, 23, 24, 25, 26, 27, 28, 29, 
        30 ]
      q: [ 
        -1.06616807e-19, -1.34547251e-18, -0.491528006, 1.13299778, -0.641469777, 1.63586188e-18, -2.66204208e-19, -2.2873747e-18, -0.491528006, 1.13299778, 
        -0.641469777, 2.78070173e-18, 0, 0, 0, 0, 0, 0.698132, -0.349066, -0.087266, 
        -1.396263, 0, 0, 0, 0.698132, 0.349066, 0.087266, -1.396263, 0, 0, 
        0 ]
      ikLinks: 
        - 
          name: WAIST
          index: 0
          isBaseLink: true
          translation: [ 0.015, 0, 0.9 ]
          rotation: [ 
            1, -1.49259571e-33, -2.77555756e-16, 
            9.14816724e-34, 1, -2.69630192e-33, 
            2.77555756e-16, 6.96485468e-34, 1 ]
        - 
          name: LARM_JOINT6
          index: 12
          translation: [ -0.00129302252, 0.342278723, 0.841838074 ]
          rotation: [ 
            0.730689996, 0.152245103, -0.665517511, 
            -0.322602529, 0.936116794, -0.140046267, 
            0.601680761, 0.317028039, 0.733125832 ]
        - 
          name: RARM_JOINT6
          index: 19
          translation: [ -0.00129302252, -0.342278723, 0.841838074 ]
          rotation: [ 
            0.730689996, -0.152245103, -0.665517511, 
            0.322602529, 0.936116794, 0.140046267, 
            0.601680761, -0.317028039, 0.733125832 ]
        - 
          name: LLEG_JOINT5
          index: 25
          translation: [ -0.0449995311, 0.1, 0.103500312 ]
          rotation: [ 
            1, 2.66204211e-19, 1.00004793e-09, 
            -2.6620421e-19, 1, -4.93327025e-19, 
            -1.00004793e-09, 4.93327025e-19, 1 ]
          isTouching: true
          partingDirection: [ 0, 0, 1 ]
        - 
          name: RLEG_JOINT5
          index: 31
          translation: [ -0.0449995311, -0.1, 0.103500312 ]
          rotation: [ 
            1, 1.06616809e-19, 1.00004799e-09, 
            -1.06616809e-19, 1, -2.90389367e-19, 
            -1.00004799e-09, 2.90389367e-19, 1 ]
          isTouching: true
          partingDirection: [ 0, 0, 1 ]
  - 
    time: 2.07
    refer: 
      type: Pose
      name: ""
      joints: [ 
        0, 1, 2, 3, 4, 5, 6, 7, 8, 9, 
        10, 11, 12, 13, 14, 15, 16, 17, 18, 19, 
        20, 21, 22, 23, 24, 25, 26, 27, 28, 29, 
        30 ]
      q: [ 
        4.08766403e-17, 2.50026514e-16, -1.05960352, 1.79027518, -0.905030064, -2.4678318e-16, 2.96778801e-19, 6.55776398e-18, -1.05960352, 1.79027518, 
        -0.905030064, -2.59147458e-18, 0, 0, 0, 0, 0, 0.698132, -0.349066, -0.087266, 
        -1.396263, 0, 0, 0, 0.698132, 0.349066, 0.087266, -1.396263, 0, 0, 
        0 ]
      ikLinks: 
        - 
          name: WAIST
          index: 0
          isBaseLink: true
          translation: [ -6.07153217e-17, 0, 0.73 ]
          rotation: [ 
            0.984807753, 7.70371978e-34, 0.173648178, 
            2.40741243e-34, 1, -3.08148791e-33, 
            -0.173648178, 2.64213514e-33, 0.984807753 ]
        - 
          name: LARM_JOINT6
          index: 12
          translation: [ -0.0261452074, 0.342278723, 0.675550938 ]
          rotation: [ 
            0.824069941, 0.204983499, -0.52810084, 
            -0.322602529, 0.936116794, -0.140046267, 
            0.465656891, 0.285774586, 0.837553906 ]
        - 
          name: RARM_JOINT6
          index: 19
          translation: [ -0.0261452074, -0.342278723, 0.675550938 ]
          rotation: [ 
            0.824069941, -0.204983499, -0.52810084, 
            0.322602529, 0.936116794, 0.140046267, 
            0.465656891, -0.285774586, 0.837553906 ]
        - 
          name: LLEG_JOINT5
          index: 25
          translation: [ -0.045000315, 0.1, 0.103502988 ]
          rotation: [ 
            0.999999985, 8.46021423e-19, 0.000174525529, 
            -8.45337585e-19, 1, -3.91834496e-18, 
            -0.000174525529, 3.91819737e-18, 0.999999985 ]
          isTouching: true
          partingDirection: [ 0, 0, 1 ]
        - 
          name: RLEG_JOINT5
          index: 31
          translation: [ -0.045000315, -0.1, 0.103502988 ]
          rotation: [ 
            0.999999985, 3.11794645e-18, 0.000174525529, 
            -3.11680448e-18, 1, -6.54357194e-18, 
            -0.000174525529, 6.54302788e-18, 0.999999985 ]
          isTouching: true
          partingDirection: [ 0, 0, 1 ]
  - 
    time: 2.37
    refer: 
      type: Pose
      name: ""
      joints: [ 
        0, 1, 2, 3, 4, 5, 6, 7, 8, 9, 
        10, 11, 12, 13, 14, 15, 16, 17, 18, 19, 
        20, 21, 22, 23, 24, 25, 26, 27, 28, 29, 
        30 ]
      q: [ 
        5.74842203e-18, 3.84340498e-17, -1.05960129, 1.79026877, -0.905811282, -3.42828086e-17, 7.49695366e-18, 4.50035244e-17, -1.05960129, 1.79026877, 
        -0.905811282, -4.19286736e-17, 0, 0, 0, 0, 0, 0.698132, -0.349066, -0.087266, 
        -1.396263, 0, 0, 0, 0.698132, 0.349066, 0.087266, -1.396263, 0, 0, 
        0 ]
      ikLinks: 
        - 
          name: WAIST
          index: 0
          isBaseLink: true
          translation: [ -8.67361738e-17, 0, 0.73 ]
          rotation: [ 
            0.984807753, 0, 0.173648178, 
            1.54074396e-33, 1, 6.16297582e-33, 
            -0.173648178, -1.54074396e-33, 0.984807753 ]
        - 
          name: LARM_JOINT6
          index: 12
          translation: [ -0.0261452074, 0.342278723, 0.675550938 ]
          rotation: [ 
            0.824069941, 0.204983499, -0.52810084, 
            -0.322602529, 0.936116794, -0.140046267, 
            0.465656891, 0.285774586, 0.837553906 ]
        - 
          name: RARM_JOINT6
          index: 19
          translation: [ -0.0261452074, -0.342278723, 0.675550938 ]
          rotation: [ 
            0.824069941, -0.204983499, -0.52810084, 
            0.322602529, 0.936116794, 0.140046267, 
            0.465656891, -0.285774586, 0.837553906 ]
        - 
          name: LLEG_JOINT5
          index: 25
          translation: [ -0.0449998163, 0.1, 0.103501015 ]
          rotation: [ 
            0.999999813, 4.57335381e-19, -0.000610881432, 
            -4.59591272e-19, 1, -3.69270625e-18, 
            0.000610881432, 3.69298632e-18, 0.999999813 ]
          isTouching: true
          partingDirection: [ 0, 0, 1 ]
        - 
          name: RLEG_JOINT5
          index: 31
          translation: [ -0.0449998163, -0.1, 0.103501015 ]
          rotation: [ 
            0.999999813, 1.03385486e-18, -0.000610881432, 
            -1.03664368e-18, 1, -4.56491855e-18, 
            0.000610881432, 4.56555096e-18, 0.999999813 ]
          isTouching: true
          partingDirection: [ 0, 0, 1 ]
