# Body pose sequence format version 1.0 defined by cnoid-Robotics

type: PoseSeq
name: "jump-toe-300msec"
targetBody: "JAXON_BLUE"
refs: 
  - 
    time: 0
    refer: 
      type: Pose
      name: ""
      joints: [ 
        0, 1, 2, 3, 4, 5, 6, 7, 8, 9, 
        10, 11, 12, 13, 14, 15, 16, 17, 18, 19, 
        20, 21, 22, 23, 24, 25, 26, 27, 28, 29, 
        30 ]
      q: [ 
        1.90226153e-19, 4.6590047e-18, -0.291687718, 0.687644268, -0.395956552, -5.90674691e-18, 1.9399532e-19, 4.75821124e-18, -0.291687718, 0.687644268, 
        -0.395956552, -6.03253236e-18, 0, 0, 0, 0, 0, 0.698132, -0.349066, -0.087266, 
        -1.396263, 0, 0, 0, 0.698132, 0.349066, 0.087266, -1.396263, 0, 0, 
        0 ]
      ikLinks: 
        - 
          name: WAIST
          index: 0
          isBaseLink: true
          translation: [ 1.18237484e-07, 0, 0.996999985 ]
          rotation: [ 
            1, 4.81482486e-34, -3.33066907e-16, 
            7.22223729e-35, 1, 2.31111593e-33, 
            3.33066907e-16, -2.24650251e-33, 1 ]
        - 
          name: LARM_JOINT6
          index: 12
          translation: [ -0.0162929043, 0.342278723, 0.938838059 ]
          rotation: [ 
            0.730689996, 0.152245103, -0.665517511, 
            -0.322602529, 0.936116794, -0.140046267, 
            0.601680761, 0.317028039, 0.733125832 ]
        - 
          name: RARM_JOINT6
          index: 19
          translation: [ -0.0162929043, -0.342278723, 0.938838059 ]
          rotation: [ 
            0.730689996, -0.152245103, -0.665517511, 
            0.322602529, 0.936116794, 0.140046267, 
            0.601680761, -0.317028039, 0.733125832 ]
        - 
          name: LLEG_JOINT5
          index: 25
          translation: [ -0.045, 0.1, 0.123 ]
          rotation: [ 
            1, -1.93995308e-19, -2.00000033e-09, 
            1.9399531e-19, 1, 1.27432112e-18, 
            2.00000033e-09, -1.27432112e-18, 1 ]
          isTouching: true
          partingDirection: [ 0, 0, 1 ]
        - 
          name: RLEG_JOINT5
          index: 31
          translation: [ -0.045, -0.1, 0.123 ]
          rotation: [ 
            1, -1.90226141e-19, -2.00000033e-09, 
            1.90226144e-19, 1, 1.24774221e-18, 
            2.00000033e-09, -1.24774221e-18, 1 ]
          isTouching: true
          partingDirection: [ 0, 0, 1 ]
  - 
    time: 0.2
    refer: 
      type: Pose
      name: ""
      joints: [ 
        0, 1, 2, 3, 4, 5, 6, 7, 8, 9, 
        10, 11, 12, 13, 14, 15, 16, 17, 18, 19, 
        20, 21, 22, 23, 24, 25, 26, 27, 28, 29, 
        30 ]
      q: [ 
        1.90226153e-19, 4.6590047e-18, -0.291687718, 0.687644268, -0.395956552, -5.90674691e-18, 1.9399532e-19, 4.75821124e-18, -0.291687718, 0.687644268, 
        -0.395956552, -6.03253236e-18, 0, 0, 0, 0, 0, 0.698132, -0.349066, -0.087266, 
        -1.396263, 0, 0, 0, 0.698132, 0.349066, 0.087266, -1.396263, 0, 0, 
        0 ]
      ikLinks: 
        - 
          name: WAIST
          index: 0
          isBaseLink: true
          translation: [ 1.18237484e-07, 0, 0.996999985 ]
          rotation: [ 
            1, 4.81482486e-34, -3.33066907e-16, 
            7.22223729e-35, 1, 2.31111593e-33, 
            3.33066907e-16, -2.24650251e-33, 1 ]
        - 
          name: LARM_JOINT6
          index: 12
          translation: [ -0.0162929043, 0.342278723, 0.938838059 ]
          rotation: [ 
            0.730689996, 0.152245103, -0.665517511, 
            -0.322602529, 0.936116794, -0.140046267, 
            0.601680761, 0.317028039, 0.733125832 ]
        - 
          name: RARM_JOINT6
          index: 19
          translation: [ -0.0162929043, -0.342278723, 0.938838059 ]
          rotation: [ 
            0.730689996, -0.152245103, -0.665517511, 
            0.322602529, 0.936116794, 0.140046267, 
            0.601680761, -0.317028039, 0.733125832 ]
        - 
          name: LLEG_JOINT5
          index: 25
          translation: [ -0.045, 0.1, 0.123 ]
          rotation: [ 
            1, -1.93995308e-19, -2.00000033e-09, 
            1.9399531e-19, 1, 1.27432112e-18, 
            2.00000033e-09, -1.27432112e-18, 1 ]
          isTouching: true
          partingDirection: [ 0, 0, 1 ]
        - 
          name: RLEG_JOINT5
          index: 31
          translation: [ -0.045, -0.1, 0.123 ]
          rotation: [ 
            1, -1.90226141e-19, -2.00000033e-09, 
            1.90226144e-19, 1, 1.24774221e-18, 
            2.00000033e-09, -1.24774221e-18, 1 ]
          isTouching: true
          partingDirection: [ 0, 0, 1 ]
  - 
    time: 1.3
    refer: 
      type: Pose
      name: ""
      joints: [ 
        12, 13, 14, 15, 16, 17, 18, 19, 20, 21, 
        22, 23, 24, 25, 26, 27, 28, 29, 30 ]
      q: [ 
        0, 0, 0, 0, 0, 0.698132, -0.349066, -0.087266, -1.396263, 0, 
        0, 0, 0.698132, 0.349066, 0.087266, -1.396263, 0, 0, 0 ]
      ikLinks: 
        - 
          name: WAIST
          index: 0
          isBaseLink: true
          translation: [ 0.02, 0, 0.78 ]
          rotation: [ 
            1, -3.85185989e-32, 3.56322583e-35, 
            3.59185935e-32, 1, 7.39557099e-32, 
            -4.13584631e-50, -7.39557099e-32, 1 ]
        - 
          name: LARM_JOINT6
          index: 12
          translation: [ 0.00370697748, 0.342278723, 0.721838074 ]
          rotation: [ 
            0.730689996, 0.152245103, -0.665517511, 
            -0.322602529, 0.936116794, -0.140046267, 
            0.601680761, 0.317028039, 0.733125832 ]
        - 
          name: RARM_JOINT6
          index: 19
          translation: [ 0.00370697748, -0.342278723, 0.721838074 ]
          rotation: [ 
            0.730689996, -0.152245103, -0.665517511, 
            0.322602529, 0.936116794, 0.140046267, 
            0.601680761, -0.317028039, 0.733125832 ]
  - 
    time: 1.35
    refer: 
      type: Pose
      name: ""
      joints: [ 
        0, 1, 2, 3, 4, 5, 6, 7, 8, 9, 
        10, 11 ]
      q: [ 
        -5.55453943e-19, 1.55985949e-17, -0.680871026, 1.54494537, -0.864074348, -1.66272389e-17, -5.93543493e-19, 1.45705898e-17, -0.680871026, 1.54494537, 
        -0.864074348, -1.53648533e-17 ]
      ikLinks: 
        - 
          name: LLEG_JOINT5
          index: 25
          translation: [ -0.045, 0.1, 0.123 ]
          rotation: [ 
            1, 5.93543539e-19, -2.99984854e-09, 
            -5.93543537e-19, 1, 7.94263517e-19, 
            2.99984854e-09, -7.94263515e-19, 1 ]
          isTouching: true
          partingDirection: [ 0, 0, 1 ]
        - 
          name: RLEG_JOINT5
          index: 31
          translation: [ -0.045, -0.1, 0.123 ]
          rotation: [ 
            1, 5.55453993e-19, -2.99984876e-09, 
            -5.5545399e-19, 1, 1.02864409e-18, 
            2.99984876e-09, -1.02864409e-18, 1 ]
          isTouching: true
          partingDirection: [ 0, 0, 1 ]
  - 
    time: 1.5
    refer: 
      type: Pose
      name: ""
      joints: [ 
        0, 1, 2, 3, 4, 5, 6, 7, 8, 9, 
        10, 11, 12, 13, 14, 15, 16, 17, 18, 19, 
        20, 21, 22, 23, 24, 25, 26, 27, 28, 29, 
        30 ]
      q: [ 
        2.63567626e-18, -5.19142054e-18, -0.627210394, 1.31203989, -0.423893964, 7.74121108e-18, 3.45815639e-18, -3.82836553e-18, -0.627683781, 1.31298277, 
        -0.422618295, 8.47320374e-18, 0, 0, 0, 0, 0, 0.698132, -0.349066, -0.087266, 
        -1.396263, 0, 0, 0, 0.698132, 0.349066, 0.087266, -1.396263, 0, 0, 
        0 ]
      ikLinks: 
        - 
          name: WAIST
          index: 0
          isBaseLink: true
          translation: [ 0.0199985984, 0, 0.918260113 ]
          rotation: [ 
            1, 3.4666739e-33, 6.66133815e-16, 
            -3.4666739e-33, 1, 7.70371978e-33, 
            -6.66133815e-16, -7.69619875e-33, 1 ]
        - 
          name: LARM_JOINT6
          index: 12
          translation: [ 0.00370557586, 0.342278723, 0.860098187 ]
          rotation: [ 
            0.730689996, 0.152245103, -0.665517511, 
            -0.322602529, 0.936116794, -0.140046267, 
            0.601680761, 0.317028039, 0.733125832 ]
        - 
          name: RARM_JOINT6
          index: 19
          translation: [ 0.00370557586, -0.342278723, 0.860098187 ]
          rotation: [ 
            0.730689996, -0.152245103, -0.665517511, 
            0.322602529, 0.936116794, 0.140046267, 
            0.601680761, -0.317028039, 0.733125832 ]
        - 
          name: LLEG_JOINT5
          index: 25
          translation: [ -0.01, 0.1, 0.16 ]
          rotation: [ 
            0.965697352, -1.2579177e-18, 0.259670221, 
            2.34541995e-18, 1, -3.87818105e-18, 
            -0.259670221, 4.35418489e-18, 0.965697352 ]
          isTouching: true
          partingDirection: [ 0, 0, 1 ]
        - 
          name: RLEG_JOINT5
          index: 31
          translation: [ -0.0100001977, -0.1, 0.159775568 ]
          rotation: [ 
            0.966149048, -6.38563573e-19, 0.257984528, 
            1.20714993e-18, 1, -2.04556137e-18, 
            -0.257984528, 2.28774318e-18, 0.966149048 ]
          isTouching: true
          partingDirection: [ 0, 0, 1 ]
  - 
    time: 1.65
    refer: 
      type: Pose
      name: ""
      joints: [ 
        0, 1, 2, 3, 4, 5, 6, 7, 8, 9, 
        10, 11, 12, 13, 14, 15, 16, 17, 18, 19, 
        20, 21, 22, 23, 24, 25, 26, 27, 28, 29, 
        30 ]
      q: [ 
        8.88429716e-19, -1.89948965e-18, -0.627210394, 1.31203989, -0.248670847, 2.09512603e-18, 1.26591443e-18, -2.7174775e-18, -0.627683781, 1.31298277, 
        -0.24914034, 3.00087602e-18, 0, 0, 0, 0, 0, 0.698132, -0.349066, -0.087266, 
        -1.396263, 0, 0, 0, 0.698132, 0.349066, 0.087266, -1.396263, 0, 0, 
        0 ]
      ikLinks: 
        - 
          name: WAIST
          index: 0
          isBaseLink: true
          translation: [ 0.0449985984, 0, 0.958260113 ]
          rotation: [ 
            1, 5.00741786e-33, 5.55111512e-16, 
            -5.00741786e-33, 1, 1.15555797e-32, 
            -5.55111512e-16, -1.14879314e-32, 1 ]
        - 
          name: LARM_JOINT6
          index: 12
          translation: [ 0.0287055759, 0.342278723, 0.900098187 ]
          rotation: [ 
            0.730689996, 0.152245103, -0.665517511, 
            -0.322602529, 0.936116794, -0.140046267, 
            0.601680761, 0.317028039, 0.733125832 ]
        - 
          name: RARM_JOINT6
          index: 19
          translation: [ 0.0287055759, -0.342278723, 0.900098187 ]
          rotation: [ 
            0.730689996, -0.152245103, -0.665517511, 
            0.322602529, 0.936116794, 0.140046267, 
            0.601680761, -0.317028039, 0.733125832 ]
        - 
          name: LLEG_JOINT5
          index: 25
          translation: [ 0.015, 0.1, 0.2 ]
          rotation: [ 
            0.906381167, 1.83824638e-21, 0.422460863, 
            -6.26893363e-22, 1, -3.00629516e-21, 
            -0.422460863, 2.4600114e-21, 0.906381167 ]
        - 
          name: RLEG_JOINT5
          index: 31
          translation: [ 0.0149998023, -0.1, 0.199775568 ]
          rotation: [ 
            0.906381167, -3.32096482e-21, 0.422460863, 
            2.79592881e-21, 1, 1.86239168e-21, 
            -0.422460863, -5.0686625e-22, 0.906381167 ]
  - 
    time: 1.8
    refer: 
      type: Pose
      name: ""
      joints: [ 
        0, 1, 2, 3, 4, 5, 6, 7, 8, 9, 
        10, 11, 12, 13, 14, 15, 16, 17, 18, 19, 
        20, 21, 22, 23, 24, 25, 26, 27, 28, 29, 
        30 ]
      q: [ 
        2.63567626e-18, -5.19142054e-18, -0.627210394, 1.31203989, -0.423893964, 7.74121108e-18, 3.45815639e-18, -3.82836553e-18, -0.627683781, 1.31298277, 
        -0.422618295, 8.47320374e-18, 0, 0, 0, 0, 0, 0.698132, -0.349066, -0.087266, 
        -1.396263, 0, 0, 0, 0.698132, 0.349066, 0.087266, -1.396263, 0, 0, 
        0 ]
      ikLinks: 
        - 
          name: WAIST
          index: 0
          isBaseLink: true
          translation: [ 0.0199985984, 0, 0.918260113 ]
          rotation: [ 
            1, 3.4666739e-33, 6.66133815e-16, 
            -3.4666739e-33, 1, 7.70371978e-33, 
            -6.66133815e-16, -7.69619875e-33, 1 ]
        - 
          name: LARM_JOINT6
          index: 12
          translation: [ 0.00370557586, 0.342278723, 0.860098187 ]
          rotation: [ 
            0.730689996, 0.152245103, -0.665517511, 
            -0.322602529, 0.936116794, -0.140046267, 
            0.601680761, 0.317028039, 0.733125832 ]
        - 
          name: RARM_JOINT6
          index: 19
          translation: [ 0.00370557586, -0.342278723, 0.860098187 ]
          rotation: [ 
            0.730689996, -0.152245103, -0.665517511, 
            0.322602529, 0.936116794, 0.140046267, 
            0.601680761, -0.317028039, 0.733125832 ]
        - 
          name: LLEG_JOINT5
          index: 25
          translation: [ -0.01, 0.1, 0.16 ]
          rotation: [ 
            0.965697352, -1.2579177e-18, 0.259670221, 
            2.34541995e-18, 1, -3.87818105e-18, 
            -0.259670221, 4.35418489e-18, 0.965697352 ]
          isTouching: true
          partingDirection: [ 0, 0, 1 ]
        - 
          name: RLEG_JOINT5
          index: 31
          translation: [ -0.0100001977, -0.1, 0.159775568 ]
          rotation: [ 
            0.966149048, -6.38563573e-19, 0.257984528, 
            1.20714993e-18, 1, -2.04556137e-18, 
            -0.257984528, 2.28774318e-18, 0.966149048 ]
          isTouching: true
          partingDirection: [ 0, 0, 1 ]
  - 
    time: 1.95
    refer: 
      type: Pose
      name: ""
      joints: [ 
        0, 1, 2, 3, 4, 5, 6, 7, 8, 9, 
        10, 11 ]
      q: [ 
        -5.55453943e-19, 1.55985949e-17, -0.680871026, 1.54494537, -0.864074348, -1.66272389e-17, -5.93543493e-19, 1.45705898e-17, -0.680871026, 1.54494537, 
        -0.864074348, -1.53648533e-17 ]
      ikLinks: 
        - 
          name: LLEG_JOINT5
          index: 25
          translation: [ -0.045, 0.1, 0.123 ]
          rotation: [ 
            1, 5.93543539e-19, -2.99984854e-09, 
            -5.93543537e-19, 1, 7.94263517e-19, 
            2.99984854e-09, -7.94263515e-19, 1 ]
          isTouching: true
          partingDirection: [ 0, 0, 1 ]
        - 
          name: RLEG_JOINT5
          index: 31
          translation: [ -0.045, -0.1, 0.123 ]
          rotation: [ 
            1, 5.55453993e-19, -2.99984876e-09, 
            -5.5545399e-19, 1, 1.02864409e-18, 
            2.99984876e-09, -1.02864409e-18, 1 ]
          isTouching: true
          partingDirection: [ 0, 0, 1 ]
  - 
    time: 2
    refer: 
      type: Pose
      name: ""
      joints: [ 
        0, 1, 2, 3, 4, 5, 6, 7, 8, 9, 
        10, 11, 12, 13, 14, 15, 16, 17, 18, 19, 
        20, 21, 22, 23, 24, 25, 26, 27, 28, 29, 
        30 ]
      q: [ 
        3.83850699e-17, 2.3861388e-16, -1.10466859, 1.72377021, -0.793460027, -2.37714007e-16, -2.43631174e-18, -9.5380374e-18, -1.10466859, 1.72377021, 
        -0.793460027, 1.57308637e-17, 0, 0, 0, 0, 0, 0.698132, -0.349066, -0.087266, 
        -1.396263, 0, 0, 0, 0.698132, 0.349066, 0.087266, -1.396263, 0, 0, 
        0 ]
      ikLinks: 
        - 
          name: WAIST
          index: 0
          isBaseLink: true
          translation: [ -0.0399993084, 0, 0.769497023 ]
          rotation: [ 
            0.984807753, 3.85185989e-34, 0.173648178, 
            -7.70371978e-34, 1, -1.54074396e-33, 
            -0.173648178, -7.22223729e-34, 0.984807753 ]
        - 
          name: LARM_JOINT6
          index: 12
          translation: [ -0.0661445157, 0.342278723, 0.715047961 ]
          rotation: [ 
            0.824069941, 0.204983499, -0.52810084, 
            -0.322602529, 0.936116794, -0.140046267, 
            0.465656891, 0.285774586, 0.837553906 ]
        - 
          name: RARM_JOINT6
          index: 19
          translation: [ -0.0661445157, -0.342278723, 0.715047961 ]
          rotation: [ 
            0.824069941, -0.204983499, -0.52810084, 
            0.322602529, 0.936116794, 0.140046267, 
            0.465656891, -0.285774586, 0.837553906 ]
        - 
          name: LLEG_JOINT5
          index: 25
          translation: [ -0.045, 0.1, 0.123 ]
          rotation: [ 
            0.999999985, 7.45781201e-19, 0.000174518529, 
            -7.44748971e-19, 1, -5.91479925e-18, 
            -0.000174518529, 5.91466919e-18, 0.999999985 ]
          isTouching: true
          partingDirection: [ 0, 0, 1 ]
        - 
          name: RLEG_JOINT5
          index: 31
          translation: [ -0.045, -0.1, 0.123 ]
          rotation: [ 
            0.999999985, 3.59146557e-18, 0.000174518529, 
            -3.59077786e-18, 1, -3.94091977e-18, 
            -0.000174518529, 3.94029306e-18, 0.999999985 ]
          isTouching: true
          partingDirection: [ 0, 0, 1 ]
  - 
    time: 2.4
    refer: 
      type: Pose
      name: ""
      joints: [ 
        0, 1, 2, 3, 4, 5, 6, 7, 8, 9, 
        10, 11, 12, 13, 14, 15, 16, 17, 18, 19, 
        20, 21, 22, 23, 24, 25, 26, 27, 28, 29, 
        30 ]
      q: [ 
        -1.71466567e-18, -4.1073109e-18, -1.1046659, 1.72376361, -0.794241517, 7.98886535e-18, -1.53965915e-18, -6.88121039e-18, -1.1046659, 1.72376361, 
        -0.794241517, 1.09404755e-17, 0, 0, 0, 0, 0, 0.698132, -0.349066, -0.087266, 
        -1.396263, 0, 0, 0, 0.698132, 0.349066, 0.087266, -1.396263, 0, 0, 
        0 ]
      ikLinks: 
        - 
          name: WAIST
          index: 0
          isBaseLink: true
          translation: [ -0.0399997941, 0, 0.769498958 ]
          rotation: [ 
            0.984807753, 5.77778983e-34, 0.173648178, 
            1.92592994e-34, 1, 3.08148791e-33, 
            -0.173648178, -1.30000271e-33, 0.984807753 ]
        - 
          name: LARM_JOINT6
          index: 12
          translation: [ -0.0661450015, 0.342278723, 0.715049896 ]
          rotation: [ 
            0.824069941, 0.204983499, -0.52810084, 
            -0.322602529, 0.936116794, -0.140046267, 
            0.465656891, 0.285774586, 0.837553906 ]
        - 
          name: RARM_JOINT6
          index: 19
          translation: [ -0.0661450015, -0.342278723, 0.715049896 ]
          rotation: [ 
            0.824069941, -0.204983499, -0.52810084, 
            0.322602529, 0.936116794, 0.140046267, 
            0.465656891, -0.285774586, 0.837553906 ]
        - 
          name: LLEG_JOINT5
          index: 25
          translation: [ -0.045, 0.1, 0.123 ]
          rotation: [ 
            0.999999813, 3.14675288e-19, -0.000610881432, 
            -3.17055495e-19, 1, -3.89625215e-18, 
            0.000610881432, 3.89644511e-18, 0.999999813 ]
          isTouching: true
          partingDirection: [ 0, 0, 1 ]
        - 
          name: RLEG_JOINT5
          index: 31
          translation: [ -0.045, -0.1, 0.123 ]
          rotation: [ 
            0.999999813, 9.70508742e-19, -0.000610881432, 
            -9.72735959e-19, 1, -3.64561013e-18, 
            0.000610881432, 3.64620367e-18, 0.999999813 ]
          isTouching: true
          partingDirection: [ 0, 0, 1 ]
