# Body pose sequence format version 1.0 defined by cnoid-Robotics

type: PoseSeq
name: "jump-across-120msec-700step-len"
targetBody: "JAXON_BLUE"
refs: 
  - 
    time: 0
    refer: 
      type: Pose
      name: ""
      joints: [ 
        0, 1, 2, 3, 4, 5, 6, 7, 8, 9, 
        10, 11, 12, 13, 14, 15, 16, 17, 18, 19, 
        20, 21, 22, 23, 24, 25, 26, 27, 28, 29, 
        30 ]
      q: [ 
        1.90226153e-19, 4.6590047e-18, -0.291687718, 0.687644268, -0.395956552, -5.90674691e-18, 1.9399532e-19, 4.75821124e-18, -0.291687718, 0.687644268, 
        -0.395956552, -6.03253236e-18, 0, 0, 0, 0, 0, 0.698132, -0.349066, -0.087266, 
        -1.396263, 0, 0, 0, 0.698132, 0.349066, 0.087266, -1.396263, 0, 0, 
        0 ]
      ikLinks: 
        - 
          name: WAIST
          index: 0
          isBaseLink: true
          translation: [ 1.18237484e-07, 0, 0.977499991 ]
          rotation: [ 
            1, -2.40741243e-35, -3.33066907e-16, 
            7.22223729e-35, 1, 2.31111593e-33, 
            3.33066907e-16, -3.01687449e-33, 1 ]
        - 
          name: LARM_JOINT6
          index: 12
          translation: [ -0.0162929043, 0.342278723, 0.919338065 ]
          rotation: [ 
            0.730689996, 0.152245103, -0.665517511, 
            -0.322602529, 0.936116794, -0.140046267, 
            0.601680761, 0.317028039, 0.733125832 ]
        - 
          name: RARM_JOINT6
          index: 19
          translation: [ -0.0162929043, -0.342278723, 0.919338065 ]
          rotation: [ 
            0.730689996, -0.152245103, -0.665517511, 
            0.322602529, 0.936116794, 0.140046267, 
            0.601680761, -0.317028039, 0.733125832 ]
        - 
          name: LLEG_JOINT5
          index: 25
          translation: [ -0.045, 0.1, 0.103500006 ]
          rotation: [ 
            1, -1.93995308e-19, -2.00000033e-09, 
            1.9399531e-19, 1, 1.27432112e-18, 
            2.00000033e-09, -1.27432112e-18, 1 ]
          isTouching: true
          partingDirection: [ 0, 0, 1 ]
        - 
          name: RLEG_JOINT5
          index: 31
          translation: [ -0.045, -0.1, 0.103500006 ]
          rotation: [ 
            1, -1.90226141e-19, -2.00000033e-09, 
            1.90226144e-19, 1, 1.24774221e-18, 
            2.00000033e-09, -1.24774221e-18, 1 ]
          isTouching: true
          partingDirection: [ 0, 0, 1 ]
  - 
    time: 0.2
    refer: 
      type: Pose
      name: ""
      joints: [ 
        0, 1, 2, 3, 4, 5, 6, 7, 8, 9, 
        10, 11, 12, 13, 14, 15, 16, 17, 18, 19, 
        20, 21, 22, 23, 24, 25, 26, 27, 28, 29, 
        30 ]
      q: [ 
        1.90226153e-19, 4.6590047e-18, -0.291687718, 0.687644268, -0.395956552, -5.90674691e-18, 1.9399532e-19, 4.75821124e-18, -0.291687718, 0.687644268, 
        -0.395956552, -6.03253236e-18, 0, 0, 0, 0, 0, 0.698132, -0.349066, -0.087266, 
        -1.396263, 0, 0, 0, 0.698132, 0.349066, 0.087266, -1.396263, 0, 0, 
        0 ]
      ikLinks: 
        - 
          name: WAIST
          index: 0
          isBaseLink: true
          translation: [ 1.18237484e-07, 0, 0.977499991 ]
          rotation: [ 
            1, -2.40741243e-35, -3.33066907e-16, 
            7.22223729e-35, 1, 2.31111593e-33, 
            3.33066907e-16, -3.01687449e-33, 1 ]
        - 
          name: LARM_JOINT6
          index: 12
          translation: [ -0.0162929043, 0.342278723, 0.919338065 ]
          rotation: [ 
            0.730689996, 0.152245103, -0.665517511, 
            -0.322602529, 0.936116794, -0.140046267, 
            0.601680761, 0.317028039, 0.733125832 ]
        - 
          name: RARM_JOINT6
          index: 19
          translation: [ -0.0162929043, -0.342278723, 0.919338065 ]
          rotation: [ 
            0.730689996, -0.152245103, -0.665517511, 
            0.322602529, 0.936116794, 0.140046267, 
            0.601680761, -0.317028039, 0.733125832 ]
        - 
          name: LLEG_JOINT5
          index: 25
          translation: [ -0.045, 0.1, 0.103500006 ]
          rotation: [ 
            1, -1.93995308e-19, -2.00000033e-09, 
            1.9399531e-19, 1, 1.27432112e-18, 
            2.00000033e-09, -1.27432112e-18, 1 ]
          isTouching: true
          partingDirection: [ 0, 0, 1 ]
        - 
          name: RLEG_JOINT5
          index: 31
          translation: [ -0.045, -0.1, 0.103500006 ]
          rotation: [ 
            1, -1.90226141e-19, -2.00000033e-09, 
            1.90226144e-19, 1, 1.24774221e-18, 
            2.00000033e-09, -1.24774221e-18, 1 ]
          isTouching: true
          partingDirection: [ 0, 0, 1 ]
  - 
    time: 0.7
    refer: 
      type: Pose
      name: ""
      joints: [ 
        0, 1, 2, 3, 4, 5, 6, 7, 8, 9, 
        10, 11, 12, 13, 14, 15, 16, 17, 18, 19, 
        20, 21, 22, 23, 24, 25, 26, 27, 28, 29, 
        30 ]
      q: [ 
        1.5037386e-10, 0.0761302018, -0.512718992, 1.12963326, -0.616914277, -0.0761302018, 1.50373883e-10, 0.0761302018, -0.512718992, 1.12963326, 
        -0.616914277, -0.0761302018, 0, 0, 0, 0, 0, 0.698132, -0.349066, -0.087266, 
        -1.396263, 0, 0, 0, 0.698132, 0.349066, 0.087266, -1.396263, 0, 0, 
        0 ]
      ikLinks: 
        - 
          name: WAIST
          index: 0
          isBaseLink: true
          translation: [ -2.05423128e-17, -0.05, 0.9 ]
          rotation: [ 
            1, 1.00718651e-17, -5.32243103e-16, 
            4.32618586e-18, 1, -8.32667268e-17, 
            4.99600361e-16, 1.38777879e-17, 1 ]
        - 
          name: LARM_JOINT6
          index: 12
          translation: [ -0.0162930225, 0.292278723, 0.841838074 ]
          rotation: [ 
            0.730689996, 0.152245103, -0.665517511, 
            -0.322602529, 0.936116794, -0.140046267, 
            0.601680761, 0.317028039, 0.733125832 ]
        - 
          name: RARM_JOINT6
          index: 19
          translation: [ -0.0162930225, -0.392278723, 0.841838074 ]
          rotation: [ 
            0.730689996, -0.152245103, -0.665517511, 
            0.322602529, 0.936116794, 0.140046267, 
            0.601680761, -0.317028039, 0.733125832 ]
        - 
          name: LLEG_JOINT5
          index: 25
          translation: [ -0.0449999945, 0.0999999904, 0.103499881 ]
          rotation: [ 
            1, 3.06038481e-10, -5.98356871e-09, 
            -3.06038472e-10, 1, -2.33146835e-15, 
            5.9835687e-09, 2.26207941e-15, 1 ]
          isTouching: true
          partingDirection: [ 0, 0, 1 ]
        - 
          name: RLEG_JOINT5
          index: 31
          translation: [ -0.0449999945, -0.10000001, 0.103499881 ]
          rotation: [ 
            1, 3.06038517e-10, -5.98356888e-09, 
            -3.060385e-10, 1, -2.33146835e-15, 
            5.98356875e-09, 2.26207941e-15, 1 ]
          isTouching: true
          partingDirection: [ 0, 0, 1 ]
  - 
    time: 1.1
    refer: 
      type: Pose
      name: ""
      joints: [ 
        6, 7, 8, 9, 10, 11 ]
      q: [ 
        1.81653308e-09, 0.162751239, -0.922870191, 1.17035791, -0.247487729, -0.162751239 ]
      ikLinks: 
        - 
          name: LLEG_JOINT5
          index: 25
          translation: [ 0.205000521, 0.0999999619, 0.150000232 ]
          rotation: [ 
            1, 2.89833555e-10, -1.28277722e-08, 
            -2.89833511e-10, 1, 1.66533454e-16, 
            1.28277721e-08, -1.66533454e-16, 1 ]
  - 
    time: 1.2
    refer: 
      type: Pose
      name: ""
      joints: [ 
        12, 13, 14, 15, 16, 17, 18, 19, 20, 21, 
        22, 23, 24, 25, 26, 27, 28, 29, 30 ]
      q: [ 
        0, 0, 0, 0, 0, 0.698132, -0.349066, -0.087266, -1.396263, 0, 
        0, 0, 0.698132, 0.349066, 0.087266, -1.396263, 0, 0, 0 ]
      ikLinks: 
        - 
          name: WAIST
          index: 0
          isBaseLink: true
          translation: [ 0.1, -0.05, 0.87 ]
          rotation: [ 
            1, 1.54173549e-16, -5.66848001e-16, 
            -1.31405303e-16, 1, -1.80411242e-16, 
            4.438768e-16, 1.80933217e-16, 1 ]
        - 
          name: LARM_JOINT6
          index: 12
          translation: [ 0.0837069775, 0.292278723, 0.811838074 ]
          rotation: [ 
            0.730689996, 0.152245103, -0.665517511, 
            -0.322602529, 0.936116794, -0.140046267, 
            0.601680761, 0.317028039, 0.733125832 ]
        - 
          name: RARM_JOINT6
          index: 19
          translation: [ 0.0837069775, -0.392278723, 0.811838074 ]
          rotation: [ 
            0.730689996, -0.152245103, -0.665517511, 
            0.322602529, 0.936116794, 0.140046267, 
            0.601680761, -0.317028039, 0.733125832 ]
  - 
    time: 1.5
    refer: 
      type: Pose
      name: ""
      joints: [ 
        0, 1, 2, 3, 4, 5, 6, 7, 8, 9, 
        10, 11, 12, 13, 14, 15, 16, 17, 18, 19, 
        20, 21, 22, 23, 24, 25, 26, 27, 28, 29, 
        30 ]
      q: [ 
        -1.15575355e-10, -1.05709859e-06, 0.0402341124, 0.769748325, -0.80998244, 1.05709856e-06, 6.98838308e-06, -3.72846401e-06, -1.08020944, 1.09316396, 
        -0.099329348, 1.14007424e-05, 0, 0, 0, 0, 0, 0.698132, -0.349066, -0.087266, 
        -1.396263, 0, 0, 0, 0.698132, 0.349066, 0.087266, -1.396263, 0, 0, 
        0 ]
      ikLinks: 
        - 
          name: WAIST
          index: 0
          isBaseLink: true
          translation: [ 0.3, -1.38777878e-17, 0.9 ]
          rotation: [ 
            1, -1.47426084e-17, -9.9380159e-16, 
            1.47426084e-17, 1, 3.46902344e-18, 
            8.88178444e-16, -3.47040421e-18, 1 ]
        - 
          name: LARM_JOINT6
          index: 12
          translation: [ 0.243706977, 0.342278723, 0.841838074 ]
          rotation: [ 
            0.730689996, 0.152245103, -0.665517511, 
            -0.322602529, 0.936116794, -0.140046267, 
            0.601680761, 0.317028039, 0.733125832 ]
        - 
          name: RARM_JOINT6
          index: 19
          translation: [ 0.243706977, -0.342278723, 0.841838074 ]
          rotation: [ 
            0.730689996, -0.152245103, -0.665517511, 
            0.322602529, 0.936116794, 0.140046267, 
            0.601680761, -0.317028039, 0.733125832 ]
        - 
          name: LLEG_JOINT5
          index: 25
          translation: [ 0.589999806, 0.100000147, 0.17999898 ]
          rotation: [ 
            0.996272013, -7.9718962e-06, -0.0862674631, 
            7.28397561e-06, 1, -8.28904813e-06, 
            0.0862674632, 7.62977657e-06, 0.996272013 ]
        - 
          name: RLEG_JOINT5
          index: 31
          translation: [ -0.0449948641, -0.100000693, 0.103503066 ]
          rotation: [ 
            1, 1.15573016e-10, -2.1989482e-09, 
            -1.15573016e-10, 1, 2.25349175e-14, 
            2.19894802e-09, -2.25346701e-14, 1 ]
          isTouching: true
          partingDirection: [ 0, 0, 1 ]
  - 
    time: 1.62
    refer: 
      type: Pose
      name: ""
      joints: [ 
        0, 1, 2, 3, 4, 5, 6, 7, 8, 9, 
        10, 11, 12, 13, 14, 15, 16, 17, 18, 19, 
        20, 21, 22, 23, 24, 25, 26, 27, 28, 29, 
        30 ]
      q: [ 
        2.71248888e-05, -0.0484145468, -0.0897341145, 1.01309747, -0.922467239, 0.0484145708, -3.892429e-11, -0.0457342668, -0.825204764, 0.735539387, 
        0.0896653735, 0.0457342668, 0, 0, 0, 0, 0, 0.698132, -0.349066, -0.087266, 
        -1.396263, 0, 0, 0, 0.698132, 0.349066, 0.087266, -1.396263, 0, 0, 
        0 ]
      ikLinks: 
        - 
          name: WAIST
          index: 0
          isBaseLink: true
          translation: [ 0.42, 0.03, 0.9 ]
          rotation: [ 
            1, -2.63453141e-17, 6.86285713e-16, 
            2.66006348e-17, 1, 6.9388939e-17, 
            -7.77156117e-16, -6.24500451e-17, 1 ]
        - 
          name: LARM_JOINT6
          index: 12
          translation: [ 0.323706977, 0.372278723, 0.841838074 ]
          rotation: [ 
            0.730689996, 0.152245103, -0.665517511, 
            -0.322602529, 0.936116794, -0.140046267, 
            0.601680761, 0.317028039, 0.733125832 ]
        - 
          name: RARM_JOINT6
          index: 19
          translation: [ 0.323706977, -0.312278723, 0.841838074 ]
          rotation: [ 
            0.730689996, -0.152245103, -0.665517511, 
            0.322602529, 0.936116794, 0.140046267, 
            0.601680761, -0.317028039, 0.733125832 ]
        - 
          name: LLEG_JOINT5
          index: 25
          translation: [ 0.654999061, 0.100000202, 0.103498542 ]
          rotation: [ 
            1, -1.44054714e-10, -3.99812618e-09, 
            1.44054725e-10, 1, 2.30718222e-14, 
            3.99812632e-09, -2.30787611e-14, 1 ]
          isTouching: true
          partingDirection: [ 0, 0, 1 ]
        - 
          name: RLEG_JOINT5
          index: 31
          translation: [ 0.0550001526, -0.099999834, 0.139998724 ]
          rotation: [ 
            0.999999599, 1.62430741e-05, 0.000895062634, 
            -1.62430635e-05, 1, -1.90851585e-08, 
            -0.000895062634, 4.5465917e-09, 0.999999599 ]
  - 
    time: 1.92
    refer: 
      type: Pose
      name: ""
      joints: [ 
        12, 13, 14, 15, 16, 17, 18, 19, 20, 21, 
        22, 23, 24, 25, 26, 27, 28, 29, 30 ]
      q: [ 
        0, 0, 0, 0, 0, 0.698132, -0.349066, -0.087266, -1.396263, 0, 
        0, 0, 0.698132, 0.349066, 0.087266, -1.396263, 0, 0, 0 ]
      ikLinks: 
        - 
          name: WAIST
          index: 0
          isBaseLink: true
          translation: [ 0.66, 0.07, 0.87 ]
          rotation: [ 
            1, 1.91849574e-16, -9.99725883e-16, 
            -2.00685822e-16, 1, -3.05311332e-16, 
            7.77081797e-16, 3.33240268e-16, 1 ]
        - 
          name: LARM_JOINT6
          index: 12
          translation: [ 0.533706977, 0.412278723, 0.811838074 ]
          rotation: [ 
            0.730689996, 0.152245103, -0.665517511, 
            -0.322602529, 0.936116794, -0.140046267, 
            0.601680761, 0.317028039, 0.733125832 ]
        - 
          name: RARM_JOINT6
          index: 19
          translation: [ 0.533706977, -0.272278723, 0.811838074 ]
          rotation: [ 
            0.730689996, -0.152245103, -0.665517511, 
            0.322602529, 0.936116794, 0.140046267, 
            0.601680761, -0.317028039, 0.733125832 ]
  - 
    time: 1.95
    refer: 
      type: Pose
      name: ""
      joints: [ 0, 1, 2, 3, 4, 5 ]
      q: [ 1.01009833e-05, -0.171435942, -0.540103226, 1.42673802, -0.886647995, 0.11340221 ]
      ikLinks: 
        - 
          name: RLEG_JOINT5
          index: 31
          translation: [ 0.524999794, -0.0999999962, 0.140000033 ]
          rotation: [ 
            1, -1.23447815e-05, -1.29996104e-05, 
            1.23564976e-05, 0.999999593, 0.000901648507, 
            1.29884744e-05, -0.000901648668, 0.999999593 ]
  - 
    time: 2.05
    refer: 
      type: Pose
      name: ""
      joints: [ 
        0, 1, 2, 3, 4, 5 ]
      q: [ 
        -0.0121224381, -0.13926788, -0.589056174, 1.39486651, -0.8930471, 0.0910447462 ]
      ikLinks: 
        - 
          name: RLEG_JOINT5
          index: 31
          translation: [ 0.620000992, -0.099999993, 0.130000075 ]
          rotation: [ 
            0.996276186, 9.74587373e-05, -0.0862192031, 
            2.71257914e-05, 0.999998957, 0.00144380151, 
            0.0862192539, -0.00144076383, 0.996275145 ]
  - 
    time: 2.05
    refer: 
      type: Pose
      name: ""
      ikLinks: 
        - 
          name: WAIST
          index: 0
          isBaseLink: true
          translation: [ 0.7, 0.05, 0.87 ]
          rotation: [ 
            1, 4.17189138e-17, -3.43188792e-16, 
            -6.29696998e-17, 1, -1.11022302e-16, 
            1.6653303e-16, 1.11022938e-16, 1 ]
  - 
    time: 2.2
    refer: 
      type: Pose
      name: ""
      joints: [ 
        0, 1, 2, 3, 4, 5, 6, 7, 8, 9, 
        10, 11, 12, 13, 14, 15, 16, 17, 18, 19, 
        20, 21, 22, 23, 24, 25, 26, 27, 28, 29, 
        30 ]
      q: [ 
        4.33241337e-07, -0.0761303072, -0.512721781, 1.12963897, -0.616911479, 0.0761303072, 7.67732104e-11, -0.0761302308, -0.512719646, 1.1296346, 
        -0.616914958, 0.0761302308, 0, 0, 0, 0, 0, 0.698132, -0.349066, -0.087266, 
        -1.396263, 0, 0, 0, 0.698132, 0.349066, 0.087266, -1.396263, 0, 0, 
        0 ]
      ikLinks: 
        - 
          name: LARM_JOINT6
          index: 12
          translation: [ 0.683706977, 0.392278723, 0.841838074 ]
          rotation: [ 
            0.730689996, 0.152245103, -0.665517511, 
            -0.322602529, 0.936116794, -0.140046267, 
            0.601680761, 0.317028039, 0.733125832 ]
        - 
          name: RARM_JOINT6
          index: 19
          translation: [ 0.683706977, -0.292278723, 0.841838074 ]
          rotation: [ 
            0.730689996, -0.152245103, -0.665517511, 
            0.322602529, 0.936116794, 0.140046267, 
            0.601680761, -0.317028039, 0.733125832 ]
        - 
          name: LLEG_JOINT5
          index: 25
          translation: [ 0.655, 0.100000012, 0.103500161 ]
          rotation: [ 
            1, -5.33113501e-10, -5.98262111e-09, 
            5.33113498e-10, 1, 1.38777878e-17, 
            5.98262123e-09, 1.38777878e-17, 1 ]
          isTouching: true
          partingDirection: [ 0, 0, 1 ]
        - 
          name: RLEG_JOINT5
          index: 31
          translation: [ 0.655, -0.0999999882, 0.103501077 ]
          rotation: [ 
            1, 7.3869954e-10, 5.6894725e-06, 
            -7.38699553e-10, 1, 1.23036303e-12, 
            -5.6894725e-06, -1.23455413e-12, 1 ]
          isTouching: true
          partingDirection: [ 0, 0, 1 ]
  - 
    time: 3.2
    refer: 
      type: Pose
      name: ""
      joints: [ 
        0, 1, 2, 3, 4, 5, 6, 7, 8, 9, 
        10, 11, 12, 13, 14, 15, 16, 17, 18, 19, 
        20, 21, 22, 23, 24, 25, 26, 27, 28, 29, 
        30 ]
      q: [ 
        8.03032202e-19, 7.97188873e-18, -0.301125676, 0.70639431, -0.405268636, -1.65192937e-17, -4.09716193e-19, -1.06699752e-17, -0.301125676, 0.70639431, 
        -0.405268636, 1.7966875e-17, 0, 0, 0, 0, 0, 0.698132, -0.349066, -0.087266, 
        -1.396263, 0, 0, 0, 0.698132, 0.349066, 0.087266, -1.396263, 0, 0, 
        0 ]
      ikLinks: 
        - 
          name: WAIST
          index: 0
          isBaseLink: true
          translation: [ 0.7, 0, 0.975 ]
          rotation: [ 
            1, -1.17000244e-32, -7.77156117e-16, 
            1.10740972e-32, 1, -5.39260384e-32, 
            7.77156117e-16, 5.97706008e-32, 1 ]
        - 
          name: LARM_JOINT6
          index: 12
          translation: [ 0.683706977, 0.342278723, 0.916838074 ]
          rotation: [ 
            0.730689996, 0.152245103, -0.665517511, 
            -0.322602529, 0.936116794, -0.140046267, 
            0.601680761, 0.317028039, 0.733125832 ]
        - 
          name: RARM_JOINT6
          index: 19
          translation: [ 0.683706977, -0.342278723, 0.916838074 ]
          rotation: [ 
            0.730689996, -0.152245103, -0.665517511, 
            0.322602529, 0.936116794, 0.140046267, 
            0.601680761, -0.317028039, 0.733125832 ]
        - 
          name: LLEG_JOINT5
          index: 25
          translation: [ 0.654999999, 0.1, 0.103500168 ]
          rotation: [ 
            1, 4.09716157e-19, -2.00000067e-09, 
            -4.09716172e-19, 1, -7.29689985e-18, 
            2.00000067e-09, 7.29689985e-18, 1 ]
          isTouching: true
          partingDirection: [ 0, 0, 1 ]
        - 
          name: RLEG_JOINT5
          index: 31
          translation: [ 0.654999999, -0.1, 0.103500168 ]
          rotation: [ 
            1, -8.03032169e-19, -2.00000061e-09, 
            8.03032186e-19, 1, 8.54740498e-18, 
            2.00000061e-09, -8.54740499e-18, 1 ]
          isTouching: true
          partingDirection: [ 0, 0, 1 ]
  - 
    time: 3.4
    refer: 
      type: Pose
      name: ""
      joints: [ 
        0, 1, 2, 3, 4, 5, 6, 7, 8, 9, 
        10, 11, 12, 13, 14, 15, 16, 17, 18, 19, 
        20, 21, 22, 23, 24, 25, 26, 27, 28, 29, 
        30 ]
      q: [ 
        -7.22713654e-18, -3.7489835e-18, -0.301125676, 0.70639431, -0.405268636, -2.39412734e-17, -4.09716193e-19, -1.06699752e-17, -0.301125676, 0.70639431, 
        -0.405268636, 1.7966875e-17, 0, 0, 0, 0, 0, 0.698132, -0.349066, -0.087266, 
        -1.396263, 0, 0, 0, 0.698132, 0.349066, 0.087266, -1.396263, 0, 0, 
        0 ]
      ikLinks: 
        - 
          name: WAIST
          index: 0
          isBaseLink: true
          translation: [ 0.7, 0, 0.975 ]
          rotation: [ 
            1, -1.17000244e-32, -7.77156117e-16, 
            1.10740972e-32, 1, -5.39260384e-32, 
            7.77156117e-16, 5.97706008e-32, 1 ]
        - 
          name: LARM_JOINT6
          index: 12
          translation: [ 0.683706977, 0.342278723, 0.916838074 ]
          rotation: [ 
            0.730689996, 0.152245103, -0.665517511, 
            -0.322602529, 0.936116794, -0.140046267, 
            0.601680761, 0.317028039, 0.733125832 ]
        - 
          name: RARM_JOINT6
          index: 19
          translation: [ 0.683706977, -0.342278723, 0.916838074 ]
          rotation: [ 
            0.730689996, -0.152245103, -0.665517511, 
            0.322602529, 0.936116794, 0.140046267, 
            0.601680761, -0.317028039, 0.733125832 ]
        - 
          name: LLEG_JOINT5
          index: 25
          translation: [ 0.654999999, 0.1, 0.103500168 ]
          rotation: [ 
            1, 4.09716157e-19, -2.00000067e-09, 
            -4.09716172e-19, 1, -7.29689985e-18, 
            2.00000067e-09, 7.29689985e-18, 1 ]
          isTouching: true
          partingDirection: [ 0, 0, 1 ]
        - 
          name: RLEG_JOINT5
          index: 31
          translation: [ 0.654999999, -0.1, 0.103500168 ]
          rotation: [ 
            1, 7.22713659e-18, -2.00000083e-09, 
            -7.22713653e-18, 1, 2.76902569e-17, 
            2.00000083e-09, -2.76902569e-17, 1 ]
          isTouching: true
          partingDirection: [ 0, 0, 1 ]
