# Body pose sequence format version 1.0 defined by cnoid-Robotics

type: PoseSeq
name: "jump-200msec"
targetBody: "JAXON_BLUE"
refs: 
  - 
    time: 0
    refer: 
      type: Pose
      name: ""
      joints: [ 
        0, 1, 2, 3, 4, 5, 6, 7, 8, 9, 
        10, 11, 12, 13, 14, 15, 16, 17, 18, 19, 
        20, 21, 22, 23, 24, 25, 26, 27, 28, 29, 
        30 ]
      q: [ 
        6.46044284e-21, 1.72215893e-19, -0.272453752, 0.681396503, -0.408942752, -2.18174205e-19, 6.46044284e-21, 1.72215893e-19, -0.272453752, 0.681396503, 
        -0.408942752, -2.18174205e-19, 0, 0, 0, 0, 0, 0.698132, -0.349066, -0.087266, 
        -1.396263, 0, 0, 0, 0.698132, 0.349066, 0.087266, -1.396263, 0, 0, 
        0 ]
      ikLinks: 
        - 
          name: WAIST
          index: 0
          isBaseLink: true
          translation: [ 0.05, 0, 0.9775 ]
          rotation: [ 
            1, 0, -1.66533454e-16, 
            0, 1, 0, 
            1.66533454e-16, 0, 1 ]
        - 
          name: LARM_JOINT6
          index: 12
          translation: [ 0.0337069775, 0.342278723, 0.919338074 ]
          rotation: [ 
            0.730689996, 0.152245103, -0.665517511, 
            -0.322602529, 0.936116794, -0.140046267, 
            0.601680761, 0.317028039, 0.733125832 ]
        - 
          name: RARM_JOINT6
          index: 19
          translation: [ 0.0337069775, -0.342278723, 0.919338074 ]
          rotation: [ 
            0.730689996, -0.152245103, -0.665517511, 
            0.322602529, 0.936116794, 0.140046267, 
            0.601680761, -0.317028039, 0.733125832 ]
        - 
          name: LLEG_JOINT5
          index: 25
          translation: [ -0.00679950774, 0.1, 0.103500173 ]
          rotation: [ 
            1, -6.46044284e-21, 5.96189764e-14, 
            6.46044284e-21, 1, 4.5958312e-20, 
            -5.96189764e-14, -4.5958312e-20, 1 ]
          isTouching: true
          partingDirection: [ 0, 0, 1 ]
        - 
          name: RLEG_JOINT5
          index: 31
          translation: [ -0.00679950774, -0.1, 0.103500173 ]
          rotation: [ 
            1, -6.46044284e-21, 5.96189764e-14, 
            6.46044284e-21, 1, 4.5958312e-20, 
            -5.96189764e-14, -4.5958312e-20, 1 ]
          isTouching: true
          partingDirection: [ 0, 0, 1 ]
  - 
    time: 1
    refer: 
      type: Pose
      name: ""
      joints: [ 
        0, 1, 2, 3, 4, 5, 6, 7, 8, 9, 
        10, 11, 12, 13, 14, 15, 16, 17, 18, 19, 
        20, 21, 22, 23, 24, 25, 26, 27, 28, 29, 
        30 ]
      q: [ 
        -3.91718717e-20, -1.13282108e-18, -0.497075116, 1.13435661, -0.637281491, 1.37396675e-18, -3.91724221e-20, -1.13294159e-18, -0.497075116, 1.13435661, 
        -0.637281491, 1.37411304e-18, 0, 0, 0, 0, 0, 0.698132, -0.349066, -0.087266, 
        -1.396263, 0, 0, 0, 0.698132, 0.349066, 0.087266, -1.396263, 0, 0, 
        0 ]
      ikLinks: 
        - 
          name: WAIST
          index: 0
          isBaseLink: true
          translation: [ 0.05, 0, 0.9 ]
          rotation: [ 
            1, 7.75826272e-37, -1.11022302e-16, 
            -7.75826272e-37, 1, 1.50463277e-36, 
            1.11022302e-16, -1.50463277e-36, 1 ]
        - 
          name: LARM_JOINT6
          index: 12
          translation: [ 0.0337069775, 0.342278723, 0.841838074 ]
          rotation: [ 
            0.730689996, 0.152245103, -0.665517511, 
            -0.322602529, 0.936116794, -0.140046267, 
            0.601680761, 0.317028039, 0.733125832 ]
        - 
          name: RARM_JOINT6
          index: 19
          translation: [ 0.0337069775, -0.342278723, 0.841838074 ]
          rotation: [ 
            0.730689996, -0.152245103, -0.665517511, 
            0.322602529, 0.936116794, 0.140046267, 
            0.601680761, -0.317028039, 0.733125832 ]
        - 
          name: LLEG_JOINT5
          index: 25
          translation: [ -0.00679956042, 0.1, 0.103500684 ]
          rotation: [ 
            1, 3.91724207e-20, -9.9992975e-10, 
            -3.9172421e-20, 1, -2.41171454e-19, 
            9.9992975e-10, 2.41171454e-19, 1 ]
          isTouching: true
          partingDirection: [ 0, 0, 1 ]
        - 
          name: RLEG_JOINT5
          index: 31
          translation: [ -0.00679956042, -0.1, 0.103500684 ]
          rotation: [ 
            1, 3.91718703e-20, -9.9992975e-10, 
            -3.91718705e-20, 1, -2.41145673e-19, 
            9.9992975e-10, 2.41145673e-19, 1 ]
          isTouching: true
          partingDirection: [ 0, 0, 1 ]
  - 
    time: 1.1
    refer: 
      type: Pose
      name: ""
      joints: [ 
        0, 1, 2, 3, 4, 5, 6, 7, 8, 9, 
        10, 11, 12, 13, 14, 15, 16, 17, 18, 19, 
        20, 21, 22, 23, 24, 25, 26, 27, 28, 29, 
        30 ]
      q: [ 
        2.43062109e-19, 6.20819852e-18, -0.412760008, 0.963223252, -0.55046324, -7.65572142e-18, 2.55125034e-19, 6.51488917e-18, -0.412760008, 0.963223252, 
        -0.55046324, -8.03377209e-18, 0, 0, 0, 0, 0, 0.698132, -0.349066, -0.087266, 
        -1.396263, 0, 0, 0, 0.698132, 0.349066, 0.087266, -1.396263, 0, 0, 
        0 ]
      ikLinks: 
        - 
          name: WAIST
          index: 0
          isBaseLink: true
          translation: [ 0.05, 0, 0.95 ]
          rotation: [ 
            1, 1.34815096e-33, -1.11022302e-16, 
            -3.85185989e-34, 1, -3.85185989e-33, 
            1.11022302e-16, 1.56906852e-33, 1 ]
        - 
          name: LARM_JOINT6
          index: 12
          translation: [ 0.0337069775, 0.342278723, 0.891838074 ]
          rotation: [ 
            0.730689996, 0.152245103, -0.665517511, 
            -0.322602529, 0.936116794, -0.140046267, 
            0.601680761, 0.317028039, 0.733125832 ]
        - 
          name: RARM_JOINT6
          index: 19
          translation: [ 0.0337069775, -0.342278723, 0.891838074 ]
          rotation: [ 
            0.730689996, -0.152245103, -0.665517511, 
            0.322602529, 0.936116794, 0.140046267, 
            0.601680761, -0.317028039, 0.733125832 ]
        - 
          name: LLEG_JOINT5
          index: 25
          translation: [ -0.00679999457, 0.1, 0.120000557 ]
          rotation: [ 
            1, -2.55125074e-19, 4.99997282e-09, 
            2.55125067e-19, 1, 1.51888292e-18, 
            -4.99997282e-09, -1.51888292e-18, 1 ]
        - 
          name: RLEG_JOINT5
          index: 31
          translation: [ -0.00679999457, -0.1, 0.120000557 ]
          rotation: [ 
            1, -2.43062148e-19, 4.9999726e-09, 
            2.4306214e-19, 1, 1.4475229e-18, 
            -4.9999726e-09, -1.4475229e-18, 1 ]
  - 
    time: 1.2
    refer: 
      type: Pose
      name: ""
      joints: [ 
        0, 1, 2, 3, 4, 5, 6, 7, 8, 9, 
        10, 11, 12, 13, 14, 15, 16, 17, 18, 19, 
        20, 21, 22, 23, 24, 25, 26, 27, 28, 29, 
        30 ]
      q: [ 
        -5.68585554e-20, -1.70757881e-18, -0.497074506, 1.13435522, -0.637280711, 2.07529877e-18, -5.68585554e-20, -1.70757881e-18, -0.497074506, 1.13435522, 
        -0.637280711, 2.07529877e-18, 0, 0, 0, 0, 0, 0.698132, -0.349066, -0.087266, 
        -1.396263, 0, 0, 0, 0.698132, 0.349066, 0.087266, -1.396263, 0, 0, 
        0 ]
      ikLinks: 
        - 
          name: WAIST
          index: 0
          isBaseLink: true
          translation: [ 0.05, 0, 0.9 ]
          rotation: [ 
            1, -3.71456215e-36, -3.33066907e-16, 
            3.71456215e-36, 1, 0, 
            3.33066907e-16, -1.23719773e-51, 1 ]
        - 
          name: LARM_JOINT6
          index: 12
          translation: [ 0.0337069775, 0.342278723, 0.841838074 ]
          rotation: [ 
            0.730689996, 0.152245103, -0.665517511, 
            -0.322602529, 0.936116794, -0.140046267, 
            0.601680761, 0.317028039, 0.733125832 ]
        - 
          name: RARM_JOINT6
          index: 19
          translation: [ 0.0337069775, -0.342278723, 0.841838074 ]
          rotation: [ 
            0.730689996, -0.152245103, -0.665517511, 
            0.322602529, 0.936116794, 0.140046267, 
            0.601680761, -0.317028039, 0.733125832 ]
        - 
          name: LLEG_JOINT5
          index: 25
          translation: [ -0.0067995134, 0.1, 0.103500388 ]
          rotation: [ 
            1, 5.68585533e-20, -9.99929861e-10, 
            -5.68585537e-20, 1, -3.67719966e-19, 
            9.99929861e-10, 3.67719966e-19, 1 ]
          isTouching: true
          partingDirection: [ 0, 0, 1 ]
        - 
          name: RLEG_JOINT5
          index: 31
          translation: [ -0.0067995134, -0.1, 0.103500388 ]
          rotation: [ 
            1, 5.68585533e-20, -9.99929861e-10, 
            -5.68585537e-20, 1, -3.67719966e-19, 
            9.99929861e-10, 3.67719966e-19, 1 ]
          isTouching: true
          partingDirection: [ 0, 0, 1 ]
  - 
    time: 1.7
    refer: 
      type: Pose
      name: ""
      joints: [ 
        0, 1, 2, 3, 4, 5, 6, 7, 8, 9, 
        10, 11, 12, 13, 14, 15, 16, 17, 18, 19, 
        20, 21, 22, 23, 24, 25, 26, 27, 28, 29, 
        30 ]
      q: [ 
        -2.05878638e-19, -7.70173431e-18, -0.85323871, 1.88409913, -1.03086043, 8.79575409e-18, -2.05878638e-19, -7.70173431e-18, -0.85323871, 1.88409913, 
        -1.03086043, 8.79575409e-18, 0, 0, 0, 0, 0, 0.698132, -0.349066, -0.087266, 
        -1.396263, 0, 0, 0, 0.698132, 0.349066, 0.087266, -1.396263, 0, 0, 
        0 ]
      ikLinks: 
        - 
          name: WAIST
          index: 0
          isBaseLink: true
          translation: [ 0.05, 2.77555756e-17, 0.7 ]
          rotation: [ 
            1, -1.20370622e-34, -1.66533454e-16, 
            1.01111322e-33, 1, 1.54074396e-33, 
            1.66533454e-16, 3.04720223e-33, 1 ]
        - 
          name: LARM_JOINT6
          index: 12
          translation: [ 0.0337069775, 0.342278723, 0.641838074 ]
          rotation: [ 
            0.730689996, 0.152245103, -0.665517511, 
            -0.322602529, 0.936116794, -0.140046267, 
            0.601680761, 0.317028039, 0.733125832 ]
        - 
          name: RARM_JOINT6
          index: 19
          translation: [ 0.0337069775, -0.342278723, 0.641838074 ]
          rotation: [ 
            0.730689996, -0.152245103, -0.665517511, 
            0.322602529, 0.936116794, 0.140046267, 
            0.601680761, -0.317028039, 0.733125832 ]
        - 
          name: LLEG_JOINT5
          index: 25
          translation: [ -0.00679935079, 0.1, 0.103499921 ]
          rotation: [ 
            1, 2.05878603e-19, -3.99982031e-09, 
            -2.05878607e-19, 1, -1.09401978e-18, 
            3.99982031e-09, 1.09401978e-18, 1 ]
          isTouching: true
          partingDirection: [ 0, 0, 1 ]
        - 
          name: RLEG_JOINT5
          index: 31
          translation: [ -0.00679935079, -0.1, 0.103499921 ]
          rotation: [ 
            1, 2.05878603e-19, -3.99982031e-09, 
            -2.05878607e-19, 1, -1.09401978e-18, 
            3.99982031e-09, 1.09401978e-18, 1 ]
          isTouching: true
          partingDirection: [ 0, 0, 1 ]
