# Body pose sequence format version 1.0 defined by cnoid-Robotics

type: PoseSeq
name: "broad-jump-toe-takeoff-1000mm"
targetBody: "JAXON_BLUE"
refs: 
  - 
    time: 0
    refer: 
      type: Pose
      name: ""
      joints: [ 
        0, 1, 2, 3, 4, 5, 6, 7, 8, 9, 
        10, 11, 12, 13, 14, 15, 16, 17, 18, 19, 
        20, 21, 22, 23, 24, 25, 26, 27, 28, 29, 
        30 ]
      q: [ 
        -2.9865413e-20, 1.00030458e-05, -0.292327503, 0.687685399, -0.395357896, -1.00030458e-05, -3.67022655e-20, 1.00030458e-05, -0.292327503, 0.687685399, 
        -0.395357896, -1.00030458e-05, 0, 0, 0, 0, 0, 0.698131701, -0.34906585, -0.0872664626, 
        -1.3962634, 0, 0, 0, 0.698131701, 0.34906585, 0.0872664626, -1.3962634, 0, 0, 
        0 ]
      ikLinks: 
        - 
          name: WAIST
          index: 0
          isBaseLink: true
          translation: [ 1.04693272e-17, -2.77555756e-17, 0.9776 ]
          rotation: [ 
            0.999999861, -0.000167849467, 0.000499433808, 
            0.000167849571, 0.999999986, -1.67072311e-07, 
            -0.000499433773, 2.50902038e-07, 0.999999875 ]
        - 
          name: LARM_JOINT6
          index: 12
          translation: [ -0.0163793115, 0.342276019, 0.91944638 ]
          rotation: [ 
            0.731044139, 0.152245743, -0.665128333, 
            -0.322479821, 0.936142295, -0.140158371, 
            0.601316249, 0.316952422, 0.733457518 ]
        - 
          name: RARM_JOINT6
          index: 19
          translation: [ -0.0162644089, -0.342281469, 0.919446208 ]
          rotation: [ 
            0.730935842, -0.152559997, -0.665175347, 
            0.322724912, 0.936091292, 0.139934712, 
            0.601316411, -0.316951952, 0.733457588 ]
        - 
          name: LLEG_JOINT5
          index: 25
          translation: [ -0.0449996266, 0.1, 0.103600093 ]
          rotation: [ 
            0.999999861, -0.000167849467, 0.000499433808, 
            0.000167849571, 0.999999986, -1.67072311e-07, 
            -0.000499433773, 2.50902038e-07, 0.999999875 ]
          isTouching: true
          partingDirection: [ 0, 0, 1 ]
        - 
          name: RLEG_JOINT5
          index: 31
          translation: [ -0.0449660567, -0.0999999972, 0.103600042 ]
          rotation: [ 
            0.999999861, -0.000167849467, 0.000499433808, 
            0.000167849571, 0.999999986, -1.67072311e-07, 
            -0.000499433773, 2.50902038e-07, 0.999999875 ]
          isTouching: true
          partingDirection: [ 0, 0, 1 ]
  - 
    time: 0.2
    refer: 
      type: Pose
      name: ""
      joints: [ 
        0, 1, 2, 3, 4, 5, 6, 7, 8, 9, 
        10, 11, 12, 13, 14, 15, 16, 17, 18, 19, 
        20, 21, 22, 23, 24, 25, 26, 27, 28, 29, 
        30 ]
      q: [ 
        -2.9865413e-20, 1.00030458e-05, -0.292327503, 0.687685399, -0.395357896, -1.00030458e-05, -3.67022655e-20, 1.00030458e-05, -0.292327503, 0.687685399, 
        -0.395357896, -1.00030458e-05, 0, 0, 0, 0, 0, 0.698131701, -0.34906585, -0.0872664626, 
        -1.3962634, 0, 0, 0, 0.698131701, 0.34906585, 0.0872664626, -1.3962634, 0, 0, 
        0 ]
      ikLinks: 
        - 
          name: WAIST
          index: 0
          isBaseLink: true
          translation: [ 1.04693272e-17, -2.77555756e-17, 0.9776 ]
          rotation: [ 
            0.999999861, -0.000167849467, 0.000499433808, 
            0.000167849571, 0.999999986, -1.67072311e-07, 
            -0.000499433773, 2.50902038e-07, 0.999999875 ]
        - 
          name: LARM_JOINT6
          index: 12
          translation: [ -0.0163793115, 0.342276019, 0.91944638 ]
          rotation: [ 
            0.731044139, 0.152245743, -0.665128333, 
            -0.322479821, 0.936142295, -0.140158371, 
            0.601316249, 0.316952422, 0.733457518 ]
        - 
          name: RARM_JOINT6
          index: 19
          translation: [ -0.0162644089, -0.342281469, 0.919446208 ]
          rotation: [ 
            0.730935842, -0.152559997, -0.665175347, 
            0.322724912, 0.936091292, 0.139934712, 
            0.601316411, -0.316951952, 0.733457588 ]
        - 
          name: LLEG_JOINT5
          index: 25
          translation: [ -0.0449996266, 0.1, 0.103600093 ]
          rotation: [ 
            0.999999861, -0.000167849467, 0.000499433808, 
            0.000167849571, 0.999999986, -1.67072311e-07, 
            -0.000499433773, 2.50902038e-07, 0.999999875 ]
          isTouching: true
          partingDirection: [ 0, 0, 1 ]
        - 
          name: RLEG_JOINT5
          index: 31
          translation: [ -0.0449660567, -0.0999999972, 0.103600042 ]
          rotation: [ 
            0.999999861, -0.000167849467, 0.000499433808, 
            0.000167849571, 0.999999986, -1.67072311e-07, 
            -0.000499433773, 2.50902038e-07, 0.999999875 ]
          isTouching: true
          partingDirection: [ 0, 0, 1 ]
  - 
    time: 1.05
    refer: 
      type: Pose
      name: ""
      ikLinks: 
        - 
          name: WAIST
          index: 0
          isBaseLink: true
          translation: [ -0.02, 0, 0.72 ]
          rotation: [ 
            0.866025404, -5.42101086e-20, 0.5, 
            2.16840434e-19, 1, 1.49077799e-19, 
            -0.5, -1.49077799e-19, 0.866025404 ]
  - 
    time: 1.25
    refer: 
      type: Pose
      name: ""
      ikLinks: 
        - 
          name: WAIST
          index: 0
          isBaseLink: true
          translation: [ 0.05, 5.55111512e-17, 0.7 ]
          rotation: [ 
            0.906307787, -2.71050543e-20, 0.422618262, 
            2.98155597e-19, 1, 1.55854062e-19, 
            -0.422618262, 1.35525272e-20, 0.906307787 ]
  - 
    time: 1.4
    refer: 
      type: Pose
      name: ""
      joints: [ 
        0, 1, 2, 3, 4, 5, 6, 7, 8, 9, 
        10, 11 ]
      q: [ 
        0.000185295958, 4.76911969e-05, -0.523691697, 1.50322959, -1.22998635, -9.17723583e-05, 0.000185297298, 4.76964891e-05, -0.523608259, 1.50316889, 
        -1.23000911, -9.17778181e-05 ]
      ikLinks: 
        - 
          name: LLEG_JOINT5
          index: 25
          translation: [ -0.0449978144, 0.1, 0.103601802 ]
          rotation: [ 
            0.999999482, -0.00016769481, 0.00100431625, 
            0.000167695251, 0.999999986, -3.54404909e-07, 
            -0.00100431618, 5.22823791e-07, 0.999999496 ]
          isTouching: true
          partingDirection: [ 0, 0, 1 ]
        - 
          name: RLEG_JOINT5
          index: 31
          translation: [ -0.0449642442, -0.099999997, 0.103601752 ]
          rotation: [ 
            0.999999482, -0.000167694825, 0.00100433738, 
            0.000167695266, 0.999999986, -3.54401955e-07, 
            -0.00100433731, 5.22824395e-07, 0.999999496 ]
          isTouching: true
          partingDirection: [ 0, 0, 1 ]
  - 
    time: 1.5
    refer: 
      type: Pose
      name: ""
      joints: [ 
        0, 1, 2, 3, 4, 5, 6, 7, 8, 9, 
        10, 11 ]
      q: [ 
        -7.05439839e-10, -8.41427869e-10, 0.223248247, 1.26219989, -0.699788611, 9.41336206e-10, -8.49204365e-10, -1.01290658e-09, 0.223249819, 1.26219752, 
        -0.699787812, 1.18469729e-09 ]
      ikLinks: 
        - 
          name: WAIST
          index: 0
          isBaseLink: true
          translation: [ 0.35, 8.32667268e-17, 0.82 ]
          rotation: [ 
            0.965925826, -3.70576914e-22, -0.258819045, 
            4.49882856e-22, 1, 2.06795153e-25, 
            0.258819045, -2.24993127e-22, 0.965925826 ]
        - 
          name: LLEG_JOINT5
          index: 25
          translation: [ 0.0250000104, 0.1, 0.167999705 ]
          rotation: [ 
            0.865894692, 1.67504472e-09, 0.500226331, 
            -1.31674149e-09, 1, -1.06928649e-09, 
            -0.500226331, 2.6722073e-10, 0.865894692 ]
          isTouching: true
          partingDirection: [ 0, 0, 1 ]
        - 
          name: RLEG_JOINT5
          index: 31
          translation: [ 0.0250004987, -0.1, 0.168000029 ]
          rotation: [ 
            0.865894692, 1.37006127e-09, 0.500226331, 
            -1.09382574e-09, 1, -8.4546403e-10, 
            -0.500226331, 1.8492238e-10, 0.865894692 ]
          isTouching: true
          partingDirection: [ 0, 0, 1 ]
  - 
    time: 1.54
    refer: 
      type: Pose
      name: ""
      joints: [ 
        0, 1, 2, 3, 4, 5, 6, 7, 8, 9, 
        10, 11 ]
      q: [ 
        2.28558292e-07, 2.5834282e-07, 0.215638872, 1.22566387, -0.778014627, -2.70464797e-07, 2.29076233e-07, 2.58928263e-07, 0.215638872, 1.22566387, 
        -0.778014626, -2.70570292e-07 ]
      ikLinks: 
        - 
          name: WAIST
          index: 0
          isBaseLink: true
          translation: [ 0.390847395, 9.90235671e-13, 0.868739591 ]
          rotation: [ 
            0.951291152, -2.54903978e-20, -0.308293923, 
            1.70994776e-20, 1, -3.06520048e-20, 
            0.308293923, 2.38095668e-20, 0.951291152 ]
        - 
          name: LLEG_JOINT5
          index: 25
          translation: [ 0.110000259, 0.1, 0.185000007 ]
          rotation: [ 
            0.939410754, -3.90493962e-07, 0.342793575, 
            3.3993066e-07, 1, 2.07586865e-07, 
            -0.342793575, -7.84832874e-08, 0.939410754 ]
        - 
          name: RLEG_JOINT5
          index: 31
          translation: [ 0.110000259, -0.1, 0.185000007 ]
          rotation: [ 
            0.939410755, -3.89784597e-07, 0.342793574, 
            3.39162073e-07, 1, 2.0762378e-07, 
            -0.342793574, -7.87814321e-08, 0.939410755 ]
  - 
    time: 1.65
    refer: 
      type: Pose
      name: ""
      joints: [ 
        0, 1, 2, 3, 4, 5, 6, 7, 8, 9, 
        10, 11 ]
      q: [ 
        0.000148224926, 7.96065381e-05, -0.108704458, 1.16919349, -0.713174526, -2.48901613e-05, 0.000148224952, 7.96065517e-05, -0.108704458, 1.16919349, 
        -0.713174525, -2.48901671e-05 ]
      ikLinks: 
        - 
          name: WAIST
          index: 0
          isBaseLink: true
          translation: [ 0.499999951, 5.64490121e-12, 0.996345468 ]
          rotation: [ 
            0.939692621, 0, -0.342020143, 
            8.13151629e-20, 1, 0, 
            0.342020143, 0, 0.939692621 ]
        - 
          name: LLEG_JOINT5
          index: 25
          translation: [ 0.455000482, 0.1, 0.220000184 ]
          rotation: [ 
            0.999998453, -0.000166469345, -0.00175134197, 
            0.000166470457, 0.999999986, 4.88812735e-07, 
            0.00175134186, -7.80358676e-07, 0.999998466 ]
        - 
          name: RLEG_JOINT5
          index: 31
          translation: [ 0.455000482, -0.1, 0.220000184 ]
          rotation: [ 
            0.999998453, -0.000166469317, -0.00175134297, 
            0.000166470428, 0.999999986, 4.88810934e-07, 
            0.00175134286, -7.80356992e-07, 0.999998466 ]
  - 
    time: 1.76
    refer: 
      type: Pose
      name: ""
      joints: [ 
        0, 1, 2, 3, 4, 5, 6, 7, 8, 9, 
        10, 11 ]
      q: [ 
        -3.20415313e-08, -5.45155595e-05, -0.876791093, 1.09630737, -0.219628019, 5.45155474e-05, -3.20405419e-08, -5.45200873e-05, -0.876812114, 1.09625459, 
        -0.219554212, 5.45200753e-05 ]
      ikLinks: 
        - 
          name: LLEG_JOINT5
          index: 25
          translation: [ 0.874999998, 0.1, 0.129999863 ]
          rotation: [ 
            0.999999911, -0.000167823518, 0.000387700547, 
            0.000167823602, 0.999999986, -1.85811383e-07, 
            -0.00038770051, 2.50876669e-07, 0.999999925 ]
        - 
          name: RLEG_JOINT5
          index: 31
          translation: [ 0.874999647, -0.1, 0.130000117 ]
          rotation: [ 
            0.999999911, -0.000167823517, 0.000387694876, 
            0.000167823601, 0.999999986, -1.85812336e-07, 
            -0.00038769484, 2.5087667e-07, 0.999999925 ]
  - 
    time: 1.8
    refer: 
      type: Pose
      name: ""
      joints: [ 
        0, 1, 2, 3, 4, 5, 6, 7, 8, 9, 
        10, 11 ]
      q: [ 
        0.000179176238, -1.76884443e-05, -0.770271935, 1.3045277, -0.273004642, 6.32254624e-05, 0.000179174983, -1.76837242e-05, -0.770247423, 1.30457792, 
        -0.273079377, 6.32205937e-05 ]
      ikLinks: 
        - 
          name: WAIST
          index: 0
          isBaseLink: true
          translation: [ 0.7, 2.22044605e-16, 0.82 ]
          rotation: [ 
            0.965925826, -2.71050543e-20, -0.258819045, 
            0, 1, 0, 
            0.258819045, -6.77626358e-21, 0.965925826 ]
        - 
          name: LLEG_JOINT5
          index: 25
          translation: [ 0.954998842, 0.0999999999, 0.103603431 ]
          rotation: [ 
            0.999999836, -0.000168527519, -0.000548259693, 
            0.000168527623, 0.999999986, 1.42082572e-07, 
            0.000548259661, -2.34479451e-07, 0.99999985 ]
          isTouching: true
          partingDirection: [ 0, 0, 1 ]
        - 
          name: RLEG_JOINT5
          index: 31
          translation: [ 0.955032412, -0.0999999973, 0.103603381 ]
          rotation: [ 
            0.999999836, -0.000168527513, -0.000548259693, 
            0.000168527616, 0.999999986, 1.42098087e-07, 
            0.000548259661, -2.34494963e-07, 0.99999985 ]
          isTouching: true
          partingDirection: [ 0, 0, 1 ]
  - 
    time: 2.05
    refer: 
      type: Pose
      name: ""
      ikLinks: 
        - 
          name: WAIST
          index: 0
          isBaseLink: true
          translation: [ 0.93, -4.16333634e-17, 0.7 ]
          rotation: [ 
            0.984807753, 5.42101086e-20, -0.173648178, 
            2.71050543e-20, 1, 0, 
            0.173648178, -2.71050543e-20, 0.984807753 ]
  - 
    time: 2.5
    refer: 
      type: Pose
      name: ""
      joints: [ 
        0, 1, 2, 3, 4, 5, 6, 7, 8, 9, 
        10, 11 ]
      q: [ 
        1.07212836e-13, -2.16841508e-06, -0.995018854, 1.89550314, -0.900484282, 2.16841508e-06, -1.01270922e-15, -2.17460149e-06, -0.995091838, 1.8955018, 
        -0.900409967, 2.17460149e-06 ]
      ikLinks: 
        - 
          name: WAIST
          index: 0
          translation: [ 0.95, 0, 0.7 ]
          rotation: [ 
            0.999999861, -0.000167849467, 0.000499433808, 
            0.000167849571, 0.999999986, -1.67072311e-07, 
            -0.000499433773, 2.50902038e-07, 0.999999875 ]
        - 
          name: LLEG_JOINT5
          index: 25
          translation: [ 0.955000089, 0.1, 0.103600107 ]
          rotation: [ 
            0.999999861, -0.000167849467, 0.000499429808, 
            0.000167849571, 0.999999986, -1.67072982e-07, 
            -0.000499429773, 2.50902038e-07, 0.999999875 ]
          isTouching: true
          partingDirection: [ 0, 0, 1 ]
        - 
          name: RLEG_JOINT5
          index: 31
          translation: [ 0.955000089, -0.1, 0.103600107 ]
          rotation: [ 
            0.999999861, -0.000167849467, 0.000499438808, 
            0.000167849571, 0.999999986, -1.67071472e-07, 
            -0.000499438773, 2.50902038e-07, 0.999999875 ]
          isTouching: true
          partingDirection: [ 0, 0, 1 ]
  - 
    time: 3
    refer: 
      type: Pose
      name: ""
      joints: [ 
        0, 1, 2, 3, 4, 5, 6, 7, 8, 9, 
        10, 11, 12, 13, 14, 15, 16, 17, 18, 19, 
        20, 21, 22, 23, 24, 25, 26, 27, 28, 29, 
        30 ]
      q: [ 
        1.89194969e-14, -2.16820792e-06, -0.995017689, 1.89550352, -0.900485832, 2.16820792e-06, 3.44630689e-14, -2.17439426e-06, -0.995090672, 1.89550218, 
        -0.900411515, 2.17439426e-06, 0, 0, 0, 0, 0, 0.698131701, -0.34906585, -0.0872664626, 
        -1.3962634, 0, 0, 0, 0.698131701, 0.34906585, 0.0872664626, -1.3962634, 0, 0, 
        0 ]
      ikLinks: 
        - 
          name: WAIST
          index: 0
          isBaseLink: true
          translation: [ 0.95, 0, 0.7 ]
          rotation: [ 
            0.999999861, -0.000167849467, 0.000499433808, 
            0.000167849571, 0.999999986, -1.67072311e-07, 
            -0.000499433773, 2.50902038e-07, 0.999999875 ]
        - 
          name: LARM_JOINT6
          index: 12
          translation: [ 0.933620688, 0.342276019, 0.641846379 ]
          rotation: [ 
            0.731044141, 0.152245743, -0.665128332, 
            -0.322479821, 0.936142295, -0.140158372, 
            0.601316248, 0.316952422, 0.733457519 ]
        - 
          name: RARM_JOINT6
          index: 19
          translation: [ 0.933735591, -0.342281469, 0.641846208 ]
          rotation: [ 
            0.730935843, -0.152559996, -0.665175346, 
            0.322724911, 0.936091292, 0.139934713, 
            0.60131641, -0.316951952, 0.73345759 ]
        - 
          name: LLEG_JOINT5
          index: 25
          translation: [ 0.954999463, 0.1, 0.103600221 ]
          rotation: [ 
            0.999999861, -0.000167849467, 0.000499430808, 
            0.000167849571, 0.999999986, -1.67072814e-07, 
            -0.000499430773, 2.50902038e-07, 0.999999875 ]
          isTouching: true
          partingDirection: [ 0, 0, 1 ]
        - 
          name: RLEG_JOINT5
          index: 31
          translation: [ 0.954999464, -0.1, 0.103600221 ]
          rotation: [ 
            0.999999861, -0.000167849467, 0.000499436808, 
            0.000167849571, 0.999999986, -1.67071807e-07, 
            -0.000499436773, 2.50902038e-07, 0.999999875 ]
          isTouching: true
          partingDirection: [ 0, 0, 1 ]
