# Body pose sequence format version 1.0 defined by cnoid-Robotics

type: PoseSeq
name: "jump-100msec"
targetBody: "JAXON_BLUE"
refs: 
  - 
    time: 0
    refer: 
      type: Pose
      name: ""
      joints: [ 
        0, 1, 2, 3, 4, 5, 6, 7, 8, 9, 
        10, 11, 12, 13, 14, 15, 16, 17, 18, 19, 
        20, 21, 22, 23, 24, 25, 26, 27, 28, 29, 
        30 ]
      q: [ 
        1.90226153e-19, 4.6590047e-18, -0.291687718, 0.687644268, -0.395956552, -5.90674691e-18, 1.9399532e-19, 4.75821124e-18, -0.291687718, 0.687644268, 
        -0.395956552, -6.03253236e-18, 0, 0, 0, 0, 0, 0.698132, -0.349066, -0.087266, 
        -1.396263, 0, 0, 0, 0.698132, 0.349066, 0.087266, -1.396263, 0, 0, 
        0 ]
      ikLinks: 
        - 
          name: WAIST
          index: 0
          isBaseLink: true
          translation: [ 2.49800181e-18, 0, 0.9775 ]
          rotation: [ 
            1, -7.22223729e-35, -2.77555756e-16, 
            -1.6851887e-34, 1, 1.54074396e-33, 
            2.77555756e-16, 1.59354232e-33, 1 ]
        - 
          name: LARM_JOINT6
          index: 12
          translation: [ -0.0162930225, 0.342278723, 0.919338074 ]
          rotation: [ 
            0.730689996, 0.152245103, -0.665517511, 
            -0.322602529, 0.936116794, -0.140046267, 
            0.601680761, 0.317028039, 0.733125832 ]
        - 
          name: RARM_JOINT6
          index: 19
          translation: [ -0.0162930225, -0.342278723, 0.919338074 ]
          rotation: [ 
            0.730689996, -0.152245103, -0.665517511, 
            0.322602529, 0.936116794, 0.140046267, 
            0.601680761, -0.317028039, 0.733125832 ]
        - 
          name: LLEG_JOINT5
          index: 25
          translation: [ -0.0450001185, 0.1, 0.103500015 ]
          rotation: [ 
            1, -1.93995314e-19, -1.00001329e-09, 
            1.93995316e-19, 1, 1.27432112e-18, 
            1.00001329e-09, -1.27432112e-18, 1 ]
          isTouching: true
          partingDirection: [ 0, 0, 1 ]
        - 
          name: RLEG_JOINT5
          index: 31
          translation: [ -0.0450001185, -0.1, 0.103500015 ]
          rotation: [ 
            1, -1.90226147e-19, -1.00001335e-09, 
            1.90226148e-19, 1, 1.24774221e-18, 
            1.00001335e-09, -1.24774221e-18, 1 ]
          isTouching: true
          partingDirection: [ 0, 0, 1 ]
  - 
    time: 0.2
    refer: 
      type: Pose
      name: ""
      joints: [ 
        0, 1, 2, 3, 4, 5, 6, 7, 8, 9, 
        10, 11, 12, 13, 14, 15, 16, 17, 18, 19, 
        20, 21, 22, 23, 24, 25, 26, 27, 28, 29, 
        30 ]
      q: [ 
        1.90226153e-19, 4.6590047e-18, -0.291687718, 0.687644268, -0.395956552, -5.90674691e-18, 1.9399532e-19, 4.75821124e-18, -0.291687718, 0.687644268, 
        -0.395956552, -6.03253236e-18, 0, 0, 0, 0, 0, 0.698132, -0.349066, -0.087266, 
        -1.396263, 0, 0, 0, 0.698132, 0.349066, 0.087266, -1.396263, 0, 0, 
        0 ]
      ikLinks: 
        - 
          name: WAIST
          index: 0
          isBaseLink: true
          translation: [ 2.49800181e-18, 0, 0.9775 ]
          rotation: [ 
            1, -7.22223729e-35, -2.77555756e-16, 
            -1.6851887e-34, 1, 1.54074396e-33, 
            2.77555756e-16, 1.59354232e-33, 1 ]
        - 
          name: LARM_JOINT6
          index: 12
          translation: [ -0.0162930225, 0.342278723, 0.919338074 ]
          rotation: [ 
            0.730689996, 0.152245103, -0.665517511, 
            -0.322602529, 0.936116794, -0.140046267, 
            0.601680761, 0.317028039, 0.733125832 ]
        - 
          name: RARM_JOINT6
          index: 19
          translation: [ -0.0162930225, -0.342278723, 0.919338074 ]
          rotation: [ 
            0.730689996, -0.152245103, -0.665517511, 
            0.322602529, 0.936116794, 0.140046267, 
            0.601680761, -0.317028039, 0.733125832 ]
        - 
          name: LLEG_JOINT5
          index: 25
          translation: [ -0.0450001185, 0.1, 0.103500015 ]
          rotation: [ 
            1, -1.93995314e-19, -1.00001329e-09, 
            1.93995316e-19, 1, 1.27432112e-18, 
            1.00001329e-09, -1.27432112e-18, 1 ]
          isTouching: true
          partingDirection: [ 0, 0, 1 ]
        - 
          name: RLEG_JOINT5
          index: 31
          translation: [ -0.0450001185, -0.1, 0.103500015 ]
          rotation: [ 
            1, -1.90226147e-19, -1.00001335e-09, 
            1.90226148e-19, 1, 1.24774221e-18, 
            1.00001335e-09, -1.24774221e-18, 1 ]
          isTouching: true
          partingDirection: [ 0, 0, 1 ]
  - 
    time: 1.25
    refer: 
      type: Pose
      name: ""
      joints: [ 
        0, 1, 2, 3, 4, 5, 6, 7, 8, 9, 
        10, 11, 12, 13, 14, 15, 16, 17, 18, 19, 
        20, 21, 22, 23, 24, 25, 26, 27, 28, 29, 
        30 ]
      q: [ 
        1.56396775e-18, 1.61508795e-17, -0.736045904, 1.44401988, -0.70797398, -1.70610242e-17, 1.58661235e-18, 1.68593944e-17, -0.736045904, 1.44401988, 
        -0.70797398, -1.78514353e-17, 0, 0, 0, 0, 0, 0.698132, -0.349066, -0.087266, 
        -1.396263, 0, 0, 0, 0.698132, 0.349066, 0.087266, -1.396263, 0, 0, 
        0 ]
      ikLinks: 
        - 
          name: WAIST
          index: 0
          isBaseLink: true
          translation: [ -0.04, 0, 0.83 ]
          rotation: [ 
            1, -1.54074396e-33, -5.55111512e-17, 
            2.50370893e-33, 1, 3.3896367e-32, 
            5.55111512e-17, -2.14823407e-32, 1 ]
        - 
          name: LARM_JOINT6
          index: 12
          translation: [ -0.0562930225, 0.342278723, 0.771838074 ]
          rotation: [ 
            0.730689996, 0.152245103, -0.665517511, 
            -0.322602529, 0.936116794, -0.140046267, 
            0.601680761, 0.317028039, 0.733125832 ]
        - 
          name: RARM_JOINT6
          index: 19
          translation: [ -0.0562930225, -0.342278723, 0.771838074 ]
          rotation: [ 
            0.730689996, -0.152245103, -0.665517511, 
            0.322602529, 0.936116794, 0.140046267, 
            0.601680761, -0.317028039, 0.733125832 ]
        - 
          name: LLEG_JOINT5
          index: 25
          translation: [ -0.0450005731, 0.1, 0.103498608 ]
          rotation: [ 
            1, -1.5866122e-18, -8.00005362e-09, 
            1.58661221e-18, 1, 9.92040962e-19, 
            8.00005362e-09, -9.92040974e-19, 1 ]
          isTouching: true
          partingDirection: [ 0, 0, 1 ]
        - 
          name: RLEG_JOINT5
          index: 31
          translation: [ -0.0450005731, -0.1, 0.103498608 ]
          rotation: [ 
            1, -1.56396761e-18, -8.00005451e-09, 
            1.56396762e-18, 1, 9.1014461e-19, 
            8.00005451e-09, -9.10144622e-19, 1 ]
          isTouching: true
          partingDirection: [ 0, 0, 1 ]
  - 
    time: 1.5
    refer: 
      type: Pose
      name: ""
      joints: [ 
        0, 1, 2, 3, 4, 5, 6, 7, 8, 9, 
        10, 11, 12, 13, 14, 15, 16, 17, 18, 19, 
        20, 21, 22, 23, 24, 25, 26, 27, 28, 29, 
        30 ]
      q: [ 
        -3.93476963e-19, -1.06429712e-17, -0.550269851, 1.14377525, -0.593505396, 1.2924286e-17, -5.09646644e-19, -1.31148123e-17, -0.550269851, 1.14377525, 
        -0.593505396, 1.59254361e-17, 0, 0, 0, 0, 0, 0.698132, -0.349066, -0.087266, 
        -1.396263, 0, 0, 0, 0.698132, 0.349066, 0.087266, -1.396263, 0, 0, 
        0 ]
      ikLinks: 
        - 
          name: WAIST
          index: 0
          isBaseLink: true
          translation: [ -0.02, 0, 0.9 ]
          rotation: [ 
            1, 6.25927232e-34, 5.55111512e-17, 
            1.25185446e-33, 1, 0, 
            -5.55111512e-17, 2.18423592e-35, 1 ]
        - 
          name: LARM_JOINT6
          index: 12
          translation: [ -0.0362930225, 0.342278723, 0.841838074 ]
          rotation: [ 
            0.730689996, 0.152245103, -0.665517511, 
            -0.322602529, 0.936116794, -0.140046267, 
            0.601680761, 0.317028039, 0.733125832 ]
        - 
          name: RARM_JOINT6
          index: 19
          translation: [ -0.0362930225, -0.342278723, 0.841838074 ]
          rotation: [ 
            0.730689996, -0.152245103, -0.665517511, 
            0.322602529, 0.936116794, 0.140046267, 
            0.601680761, -0.317028039, 0.733125832 ]
        - 
          name: LLEG_JOINT5
          index: 25
          translation: [ -0.0449995904, 0.1, 0.103500167 ]
          rotation: [ 
            1, 5.09646692e-19, 2.99995628e-09, 
            -5.09646683e-19, 1, -2.81062375e-18, 
            -2.99995628e-09, 2.81062374e-18, 1 ]
          isTouching: true
          partingDirection: [ 0, 0, 1 ]
        - 
          name: RLEG_JOINT5
          index: 31
          translation: [ -0.0449995904, -0.1, 0.103500167 ]
          rotation: [ 
            1, 3.93477002e-19, 2.99995612e-09, 
            -3.93476995e-19, 1, -2.28131488e-18, 
            -2.99995612e-09, 2.28131487e-18, 1 ]
          isTouching: true
          partingDirection: [ 0, 0, 1 ]
  - 
    time: 1.55
    refer: 
      type: Pose
      name: ""
      joints: [ 
        0, 1, 2, 3, 4, 5, 6, 7, 8, 9, 
        10, 11, 12, 13, 14, 15, 16, 17, 18, 19, 
        20, 21, 22, 23, 24, 25, 26, 27, 28, 29, 
        30 ]
      q: [ 
        2.50138231e-19, 4.82971065e-18, -0.541823365, 1.12708093, -0.585257564, -5.88140701e-18, 2.03629751e-19, 4.08586489e-18, -0.541823365, 1.12708093, 
        -0.585257561, -4.95607788e-18, 0, 0, 0, 0, 0, 0.698132, -0.349066, -0.087266, 
        -1.396263, 0, 0, 0, 0.698132, 0.349066, 0.087266, -1.396263, 0, 0, 
        0 ]
      ikLinks: 
        - 
          name: WAIST
          index: 0
          isBaseLink: true
          translation: [ -0.02, 0, 0.91 ]
          rotation: [ 
            1, 1.27592859e-33, -1.11022302e-16, 
            -1.03518735e-33, 1, 0, 
            1.11022302e-16, 2.26074438e-35, 1 ]
        - 
          name: LARM_JOINT6
          index: 12
          translation: [ -0.0362930225, 0.342278723, 0.851838074 ]
          rotation: [ 
            0.730689996, 0.152245103, -0.665517511, 
            -0.322602529, 0.936116794, -0.140046267, 
            0.601680761, 0.317028039, 0.733125832 ]
        - 
          name: RARM_JOINT6
          index: 19
          translation: [ -0.0362930225, -0.342278723, 0.851838074 ]
          rotation: [ 
            0.730689996, -0.152245103, -0.665517511, 
            0.322602529, 0.936116794, 0.140046267, 
            0.601680761, -0.317028039, 0.733125832 ]
        - 
          name: LLEG_JOINT5
          index: 25
          translation: [ -0.044999999, 0.1, 0.109999544 ]
          rotation: [ 
            1, -2.03629761e-19, 2.00001182e-09, 
            2.03629759e-19, 1, 8.70212987e-19, 
            -2.00001182e-09, -8.70212987e-19, 1 ]
        - 
          name: RLEG_JOINT5
          index: 31
          translation: [ -0.044999999, -0.1, 0.109999544 ]
          rotation: [ 
            1, -2.50138225e-19, -9.99988314e-10, 
            2.50138226e-19, 1, 1.05169636e-18, 
            9.99988314e-10, -1.05169636e-18, 1 ]
  - 
    time: 1.6
    refer: 
      type: Pose
      name: ""
      joints: [ 
        0, 1, 2, 3, 4, 5, 6, 7, 8, 9, 
        10, 11, 12, 13, 14, 15, 16, 17, 18, 19, 
        20, 21, 22, 23, 24, 25, 26, 27, 28, 29, 
        30 ]
      q: [ 
        -5.67188002e-19, -1.35174002e-17, -0.550269851, 1.14377525, -0.593505396, 1.64161801e-17, -7.40079857e-19, -1.67883496e-17, -0.550269851, 1.14377525, 
        -0.593505396, 2.03888159e-17, 0, 0, 0, 0, 0, 0.698132, -0.349066, -0.087266, 
        -1.396263, 0, 0, 0, 0.698132, 0.349066, 0.087266, -1.396263, 0, 0, 
        0 ]
      ikLinks: 
        - 
          name: WAIST
          index: 0
          isBaseLink: true
          translation: [ -0.02, 0, 0.9 ]
          rotation: [ 
            1, -3.85185989e-34, -1.11022302e-16, 
            -2.21481944e-33, 1, -3.08148791e-33, 
            1.11022302e-16, -1.60371447e-33, 1 ]
        - 
          name: LARM_JOINT6
          index: 12
          translation: [ -0.0362930225, 0.342278723, 0.841838074 ]
          rotation: [ 
            0.730689996, 0.152245103, -0.665517511, 
            -0.322602529, 0.936116794, -0.140046267, 
            0.601680761, 0.317028039, 0.733125832 ]
        - 
          name: RARM_JOINT6
          index: 19
          translation: [ -0.0362930225, -0.342278723, 0.841838074 ]
          rotation: [ 
            0.730689996, -0.152245103, -0.665517511, 
            0.322602529, 0.936116794, 0.140046267, 
            0.601680761, -0.317028039, 0.733125832 ]
        - 
          name: LLEG_JOINT5
          index: 25
          translation: [ -0.0449995904, 0.1, 0.103500167 ]
          rotation: [ 
            1, 7.40079918e-19, 2.99995573e-09, 
            -7.40079908e-19, 1, -3.60046638e-18, 
            -2.99995573e-09, 3.60046638e-18, 1 ]
          isTouching: true
          partingDirection: [ 0, 0, 1 ]
        - 
          name: RLEG_JOINT5
          index: 31
          translation: [ -0.0449995904, -0.1, 0.103500167 ]
          rotation: [ 
            1, 5.67188051e-19, 2.99995612e-09, 
            -5.67188042e-19, 1, -2.89877995e-18, 
            -2.99995612e-09, 2.89877995e-18, 1 ]
          isTouching: true
          partingDirection: [ 0, 0, 1 ]
  - 
    time: 1.85
    refer: 
      type: Pose
      name: ""
      joints: [ 
        0, 1, 2, 3, 4, 5, 6, 7, 8, 9, 
        10, 11, 12, 13, 14, 15, 16, 17, 18, 19, 
        20, 21, 22, 23, 24, 25, 26, 27, 28, 29, 
        30 ]
      q: [ 
        1.5643711e-18, 1.63499072e-17, -0.736050229, 1.4440281, -0.707977875, -1.72591119e-17, 1.58707481e-18, 1.70810991e-17, -0.736050229, 1.4440281, 
        -0.707977875, -1.80746005e-17, 0, 0, 0, 0, 0, 0.698132, -0.349066, -0.087266, 
        -1.396263, 0, 0, 0, 0.698132, 0.349066, 0.087266, -1.396263, 0, 0, 
        0 ]
      ikLinks: 
        - 
          name: WAIST
          index: 0
          isBaseLink: true
          translation: [ -0.04, 0, 0.83 ]
          rotation: [ 
            1, -6.16297582e-33, 2.22044605e-16, 
            3.4666739e-33, 1, 1.84889275e-32, 
            -2.22044605e-16, -1.5759841e-32, 1 ]
        - 
          name: LARM_JOINT6
          index: 12
          translation: [ -0.0562930225, 0.342278723, 0.771838074 ]
          rotation: [ 
            0.730689996, 0.152245103, -0.665517511, 
            -0.322602529, 0.936116794, -0.140046267, 
            0.601680761, 0.317028039, 0.733125832 ]
        - 
          name: RARM_JOINT6
          index: 19
          translation: [ -0.0562930225, -0.342278723, 0.771838074 ]
          rotation: [ 
            0.730689996, -0.152245103, -0.665517511, 
            0.322602529, 0.936116794, 0.140046267, 
            0.601680761, -0.317028039, 0.733125832 ]
        - 
          name: LLEG_JOINT5
          index: 25
          translation: [ -0.0450005388, 0.1, 0.103500724 ]
          rotation: [ 
            1, -1.58707466e-18, -8.00005362e-09, 
            1.58707467e-18, 1, 9.93501399e-19, 
            8.00005362e-09, -9.93501412e-19, 1 ]
          isTouching: true
          partingDirection: [ 0, 0, 1 ]
        - 
          name: RLEG_JOINT5
          index: 31
          translation: [ -0.0450005388, -0.1, 0.103500724 ]
          rotation: [ 
            1, -1.56437096e-18, -8.00005401e-09, 
            1.56437097e-18, 1, 9.09204758e-19, 
            8.00005401e-09, -9.09204771e-19, 1 ]
          isTouching: true
          partingDirection: [ 0, 0, 1 ]
  - 
    time: 2.1
    refer: 
      type: Pose
      name: ""
      joints: [ 
        0, 1, 2, 3, 4, 5, 6, 7, 8, 9, 
        10, 11, 12, 13, 14, 15, 16, 17, 18, 19, 
        20, 21, 22, 23, 24, 25, 26, 27, 28, 29, 
        30 ]
      q: [ 
        1.5643711e-18, 1.63499072e-17, -0.736050229, 1.4440281, -0.707977875, -1.72591119e-17, 1.58707481e-18, 1.70810991e-17, -0.736050229, 1.4440281, 
        -0.707977875, -1.80746005e-17, 0, 0, 0, 0, 0, 0.698132, -0.349066, -0.087266, 
        -1.396263, 0, 0, 0, 0.698132, 0.349066, 0.087266, -1.396263, 0, 0, 
        0 ]
      ikLinks: 
        - 
          name: WAIST
          index: 0
          isBaseLink: true
          translation: [ -0.04, 0, 0.83 ]
          rotation: [ 
            1, -6.16297582e-33, 2.22044605e-16, 
            3.4666739e-33, 1, 1.84889275e-32, 
            -2.22044605e-16, -1.5759841e-32, 1 ]
        - 
          name: LARM_JOINT6
          index: 12
          translation: [ -0.0562930225, 0.342278723, 0.771838074 ]
          rotation: [ 
            0.730689996, 0.152245103, -0.665517511, 
            -0.322602529, 0.936116794, -0.140046267, 
            0.601680761, 0.317028039, 0.733125832 ]
        - 
          name: RARM_JOINT6
          index: 19
          translation: [ -0.0562930225, -0.342278723, 0.771838074 ]
          rotation: [ 
            0.730689996, -0.152245103, -0.665517511, 
            0.322602529, 0.936116794, 0.140046267, 
            0.601680761, -0.317028039, 0.733125832 ]
        - 
          name: LLEG_JOINT5
          index: 25
          translation: [ -0.0450005388, 0.1, 0.103500724 ]
          rotation: [ 
            1, -1.58707466e-18, -8.00005362e-09, 
            1.58707467e-18, 1, 9.93501399e-19, 
            8.00005362e-09, -9.93501412e-19, 1 ]
          isTouching: true
          partingDirection: [ 0, 0, 1 ]
        - 
          name: RLEG_JOINT5
          index: 31
          translation: [ -0.0450005388, -0.1, 0.103500724 ]
          rotation: [ 
            1, -1.56437096e-18, -8.00005401e-09, 
            1.56437097e-18, 1, 9.09204758e-19, 
            8.00005401e-09, -9.09204771e-19, 1 ]
          isTouching: true
          partingDirection: [ 0, 0, 1 ]
