# Body pose sequence format version 1.0 defined by cnoid-Robotics

type: PoseSeq
name: "jump-across-100msec"
targetBody: "JAXON_BLUE"
refs: 
  - 
    time: 0
    refer: 
      type: Pose
      name: ""
      joints: [ 
        0, 1, 2, 3, 4, 5, 6, 7, 8, 9, 
        10, 11, 12, 13, 14, 15, 16, 17, 18, 19, 
        20, 21, 22, 23, 24, 25, 26, 27, 28, 29, 
        30 ]
      q: [ 
        1.90226153e-19, 4.6590047e-18, -0.291687718, 0.687644268, -0.395956552, -5.90674691e-18, 1.9399532e-19, 4.75821124e-18, -0.291687718, 0.687644268, 
        -0.395956552, -6.03253236e-18, 0, 0, 0, 0, 0, 0.698132, -0.349066, -0.087266, 
        -1.396263, 0, 0, 0, 0.698132, 0.349066, 0.087266, -1.396263, 0, 0, 
        0 ]
      ikLinks: 
        - 
          name: WAIST
          index: 0
          isBaseLink: true
          translation: [ 1.18237484e-07, 0, 1.47749999 ]
          rotation: [ 
            1, 4.81482486e-34, -3.33066907e-16, 
            7.22223729e-35, 1, 2.31111593e-33, 
            3.33066907e-16, -2.24650251e-33, 1 ]
        - 
          name: LARM_JOINT6
          index: 12
          translation: [ -0.0162929043, 0.342278723, 1.41933806 ]
          rotation: [ 
            0.730689996, 0.152245103, -0.665517511, 
            -0.322602529, 0.936116794, -0.140046267, 
            0.601680761, 0.317028039, 0.733125832 ]
        - 
          name: RARM_JOINT6
          index: 19
          translation: [ -0.0162929043, -0.342278723, 1.41933806 ]
          rotation: [ 
            0.730689996, -0.152245103, -0.665517511, 
            0.322602529, 0.936116794, 0.140046267, 
            0.601680761, -0.317028039, 0.733125832 ]
        - 
          name: LLEG_JOINT5
          index: 25
          translation: [ -0.045, 0.1, 0.6035 ]
          rotation: [ 
            1, -1.93995308e-19, -2.00000033e-09, 
            1.9399531e-19, 1, 1.27432112e-18, 
            2.00000033e-09, -1.27432112e-18, 1 ]
          isTouching: true
          partingDirection: [ 0, 0, 1 ]
        - 
          name: RLEG_JOINT5
          index: 31
          translation: [ -0.045, -0.1, 0.6035 ]
          rotation: [ 
            1, -1.90226141e-19, -2.00000033e-09, 
            1.90226144e-19, 1, 1.24774221e-18, 
            2.00000033e-09, -1.24774221e-18, 1 ]
          isTouching: true
          partingDirection: [ 0, 0, 1 ]
  - 
    time: 0.2
    refer: 
      type: Pose
      name: ""
      joints: [ 
        0, 1, 2, 3, 4, 5, 6, 7, 8, 9, 
        10, 11, 12, 13, 14, 15, 16, 17, 18, 19, 
        20, 21, 22, 23, 24, 25, 26, 27, 28, 29, 
        30 ]
      q: [ 
        1.90226153e-19, 4.6590047e-18, -0.291687718, 0.687644268, -0.395956552, -5.90674691e-18, 1.9399532e-19, 4.75821124e-18, -0.291687718, 0.687644268, 
        -0.395956552, -6.03253236e-18, 0, 0, 0, 0, 0, 0.698132, -0.349066, -0.087266, 
        -1.396263, 0, 0, 0, 0.698132, 0.349066, 0.087266, -1.396263, 0, 0, 
        0 ]
      ikLinks: 
        - 
          name: WAIST
          index: 0
          isBaseLink: true
          translation: [ 1.18237484e-07, 0, 1.47749999 ]
          rotation: [ 
            1, 4.81482486e-34, -3.33066907e-16, 
            7.22223729e-35, 1, 2.31111593e-33, 
            3.33066907e-16, -2.24650251e-33, 1 ]
        - 
          name: LARM_JOINT6
          index: 12
          translation: [ -0.0162929043, 0.342278723, 1.41933806 ]
          rotation: [ 
            0.730689996, 0.152245103, -0.665517511, 
            -0.322602529, 0.936116794, -0.140046267, 
            0.601680761, 0.317028039, 0.733125832 ]
        - 
          name: RARM_JOINT6
          index: 19
          translation: [ -0.0162929043, -0.342278723, 1.41933806 ]
          rotation: [ 
            0.730689996, -0.152245103, -0.665517511, 
            0.322602529, 0.936116794, 0.140046267, 
            0.601680761, -0.317028039, 0.733125832 ]
        - 
          name: LLEG_JOINT5
          index: 25
          translation: [ -0.045, 0.1, 0.6035 ]
          rotation: [ 
            1, -1.93995308e-19, -2.00000033e-09, 
            1.9399531e-19, 1, 1.27432112e-18, 
            2.00000033e-09, -1.27432112e-18, 1 ]
          isTouching: true
          partingDirection: [ 0, 0, 1 ]
        - 
          name: RLEG_JOINT5
          index: 31
          translation: [ -0.045, -0.1, 0.6035 ]
          rotation: [ 
            1, -1.90226141e-19, -2.00000033e-09, 
            1.90226144e-19, 1, 1.24774221e-18, 
            2.00000033e-09, -1.24774221e-18, 1 ]
          isTouching: true
          partingDirection: [ 0, 0, 1 ]
  - 
    time: 0.5
    refer: 
      type: Pose
      name: ""
      joints: [ 
        0, 1, 2, 3, 4, 5, 6, 7, 8, 9, 
        10, 11, 12, 13, 14, 15, 16, 17, 18, 19, 
        20, 21, 22, 23, 24, 25, 26, 27, 28, 29, 
        30 ]
      q: [ 
        1.52631324e-10, 0.0761308471, -0.51272037, 1.129636, -0.616915637, -0.0761308471, 1.52631343e-10, 0.0761308471, -0.51272037, 1.129636, 
        -0.616915637, -0.0761308471, 0, 0, 0, 0, 0, 0.698132, -0.349066, -0.087266, 
        -1.396263, 0, 0, 0, 0.698132, 0.349066, 0.087266, -1.396263, 0, 0, 
        0 ]
      ikLinks: 
        - 
          name: WAIST
          index: 0
          isBaseLink: true
          translation: [ 3.84549593e-17, -0.05, 1.4 ]
          rotation: [ 
            1, -1.33449583e-17, -1.30430409e-16, 
            -5.05930494e-18, 1, 2.77555756e-17, 
            3.88578059e-16, -2.77555756e-17, 1 ]
        - 
          name: LARM_JOINT6
          index: 12
          translation: [ -0.0162930225, 0.292278723, 1.34183807 ]
          rotation: [ 
            0.730689996, 0.152245103, -0.665517511, 
            -0.322602529, 0.936116794, -0.140046267, 
            0.601680761, 0.317028039, 0.733125832 ]
        - 
          name: RARM_JOINT6
          index: 19
          translation: [ -0.0162930225, -0.392278723, 1.34183807 ]
          rotation: [ 
            0.730689996, -0.152245103, -0.665517511, 
            0.322602529, 0.936116794, 0.140046267, 
            0.601680761, -0.317028039, 0.733125832 ]
        - 
          name: LLEG_JOINT5
          index: 25
          translation: [ -0.0449999831, 0.10000037, 0.603500484 ]
          rotation: [ 
            1, -1.53759751e-12, -1.98082319e-09, 
            1.53758256e-12, 1, -7.61612995e-14, 
            1.98082334e-09, 7.61612995e-14, 1 ]
          isTouching: true
          partingDirection: [ 0, 0, 1 ]
        - 
          name: RLEG_JOINT5
          index: 31
          translation: [ -0.0449999831, -0.0999996301, 0.603500484 ]
          rotation: [ 
            1, -1.53752326e-12, -1.98082391e-09, 
            1.53749929e-12, 1, -7.61751773e-14, 
            1.98082423e-09, 7.61890551e-14, 1 ]
          isTouching: true
          partingDirection: [ 0, 0, 1 ]
  - 
    time: 1.1
    refer: 
      type: Pose
      name: ""
      joints: [ 
        0, 1, 2, 3, 4, 5, 6, 7, 8, 9, 
        10, 11, 12, 13, 14, 15, 16, 17, 18, 19, 
        20, 21, 22, 23, 24, 25, 26, 27, 28, 29, 
        30 ]
      q: [ 
        1.79771178e-09, 0.178111419, -0.498768116, 1.454761, -0.955992891, -0.178111419, 1.95833824e-09, 0.193992002, -1.25290644, 1.26780824, 
        -0.0149018041, -0.193992002, 0, 0, 0, 0, 0, 0.698132, -0.349066, -0.087266, 
        -1.396263, 0, 0, 0, 0.698132, 0.349066, 0.087266, -1.396263, 0, 0, 
        0 ]
      ikLinks: 
        - 
          name: WAIST
          index: 0
          isBaseLink: true
          translation: [ 0.1, -0.1, 1.3 ]
          rotation: [ 
            1, 1.5239909e-17, -7.97854133e-16, 
            1.24396131e-17, 1, 0, 
            7.21644966e-16, 1.41322493e-24, 1 ]
        - 
          name: LARM_JOINT6
          index: 12
          translation: [ 0.0837069775, 0.242278723, 1.24183807 ]
          rotation: [ 
            0.730689996, 0.152245103, -0.665517511, 
            -0.322602529, 0.936116794, -0.140046267, 
            0.601680761, 0.317028039, 0.733125832 ]
        - 
          name: RARM_JOINT6
          index: 19
          translation: [ 0.0837069775, -0.442278723, 1.24183807 ]
          rotation: [ 
            0.730689996, -0.152245103, -0.665517511, 
            0.322602529, 0.936116794, 0.140046267, 
            0.601680761, -0.317028039, 0.733125832 ]
        - 
          name: LLEG_JOINT5
          index: 25
          translation: [ 0.455000392, 0.0999993944, 0.650000598 ]
          rotation: [ 
            1, -2.0207992e-11, -9.86513189e-09, 
            2.0208005e-11, 1, -5.42621503e-14, 
            9.86513184e-09, 5.42899059e-14, 1 ]
        - 
          name: RLEG_JOINT5
          index: 31
          translation: [ -0.0449839777, -0.1000002, 0.603504436 ]
          rotation: [ 
            1, -2.08973406e-11, -9.87014585e-09, 
            2.08973533e-11, 1, -3.83026943e-14, 
            9.87014581e-09, 3.82471832e-14, 1 ]
          isTouching: true
          partingDirection: [ 0, 0, 1 ]
  - 
    time: 1.5
    refer: 
      type: Pose
      name: ""
      joints: [ 
        0, 1, 2, 3, 4, 5, 6, 7, 8, 9, 
        10, 11, 12, 13, 14, 15, 16, 17, 18, 19, 
        20, 21, 22, 23, 24, 25, 26, 27, 28, 29, 
        30 ]
      q: [ 
        -3.30473343e-11, 0.0330182046, 0.0396098781, 0.930370963, -0.96998084, -0.0330182046, -2.97261119e-11, 0.0370886422, -1.19525803, 1.19155446, 
        0.00370356525, -0.0370886422, 0, 0, 0, 0, 0, 0.698132, -0.349066, -0.087266, 
        -1.396263, 0, 0, 0, 0.698132, 0.349066, 0.087266, -1.396263, 0, 0, 
        0 ]
      ikLinks: 
        - 
          name: WAIST
          index: 0
          isBaseLink: true
          translation: [ 0.3, -0.02, 1.35 ]
          rotation: [ 
            1, -1.07306926e-17, -8.1465965e-16, 
            1.18657553e-17, 1, 8.32667268e-17, 
            8.8817842e-16, -5.55111513e-17, 1 ]
        - 
          name: LARM_JOINT6
          index: 12
          translation: [ 0.283706977, 0.322278723, 1.29183807 ]
          rotation: [ 
            0.730689996, 0.152245103, -0.665517511, 
            -0.322602529, 0.936116794, -0.140046267, 
            0.601680761, 0.317028039, 0.733125832 ]
        - 
          name: RARM_JOINT6
          index: 19
          translation: [ 0.283706977, -0.362278723, 1.29183807 ]
          rotation: [ 
            0.730689996, -0.152245103, -0.665517511, 
            0.322602529, 0.936116794, 0.140046267, 
            0.601680761, -0.317028039, 0.733125832 ]
        - 
          name: LLEG_JOINT5
          index: 25
          translation: [ 0.654999346, 0.0999999571, 0.669999792 ]
          rotation: [ 
            1, 2.60165778e-11, 9.99710943e-11, 
            -2.60165757e-11, 1, -1.85962357e-15, 
            -9.99709699e-11, 1.88737914e-15, 1 ]
        - 
          name: RLEG_JOINT5
          index: 31
          translation: [ -0.0449977712, -0.100000279, 0.603502134 ]
          rotation: [ 
            1, 3.01862486e-14, 9.99603446e-10, 
            -3.01859232e-14, 1, -1.4779844e-15, 
            -9.99603289e-10, 1.49880108e-15, 1 ]
          isTouching: true
          partingDirection: [ 0, 0, 1 ]
  - 
    time: 1.55
    refer: 
      type: Pose
      name: ""
      ikLinks: 
        - 
          name: WAIST
          index: 0
          isBaseLink: true
          translation: [ 0.3996, 0, 1.4 ]
          rotation: [ 
            1, 0, 2.77555756e-16, 
            -1.23259516e-32, 1, -4.93038066e-32, 
            -2.77555756e-16, 4.96441988e-32, 1 ]
  - 
    time: 1.6
    refer: 
      type: Pose
      name: ""
      joints: [ 
        0, 1, 2, 3, 4, 5, 6, 7, 8, 9, 
        10, 11, 12, 13, 14, 15, 16, 17, 18, 19, 
        20, 21, 22, 23, 24, 25, 26, 27, 28, 29, 
        30 ]
      q: [ 
        4.24936517e-11, -0.0357629207, 0.248820851, 0.823997712, -1.07281856, 0.0357629207, 3.58069621e-11, -0.0330182138, -0.983510489, 1.13744597, 
        -0.153935483, 0.0330182138, 0, 0, 0, 0, 0, 0.698132, -0.349066, -0.087266, 
        -1.396263, 0, 0, 0, 0.698132, 0.349066, 0.087266, -1.396263, 0, 0, 
        0 ]
      ikLinks: 
        - 
          name: WAIST
          index: 0
          isBaseLink: true
          translation: [ 0.5, 0.02, 1.35 ]
          rotation: [ 
            1, 6.347742e-18, 1.24648519e-17, 
            1.20051257e-18, 1, 0, 
            1.11022302e-16, 3.97537138e-27, 1 ]
        - 
          name: LARM_JOINT6
          index: 12
          translation: [ 0.483706977, 0.362278723, 1.29183807 ]
          rotation: [ 
            0.730689996, 0.152245103, -0.665517511, 
            -0.322602529, 0.936116794, -0.140046267, 
            0.601680761, 0.317028039, 0.733125832 ]
        - 
          name: RARM_JOINT6
          index: 19
          translation: [ 0.483706977, -0.322278723, 1.29183807 ]
          rotation: [ 
            0.730689996, -0.152245103, -0.665517511, 
            0.322602529, 0.936116794, 0.140046267, 
            0.601680761, -0.317028039, 0.733125832 ]
        - 
          name: LLEG_JOINT5
          index: 25
          translation: [ 0.754998811, 0.100000226, 0.60350069 ]
          rotation: [ 
            1, 3.0222384e-11, 1.99905857e-09, 
            -3.02223784e-11, 1, 1.5959456e-15, 
            -1.9990585e-09, -1.5890067e-15, 1 ]
          isTouching: true
          partingDirection: [ 0, 0, 1 ]
        - 
          name: RLEG_JOINT5
          index: 31
          translation: [ 0.0550005966, -0.0999999859, 0.650000395 ]
          rotation: [ 
            1, 1.36296306e-10, 4.99717917e-09, 
            -1.36296301e-10, 1, 1.81105131e-15, 
            -4.997179e-09, -1.8179902e-15, 1 ]
  - 
    time: 2.05
    refer: 
      type: Pose
      name: ""
      joints: [ 
        0, 1, 2, 3, 4, 5, 6, 7, 8, 9, 
        10, 11, 12, 13, 14, 15, 16, 17, 18, 19, 
        20, 21, 22, 23, 24, 25, 26, 27, 28, 29, 
        30 ]
      q: [ 
        4.35249208e-07, -0.076129664, -0.662641213, 1.12601191, -0.46336499, 0.076129664, 8.56325059e-11, -0.0761293578, -0.662648997, 1.12599692, 
        -0.463347927, 0.0761293578, 0, 0, 0, 0, 0, 0.698132, -0.349066, -0.087266, 
        -1.396263, 0, 0, 0, 0.698132, 0.349066, 0.087266, -1.396263, 0, 0, 
        0 ]
      ikLinks: 
        - 
          name: WAIST
          index: 0
          isBaseLink: true
          translation: [ 0.7, 0.05, 1.4 ]
          rotation: [ 
            1, 5.81701886e-17, -6.65943967e-16, 
            -4.64372855e-17, 1, -9.71445147e-17, 
            7.77156117e-16, 1.38777878e-16, 1 ]
        - 
          name: LARM_JOINT6
          index: 12
          translation: [ 0.683706977, 0.392278723, 1.34183807 ]
          rotation: [ 
            0.730689996, 0.152245103, -0.665517511, 
            -0.322602529, 0.936116794, -0.140046267, 
            0.601680761, 0.317028039, 0.733125832 ]
        - 
          name: RARM_JOINT6
          index: 19
          translation: [ 0.683706977, -0.292278723, 1.34183807 ]
          rotation: [ 
            0.730689996, -0.152245103, -0.665517511, 
            0.322602529, 0.936116794, 0.140046267, 
            0.601680761, -0.317028039, 0.733125832 ]
        - 
          name: LLEG_JOINT5
          index: 25
          translation: [ 0.755000597, 0.100000639, 0.603500838 ]
          rotation: [ 
            1, -7.67815336e-10, -8.94352119e-09, 
            7.67815349e-10, 1, -3.3292813e-14, 
            8.94352137e-09, 3.33205685e-14, 1 ]
          isTouching: true
          partingDirection: [ 0, 0, 1 ]
        - 
          name: RLEG_JOINT5
          index: 31
          translation: [ 0.754990137, -0.0999993665, 0.603503099 ]
          rotation: [ 
            1, -1.47067068e-09, 5.68687907e-06, 
            1.47067068e-09, 1, 1.75144621e-12, 
            -5.68687907e-06, -1.74300852e-12, 1 ]
          isTouching: true
          partingDirection: [ 0, 0, 1 ]
  - 
    time: 2.8
    refer: 
      type: Pose
      name: ""
      joints: [ 
        0, 1, 2, 3, 4, 5, 6, 7, 8, 9, 
        10, 11, 12, 13, 14, 15, 16, 17, 18, 19, 
        20, 21, 22, 23, 24, 25, 26, 27, 28, 29, 
        30 ]
      q: [ 
        -1.13634977e-18, 8.27884439e-17, -0.435186983, 0.701317081, -0.2661301, -8.13295055e-17, 2.28967106e-18, 6.45439036e-17, -0.435186983, 0.701317081, 
        -0.2661301, -6.8483809e-17, 0, 0, 0, 0, 0, 0.698132, -0.349066, -0.087266, 
        -1.396263, 0, 0, 0, 0.698132, 0.349066, 0.087266, -1.396263, 0, 0, 
        0 ]
      ikLinks: 
        - 
          name: WAIST
          index: 0
          isBaseLink: true
          translation: [ 0.7, 0, 1.475 ]
          rotation: [ 
            1, -5.39260384e-33, -1.47784308e-34, 
            1.34815096e-32, 1, -4.93038066e-32, 
            -1.41111874e-49, 6.16297582e-32, 1 ]
        - 
          name: LARM_JOINT6
          index: 12
          translation: [ 0.683706977, 0.342278723, 1.41683807 ]
          rotation: [ 
            0.730689996, 0.152245103, -0.665517511, 
            -0.322602529, 0.936116794, -0.140046267, 
            0.601680761, 0.317028039, 0.733125832 ]
        - 
          name: RARM_JOINT6
          index: 19
          translation: [ 0.683706977, -0.342278723, 1.41683807 ]
          rotation: [ 
            0.730689996, -0.152245103, -0.665517511, 
            0.322602529, 0.936116794, 0.140046267, 
            0.601680761, -0.317028039, 0.733125832 ]
        - 
          name: LLEG_JOINT5
          index: 25
          translation: [ 0.755000486, 0.1, 0.603500972 ]
          rotation: [ 
            1, -2.28967085e-18, -3.00074166e-09, 
            2.28967087e-18, 1, 3.93990542e-18, 
            3.00074166e-09, -3.93990543e-18, 1 ]
          isTouching: true
          partingDirection: [ 0, 0, 1 ]
        - 
          name: RLEG_JOINT5
          index: 31
          translation: [ 0.755000486, -0.1, 0.603500972 ]
          rotation: [ 
            1, 1.13635002e-18, -3.00074104e-09, 
            -1.13635002e-18, 1, -1.45893848e-18, 
            3.00074104e-09, 1.45893848e-18, 1 ]
          isTouching: true
          partingDirection: [ 0, 0, 1 ]
  - 
    time: 3
    refer: 
      type: Pose
      name: ""
      joints: [ 
        0, 1, 2, 3, 4, 5, 6, 7, 8, 9, 
        10, 11, 12, 13, 14, 15, 16, 17, 18, 19, 
        20, 21, 22, 23, 24, 25, 26, 27, 28, 29, 
        30 ]
      q: [ 
        -1.13634977e-18, 8.27884439e-17, -0.435186983, 0.701317081, -0.2661301, -8.13295055e-17, 2.28967106e-18, 6.45439036e-17, -0.435186983, 0.701317081, 
        -0.2661301, -6.8483809e-17, 0, 0, 0, 0, 0, 0.698132, -0.349066, -0.087266, 
        -1.396263, 0, 0, 0, 0.698132, 0.349066, 0.087266, -1.396263, 0, 0, 
        0 ]
      ikLinks: 
        - 
          name: WAIST
          index: 0
          isBaseLink: true
          translation: [ 0.7, 0, 1.475 ]
          rotation: [ 
            1, -5.39260384e-33, -1.47784308e-34, 
            1.34815096e-32, 1, -4.93038066e-32, 
            -1.41111874e-49, 6.16297582e-32, 1 ]
        - 
          name: LARM_JOINT6
          index: 12
          translation: [ 0.683706977, 0.342278723, 1.41683807 ]
          rotation: [ 
            0.730689996, 0.152245103, -0.665517511, 
            -0.322602529, 0.936116794, -0.140046267, 
            0.601680761, 0.317028039, 0.733125832 ]
        - 
          name: RARM_JOINT6
          index: 19
          translation: [ 0.683706977, -0.342278723, 1.41683807 ]
          rotation: [ 
            0.730689996, -0.152245103, -0.665517511, 
            0.322602529, 0.936116794, 0.140046267, 
            0.601680761, -0.317028039, 0.733125832 ]
        - 
          name: LLEG_JOINT5
          index: 25
          translation: [ 0.755000486, 0.1, 0.603500972 ]
          rotation: [ 
            1, -2.28967085e-18, -3.00074166e-09, 
            2.28967087e-18, 1, 3.93990542e-18, 
            3.00074166e-09, -3.93990543e-18, 1 ]
          isTouching: true
          partingDirection: [ 0, 0, 1 ]
        - 
          name: RLEG_JOINT5
          index: 31
          translation: [ 0.755000486, -0.1, 0.603500972 ]
          rotation: [ 
            1, 1.13635002e-18, -3.00074104e-09, 
            -1.13635002e-18, 1, -1.45893848e-18, 
            3.00074104e-09, 1.45893848e-18, 1 ]
          isTouching: true
          partingDirection: [ 0, 0, 1 ]
