# Body pose sequence format version 1.0 defined by cnoid-Robotics

type: PoseSeq
name: "lf-rb-turn"
targetBody: "JAXON_RED"
refs: 
  - 
    time: 0
    refer: 
      type: Pose
      name: ""
      joints: [ 
        0, 1, 2, 3, 4, 5, 6, 7, 8, 9, 
        10, 11, 12, 13, 14, 15, 16, 17, 18, 19, 
        20, 21, 22, 23, 24, 25, 26, 27, 28, 29, 
        30, 31, 32, 33, 34, 35, 36 ]
      q: [ 
        -1.30410628e-20, 1.94357548e-19, -0.457563209, 0.637132354, -0.179569143, -2.49932809e-19, -1.85194006e-21, -2.57677963e-20, -0.179569145, 0.637132355, 
        -0.457563209, 3.31843726e-20, 0, 0, 0, 0, 0, 0, 0.698131701, -0.34906585, 
        -0.0872664626, -1.3962634, 0, 0, -0.34906585, 0, 0.698131701, 0.34906585, 0.0872664626, -1.3962634, 
        0, 0, -0.34906585, 0, 0, 0, 0 ]
      ikLinks: 
        - 
          name: WAIST
          index: 0
          isBaseLink: true
          translation: [ 0, 0, 0.9768 ]
          rotation: [ 
            1, 0, 0, 
            0, 1, 0, 
            -0, 0, 1 ]
        - 
          name: LARM_JOINT7
          index: 13
          translation: [ 0.0198425732, 0.371456088, 0.976314795 ]
          rotation: [ 
            0.459003031, 0.152244556, -0.875292987, 
            -0.351045806, 0.936116807, -0.0212641954, 
            0.816139118, 0.317028262, 0.483125264 ]
        - 
          name: RARM_JOINT7
          index: 23
          translation: [ 0.0198425732, -0.371456088, 0.976314795 ]
          rotation: [ 
            0.459003031, -0.152244556, -0.875292987, 
            0.351045806, 0.936116807, 0.0212641954, 
            0.816139118, -0.317028262, 0.483125264 ]
        - 
          name: LLEG_JOINT5
          index: 31
          translation: [ -0.0999999019, 0.1, 0.099500095 ]
          rotation: [ 
            1, 1.85194009e-21, 9.99999916e-10, 
            -1.85194009e-21, 1, -7.4165763e-21, 
            -9.99999916e-10, 7.4165763e-21, 1 ]
          isTouching: true
          partingDirection: [ 0, 0, 1 ]
        - 
          name: RLEG_JOINT5
          index: 37
          translation: [ 0.0999999014, -0.1, 0.0995000948 ]
          rotation: [ 
            1, 1.30410623e-20, 2.00000003e-09, 
            -1.30410624e-20, 1, 5.5575261e-20, 
            -2.00000003e-09, -5.5575261e-20, 1 ]
          isTouching: true
          partingDirection: [ 0, 0, 1 ]
  - 
    time: 1
    refer: 
      type: Pose
      name: ""
      joints: [ 
        0, 1, 2, 3, 4, 5, 6, 7, 8, 9, 
        10, 11 ]
      q: [ 
        -1.30410628e-20, 1.94357548e-19, -0.457563209, 0.637132354, -0.179569143, -2.49932809e-19, -1.85194006e-21, -2.57677963e-20, -0.179569145, 0.637132355, 
        -0.457563209, 3.31843726e-20 ]
      ikLinks: 
        - 
          name: WAIST
          index: 0
          isBaseLink: true
          translation: [ 0, 0, 0.9768 ]
          rotation: [ 
            1, 0, 0, 
            0, 1, 0, 
            -0, 0, 1 ]
        - 
          name: LLEG_JOINT5
          index: 31
          translation: [ -0.0999999019, 0.1, 0.099500095 ]
          rotation: [ 
            1, 1.85194009e-21, 9.99999916e-10, 
            -1.85194009e-21, 1, -7.4165763e-21, 
            -9.99999916e-10, 7.4165763e-21, 1 ]
          isTouching: true
          partingDirection: [ 0, 0, 1 ]
        - 
          name: RLEG_JOINT5
          index: 37
          translation: [ 0.0999999014, -0.1, 0.0995000948 ]
          rotation: [ 
            1, 1.30410623e-20, 2.00000003e-09, 
            -1.30410624e-20, 1, 5.5575261e-20, 
            -2.00000003e-09, -5.5575261e-20, 1 ]
          isTouching: true
          partingDirection: [ 0, 0, 1 ]
  - 
    time: 1.5
    refer: 
      type: Pose
      name: ""
      joints: [ 
        0, 1, 2, 3, 4, 5, 6, 7, 8, 9, 
        10, 11 ]
      q: [ 
        -1.31866377e-12, 0.00131385782, -0.346617434, 0.693235464, -0.346618029, -1.2847723e-06, 7.66330121e-13, -0.00131385782, -0.34661803, 0.693235464, 
        -0.346617433, 1.26057573e-06 ]
      ikLinks: 
        - 
          name: LLEG_JOINT5
          index: 31
          translation: [ -0.0699999991, 0.0700003003, 0.0995000566 ]
          rotation: [ 
            0.707106781, -0.707106172, -0.000928145439, 
            0.707106781, 0.707106172, 0.000928146853, 
            -9.99999139e-10, -0.00131259687, 0.999999139 ]
          isTouching: true
          partingDirection: [ 0, 0, 1 ]
        - 
          name: RLEG_JOINT5
          index: 37
          translation: [ 0.069999999, -0.0700003003, 0.0995000566 ]
          rotation: [ 
            0.707106781, -0.707106172, 0.000928129743, 
            0.707106781, 0.707106172, -0.000928128329, 
            -9.99999195e-10, 0.00131257267, 0.999999139 ]
          isTouching: true
          partingDirection: [ 0, 0, 1 ]
  - 
    time: 2
    refer: 
      type: Pose
      name: ""
      joints: [ 
        0, 1, 2, 3, 4, 5, 6, 7, 8, 9, 
        10, 11 ]
      q: [ 
        1.76169502e-14, 1.28478039e-06, -0.179570792, 0.637135451, -0.457564659, -1.2847723e-06, 2.1403457e-13, -1.26057165e-06, -0.45756623, 0.637139312, 
        -0.179573083, 1.26057573e-06 ]
      ikLinks: 
        - 
          name: WAIST
          index: 0
          isBaseLink: true
          translation: [ 0, 0, 0.9768 ]
          rotation: [ 
            6.123234e-17, -1, 0, 
            1, 6.123234e-17, 0, 
            -0, 0, 1 ]
        - 
          name: LLEG_JOINT5
          index: 31
          translation: [ -0.0999990359, 0.0999994594, 0.0995008691 ]
          rotation: [ 
            -2.15233909e-13, -1, 4.08e-12, 
            1, -2.15233913e-13, -1.00000003e-09, 
            9.99999972e-10, 4.08e-12, 1 ]
          isTouching: true
          partingDirection: [ 0, 0, 1 ]
        - 
          name: RLEG_JOINT5
          index: 37
          translation: [ 0.0999990174, -0.09999978, 0.09950045 ]
          rotation: [ 
            -1.7555718e-14, -1, 8.09e-12, 
            1, -1.75557179e-14, 5.54885961e-17, 
            5.55111512e-17, 8.09e-12, 1 ]
          isTouching: true
          partingDirection: [ 0, 0, 1 ]
  - 
    time: 3
    refer: 
      type: Pose
      name: ""
      joints: [ 
        0, 1, 2, 3, 4, 5, 6, 7, 8, 9, 
        10, 11, 12, 13, 14, 15, 16, 17, 18, 19, 
        20, 21, 22, 23, 24, 25, 26, 27, 28, 29, 
        30, 31, 32, 33, 34, 35, 36 ]
      q: [ 
        1.76169502e-14, 1.28478039e-06, -0.179570792, 0.637135451, -0.457564659, -1.2847723e-06, 2.1403457e-13, -1.26057165e-06, -0.45756623, 0.637139312, 
        -0.179573083, 1.26057573e-06, 0, 0, 0, 0, 0, 0, 0.698131701, -0.34906585, 
        -0.0872664626, -1.3962634, 0, 0, -0.34906585, 0, 0.698131701, 0.34906585, 0.0872664626, -1.3962634, 
        0, 0, -0.34906585, 0, 0, 0, 0 ]
      ikLinks: 
        - 
          name: WAIST
          index: 0
          isBaseLink: true
          translation: [ 0, 0, 0.9768 ]
          rotation: [ 
            6.123234e-17, -1, 0, 
            1, 6.123234e-17, -0, 
            0, 0, 1 ]
        - 
          name: LARM_JOINT7
          index: 13
          translation: [ -0.371456088, 0.0198425732, 0.976314795 ]
          rotation: [ 
            0.351045806, -0.936116807, 0.0212641954, 
            0.459003031, 0.152244556, -0.875292987, 
            0.816139118, 0.317028262, 0.483125264 ]
        - 
          name: RARM_JOINT7
          index: 23
          translation: [ 0.371456088, 0.0198425732, 0.976314795 ]
          rotation: [ 
            -0.351045806, -0.936116807, -0.0212641954, 
            0.459003031, -0.152244556, -0.875292987, 
            0.816139118, -0.317028262, 0.483125264 ]
        - 
          name: LLEG_JOINT5
          index: 31
          translation: [ -0.0999990359, 0.0999994594, 0.0995008691 ]
          rotation: [ 
            -2.15233909e-13, -1, 4.08e-12, 
            1, -2.15233913e-13, -1.00000003e-09, 
            9.99999972e-10, 4.08e-12, 1 ]
          isTouching: true
          partingDirection: [ 0, 0, 1 ]
        - 
          name: RLEG_JOINT5
          index: 37
          translation: [ 0.0999990174, -0.09999978, 0.09950045 ]
          rotation: [ 
            -1.7555718e-14, -1, 8.09e-12, 
            1, -1.75557179e-14, 5.54885961e-17, 
            5.55111512e-17, 8.09e-12, 1 ]
          isTouching: true
          partingDirection: [ 0, 0, 1 ]
