# Body pose sequence format version 1.0 defined by cnoid-Robotics

type: PoseSeq
name: "slide-forward-200step-len-3step"
targetBody: "JAXON_BLUE"
refs: 
  - 
    time: 0
    refer: 
      type: Pose
      name: ""
      joints: [ 
        0, 1, 2, 3, 4, 5, 6, 7, 8, 9, 
        10, 11, 12, 13, 14, 15, 16, 17, 18, 19, 
        20, 21, 22, 23, 24, 25, 26, 27, 28, 29, 
        30 ]
      q: [ 
        0, 0, -0.34906585, 0.698131701, -0.34906585, 0, 0, 0, -0.34906585, 0.698131701, 
        -0.34906585, 0, 0, 0, 0, 0, 0, 0.698131701, -0.34906585, -0.0872664626, 
        -1.3962634, 0, 0, 0, 0.698131701, 0.34906585, 0.0872664626, -1.3962634, 0, 0, 
        0 ]
      ikLinks: 
        - 
          name: WAIST
          index: 0
          isBaseLink: true
          translation: [ 0.025, 0, 0.9775 ]
          rotation: [ 
            1, 3.29300868e-14, 7.81041898e-14, 
            -3.29300868e-14, 1, -1.00173046e-13, 
            -7.81041898e-14, 1.00173046e-13, 1 ]
        - 
          name: LARM_JOINT6
          index: 12
          translation: [ -0.00945213611, 0.342278749, 0.919299182 ]
          rotation: [ 
            0.730689592, 0.152244556, -0.66551808, 
            -0.322602371, 0.936116807, -0.140046544, 
            0.601681336, 0.317028263, 0.733125263 ]
        - 
          name: RARM_JOINT6
          index: 19
          translation: [ -0.00945213611, -0.342278749, 0.919299182 ]
          rotation: [ 
            0.730689592, -0.152244556, -0.66551808, 
            0.322602371, 0.936116807, 0.140046544, 
            0.601681336, -0.317028263, 0.733125263 ]
        - 
          name: LLEG_JOINT5
          index: 25
          translation: [ 2.75456092e-07, 0.1, 0.103500789 ]
          rotation: [ 
            1, 3.29300868e-14, 7.82707065e-14, 
            -3.29300868e-14, 1, -1.00173046e-13, 
            -7.82707232e-14, 1.00173046e-13, 1 ]
          isTouching: true
          partingDirection: [ 0, 0, 1 ]
        - 
          name: RLEG_JOINT5
          index: 31
          translation: [ 2.75456085e-07, -0.1, 0.103500789 ]
          rotation: [ 
            1, 3.29300868e-14, 7.82152121e-14, 
            -3.29300868e-14, 1, -1.00173046e-13, 
            -7.82152121e-14, 1.00173046e-13, 1 ]
          isTouching: true
          partingDirection: [ 0, 0, 1 ]
  - 
    time: 0.2
    refer: 
      type: Pose
      name: ""
      joints: [ 
        0, 1, 2, 3, 4, 5, 6, 7, 8, 9, 
        10, 11, 12, 13, 14, 15, 16, 17, 18, 19, 
        20, 21, 22, 23, 24, 25, 26, 27, 28, 29, 
        30 ]
      q: [ 
        0, 0, -0.34906585, 0.698131701, -0.34906585, 0, 0, 0, -0.34906585, 0.698131701, 
        -0.34906585, 0, 0, 0, 0, 0, 0, 0.698131701, -0.34906585, -0.0872664626, 
        -1.3962634, 0, 0, 0, 0.698131701, 0.34906585, 0.0872664626, -1.3962634, 0, 0, 
        0 ]
      ikLinks: 
        - 
          name: WAIST
          index: 0
          isBaseLink: true
          translation: [ 0.025, 0, 0.9775 ]
          rotation: [ 
            1, 3.29300868e-14, 7.81041898e-14, 
            -3.29300868e-14, 1, -1.00173046e-13, 
            -7.81041898e-14, 1.00173046e-13, 1 ]
        - 
          name: LARM_JOINT6
          index: 12
          translation: [ -0.00945213611, 0.342278749, 0.919299182 ]
          rotation: [ 
            0.730689592, 0.152244556, -0.66551808, 
            -0.322602371, 0.936116807, -0.140046544, 
            0.601681336, 0.317028263, 0.733125263 ]
        - 
          name: RARM_JOINT6
          index: 19
          translation: [ -0.00945213611, -0.342278749, 0.919299182 ]
          rotation: [ 
            0.730689592, -0.152244556, -0.66551808, 
            0.322602371, 0.936116807, 0.140046544, 
            0.601681336, -0.317028263, 0.733125263 ]
        - 
          name: LLEG_JOINT5
          index: 25
          translation: [ 2.75456092e-07, 0.1, 0.103500789 ]
          rotation: [ 
            1, 3.29300868e-14, 7.82707065e-14, 
            -3.29300868e-14, 1, -1.00173046e-13, 
            -7.82707232e-14, 1.00173046e-13, 1 ]
          isTouching: true
          partingDirection: [ 0, 0, 1 ]
        - 
          name: RLEG_JOINT5
          index: 31
          translation: [ 2.75456085e-07, -0.1, 0.103500789 ]
          rotation: [ 
            1, 3.29300868e-14, 7.82152121e-14, 
            -3.29300868e-14, 1, -1.00173046e-13, 
            -7.82152121e-14, 1.00173046e-13, 1 ]
          isTouching: true
          partingDirection: [ 0, 0, 1 ]
  - 
    time: 1
    refer: 
      type: Pose
      name: ""
      joints: [ 
        0, 1, 2, 3, 4, 5, 6, 7, 8, 9, 
        10, 11 ]
      q: [ 
        0, 0, -0.34906585, 0.698131701, -0.34906585, 0, 0, 0, -0.34906585, 0.698131701, 
        -0.34906585, -0.0276895942 ]
      ikLinks: 
        - 
          name: LLEG_JOINT5
          index: 25
          translation: [ 9.90955594e-08, 0.0999999977, 0.103515439 ]
          rotation: [ 
            1, -2.39558228e-13, 9.9979728e-10, 
            -3.45366097e-14, 0.999999962, 0.000274148712, 
            -9.99797356e-10, -0.000274148712, 0.999999962 ]
          isTouching: true
          partingDirection: [ 0, 0, 1 ]
        - 
          name: RLEG_JOINT5
          index: 31
          translation: [ 2.75456085e-07, -0.1, 0.103500789 ]
          rotation: [ 
            1, 3.29300868e-14, 7.82152121e-14, 
            -3.29300868e-14, 1, -1.00173046e-13, 
            -7.82152121e-14, 1.00173046e-13, 1 ]
          isTouching: true
          partingDirection: [ 0, 0, 1 ]
  - 
    time: 1.35
    refer: 
      type: Pose
      name: ""
      joints: [ 
        0, 1, 2, 3, 4, 5, 6, 7, 8, 9, 
        10, 11 ]
      q: [ 
        0, 0, -0.34906585, 0.698131701, -0.34906585, -0.039398356, 0, 0, -0.34906585, 0.698131701, 
        -0.34906585, -0.0391375579 ]
      ikLinks: 
        - 
          name: LLEG_JOINT5
          index: 25
          translation: [ 1.97703554e-06, 0.0999991235, 0.103532774 ]
          rotation: [ 
            1, 1.88386742e-13, 2.25813463e-12, 
            -1.87794225e-13, 0.999999966, -0.000261363631, 
            -2.25819363e-12, 0.000261363631, 0.999999966 ]
          isTouching: true
          partingDirection: [ 0, 0, 1 ]
        - 
          name: RLEG_JOINT5
          index: 31
          translation: [ 9.83718765e-08, -0.100000003, 0.103500089 ]
          rotation: [ 
            1, 3.80437921e-14, 9.99517785e-10, 
            -3.80442206e-14, 1, -1.39617484e-13, 
            -9.99517691e-10, 1.39617484e-13, 1 ]
          isTouching: true
          partingDirection: [ 0, 0, 1 ]
  - 
    time: 1.5
    refer: 
      type: Pose
      name: ""
      ikLinks: 
        - 
          name: WAIST
          index: 0
          isBaseLink: true
          translation: [ 0.085, -0.03, 0.9775 ]
          rotation: [ 
            1, 3.29236818e-14, 7.81342633e-14, 
            -3.29245567e-14, 1, -1.00176811e-13, 
            -7.79931675e-14, 1.00149056e-13, 1 ]
  - 
    time: 2
    refer: 
      type: Pose
      name: ""
      joints: [ 
        0, 1, 2, 3, 4, 5, 6, 7, 8, 9, 
        10, 11 ]
      q: [ 
        0, 0, -0.34906585, 0.698131701, -0.34906585, 1.25100456e-13, 2.21009147e-12, -5.75725323e-09, -0.382512214, 0.696576654, 
        -0.31406444, -0.000463273206 ]
      ikLinks: 
        - 
          name: LLEG_JOINT5
          index: 25
          translation: [ 0.20000051, 0.1, 0.103526139 ]
          rotation: [ 
            1, -2.19466871e-12, 3.77865937e-11, 
            2.17716296e-12, 0.999999893, 0.00046327319, 
            -3.77876064e-11, -0.00046327319, 0.999999893 ]
          isTouching: true
          partingDirection: [ 0, 0, 1 ]
        - 
          name: RLEG_JOINT5
          index: 31
          translation: [ 9.75427586e-08, -0.1, 0.103500096 ]
          rotation: [ 
            1, 3.2930076e-14, 1.00019637e-09, 
            -3.29300759e-14, 1, -1.00195275e-13, 
            -1.00019637e-09, 1.00195275e-13, 1 ]
          isTouching: true
          partingDirection: [ 0, 0, 1 ]
  - 
    time: 2.35
    refer: 
      type: Pose
      name: ""
      joints: [ 
        0, 1, 2, 3, 4, 5, 6, 7, 8, 9, 
        10, 11 ]
      q: [ 
        0, 0, -0.34906585, 0.698131701, -0.34906585, 0, 0, 0, -0.34906585, 0.698131701, 
        -0.34906585, 0.0358899918 ]
      ikLinks: 
        - 
          name: LLEG_JOINT5
          index: 25
          translation: [ 0.200000508, 0.100000006, 0.103502962 ]
          rotation: [ 
            1, -6.54076676e-12, 1.98380798e-11, 
            6.5397826e-12, 0.999999999, 4.96424549e-05, 
            -1.98382977e-11, -4.96424549e-05, 0.999999999 ]
          isTouching: true
          partingDirection: [ 0, 0, 1 ]
        - 
          name: RLEG_JOINT5
          index: 31
          translation: [ 2.75456085e-07, -0.1, 0.103500789 ]
          rotation: [ 
            1, 3.29300868e-14, 7.82152121e-14, 
            -3.29300868e-14, 1, -1.00173046e-13, 
            -7.82152121e-14, 1.00173046e-13, 1 ]
          isTouching: true
          partingDirection: [ 0, 0, 1 ]
  - 
    time: 2.5
    refer: 
      type: Pose
      name: ""
      ikLinks: 
        - 
          name: WAIST
          index: 0
          isBaseLink: true
          translation: [ 0.185, 0.03, 0.9775 ]
          rotation: [ 
            1, 3.29216107e-14, 7.79558063e-14, 
            -3.29303297e-14, 1, -1.0018375e-13, 
            -7.7826634e-14, 1.00190689e-13, 1 ]
  - 
    time: 3
    refer: 
      type: Pose
      name: ""
      joints: [ 
        0, 1, 2, 3, 4, 5, 6, 7, 8, 9, 
        10, 11 ]
      q: [ 
        0, 0, -0.34906585, 0.698131701, -0.34906585, -0.0413151903, 0, 0, -0.34906585, 0.698131701, 
        -0.34906585, -0.0409048653 ]
      ikLinks: 
        - 
          name: LLEG_JOINT5
          index: 25
          translation: [ 0.199999985, 0.0999999954, 0.103500117 ]
          rotation: [ 
            1, 4.83361997e-14, 4.57576973e-14, 
            -4.83380697e-14, 1, -1.41095469e-13, 
            -4.55746552e-14, 1.4108853e-13, 1 ]
          isTouching: true
          partingDirection: [ 0, 0, 1 ]
        - 
          name: RLEG_JOINT5
          index: 31
          translation: [ 0.399999985, -0.100000005, 0.103523014 ]
          rotation: [ 
            1, 6.96720184e-14, -1.77629617e-13, 
            -6.960231e-14, 0.999999916, 0.000409048641, 
            1.77746706e-13, -0.000409048641, 0.999999916 ]
          isTouching: true
          partingDirection: [ 0, 0, 1 ]
  - 
    time: 3.35
    refer: 
      type: Pose
      name: ""
      joints: [ 
        0, 1, 2, 3, 4, 5, 6, 7, 8, 9, 
        10, 11 ]
      q: [ 
        0, 0, -0.34906585, 0.698131701, -0.34906585, -0.0413151903, 0, 0, -0.34906585, 0.698131701, 
        -0.34906585, -0.0409048653 ]
      ikLinks: 
        - 
          name: LLEG_JOINT5
          index: 25
          translation: [ 0.199999985, 0.0999999954, 0.103500117 ]
          rotation: [ 
            1, 4.83361997e-14, 4.57576973e-14, 
            -4.83380697e-14, 1, -1.41095469e-13, 
            -4.55746552e-14, 1.4108853e-13, 1 ]
          isTouching: true
          partingDirection: [ 0, 0, 1 ]
        - 
          name: RLEG_JOINT5
          index: 31
          translation: [ 0.399999985, -0.100000005, 0.103523014 ]
          rotation: [ 
            1, 6.96720184e-14, -1.77629617e-13, 
            -6.960231e-14, 0.999999916, 0.000409048641, 
            1.77746706e-13, -0.000409048641, 0.999999916 ]
          isTouching: true
          partingDirection: [ 0, 0, 1 ]
  - 
    time: 3.5
    refer: 
      type: Pose
      name: ""
      ikLinks: 
        - 
          name: WAIST
          index: 0
          isBaseLink: true
          translation: [ 0.385, -0.03, 0.9775 ]
          rotation: [ 
            1, 3.29243769e-14, 7.80354096e-14, 
            -3.29298851e-14, 1, -1.00176811e-13, 
            -7.79281153e-14, 1.0018375e-13, 1 ]
  - 
    time: 4
    refer: 
      type: Pose
      name: ""
      joints: [ 
        0, 1, 2, 3, 4, 5, 6, 7, 8, 9, 
        10, 11, 12, 13, 14, 15, 16, 17, 18, 19, 
        20, 21, 22, 23, 24, 25, 26, 27, 28, 29, 
        30 ]
      q: [ 
        0, 0, -0.34906585, 0.698131701, -0.34906585, -0.0413151903, 0, 0, -0.34906585, 0.698131701, 
        -0.34906585, -0.0413151903, 0, 0, 0, 0, 0, 0.698131701, -0.34906585, -0.0872664626, 
        -1.3962634, 0, 0, 0, 0.698131701, 0.34906585, 0.0872664626, -1.3962634, 0, 0, 
        0 ]
      ikLinks: 
        - 
          name: LARM_JOINT6
          index: 12
          translation: [ -0.00945213611, 0.342278749, 0.919299182 ]
          rotation: [ 
            0.730689592, 0.152244556, -0.66551808, 
            -0.322602371, 0.936116807, -0.140046544, 
            0.601681336, 0.317028263, 0.733125263 ]
        - 
          name: RARM_JOINT6
          index: 19
          translation: [ -0.00945213611, -0.342278749, 0.919299182 ]
          rotation: [ 
            0.730689592, -0.152244556, -0.66551808, 
            0.322602371, 0.936116807, 0.140046544, 
            0.601681336, -0.317028263, 0.733125263 ]
        - 
          name: LLEG_JOINT5
          index: 25
          translation: [ 0.399999985, 0.0999999954, 0.103523014 ]
          rotation: [ 
            1, 6.96145476e-14, -1.77020848e-13, 
            -6.95467989e-14, 0.999999916, 0.000409048641, 
            1.77302617e-13, -0.000409048641, 0.999999916 ]
          isTouching: true
          partingDirection: [ 0, 0, 1 ]
        - 
          name: RLEG_JOINT5
          index: 31
          translation: [ 0.399999985, -0.100000005, 0.103523014 ]
          rotation: [ 
            1, 6.96720184e-14, -1.77629617e-13, 
            -6.960231e-14, 0.999999916, 0.000409048641, 
            1.77746706e-13, -0.000409048641, 0.999999916 ]
          isTouching: true
          partingDirection: [ 0, 0, 1 ]
  - 
    time: 4.175
    refer: 
      type: Pose
      name: ""
      joints: [ 
        12, 13, 14, 15, 16, 17, 18, 19, 20, 21, 
        22, 23, 24, 25, 26, 27, 28, 29, 30 ]
      q: [ 
        0, 0, 0, 0, 0, 0.698131701, -0.34906585, -0.0872664626, -1.3962634, 0, 
        0, 0, 0.698131701, 0.34906585, 0.0872664626, -1.3962634, 0, 0, 0 ]
      ikLinks: 
        - 
          name: WAIST
          index: 0
          isBaseLink: true
          translation: [ 0.455, 0, 0.9775 ]
          rotation: [ 
            1, 3.29323593e-14, 7.80486783e-14, 
            -3.2929264e-14, 1, -1.00155885e-13, 
            -7.81041898e-14, 1.00135177e-13, 1 ]
        - 
          name: LARM_JOINT6
          index: 12
          translation: [ -0.00945213611, 0.342278749, 0.919299182 ]
          rotation: [ 
            0.730689592, 0.152244556, -0.66551808, 
            -0.322602371, 0.936116807, -0.140046544, 
            0.601681336, 0.317028263, 0.733125263 ]
        - 
          name: RARM_JOINT6
          index: 19
          translation: [ -0.00945213611, -0.342278749, 0.919299182 ]
          rotation: [ 
            0.730689592, -0.152244556, -0.66551808, 
            0.322602371, 0.936116807, 0.140046544, 
            0.601681336, -0.317028263, 0.733125263 ]
  - 
    time: 4.35
    refer: 
      type: Pose
      name: ""
      joints: [ 
        0, 1, 2, 3, 4, 5, 6, 7, 8, 9, 
        10, 11, 12, 13, 14, 15, 16, 17, 18, 19, 
        20, 21, 22, 23, 24, 25, 26, 27, 28, 29, 
        30 ]
      q: [ 
        0, 0, -0.34906585, 0.698131701, -0.34906585, -0.0413151903, 0, 0, -0.34906585, 0.698131701, 
        -0.34906585, -0.0413151903, 0, 0, 0, 0, 0, 0.698131701, -0.34906585, -0.0872664626, 
        -1.3962634, 0, 0, 0, 0.698131701, 0.34906585, 0.0872664626, -1.3962634, 0, 0, 
        0 ]
      ikLinks: 
        - 
          name: WAIST
          index: 0
          isBaseLink: true
          translation: [ 0.455, 0, 0.9775 ]
          rotation: [ 
            1, 3.29323593e-14, 7.80486783e-14, 
            -3.2929264e-14, 1, -1.00155885e-13, 
            -7.81041898e-14, 1.00135177e-13, 1 ]
        - 
          name: LARM_JOINT6
          index: 12
          translation: [ -0.00945213611, 0.342278749, 0.919299182 ]
          rotation: [ 
            0.730689592, 0.152244556, -0.66551808, 
            -0.322602371, 0.936116807, -0.140046544, 
            0.601681336, 0.317028263, 0.733125263 ]
        - 
          name: RARM_JOINT6
          index: 19
          translation: [ -0.00945213611, -0.342278749, 0.919299182 ]
          rotation: [ 
            0.730689592, -0.152244556, -0.66551808, 
            0.322602371, 0.936116807, 0.140046544, 
            0.601681336, -0.317028263, 0.733125263 ]
        - 
          name: LLEG_JOINT5
          index: 25
          translation: [ 0.399999985, 0.0999999954, 0.103523014 ]
          rotation: [ 
            1, 6.96145476e-14, -1.77020848e-13, 
            -6.95467989e-14, 0.999999916, 0.000409048641, 
            1.77302617e-13, -0.000409048641, 0.999999916 ]
          isTouching: true
          partingDirection: [ 0, 0, 1 ]
        - 
          name: RLEG_JOINT5
          index: 31
          translation: [ 0.399999985, -0.100000005, 0.103523014 ]
          rotation: [ 
            1, 6.96720184e-14, -1.77629617e-13, 
            -6.960231e-14, 0.999999916, 0.000409048641, 
            1.77746706e-13, -0.000409048641, 0.999999916 ]
          isTouching: true
          partingDirection: [ 0, 0, 1 ]
