# Body pose sequence format version 1.0 defined by cnoid-Robotics

type: PoseSeq
name: "left-turn-90deg"
targetBody: "JAXON_RED"
refs: 
  - 
    time: 0
    refer: 
      type: Pose
      name: ""
      joints: [ 
        0, 1, 2, 3, 4, 5, 6, 7, 8, 9, 
        10, 11, 12, 13, 14, 15, 16, 17, 18, 19, 
        20, 21, 22, 23, 24, 25, 26, 27, 28, 29, 
        30, 31, 32, 33, 34, 35, 36 ]
      q: [ 
        0.000783827463, -0.0172886727, -0.466794417, 0.61971986, -0.152925441, 0.0172886727, 0.000783828211, 0.0172908605, -0.152934526, 0.619729792, 
        -0.466795267, -0.0172908605, 0, 0, 0, 0, 0, 0, 0.698131701, -0.34906585, 
        -0.0872664626, -1.3962634, 0, 0, -0.34906585, 0, 0.698131701, 0.34906585, 0.0872664626, -1.3962634, 
        0, 0, -0.34906585, 0, 0, 0, 0 ]
      ikLinks: 
        - 
          name: WAIST
          index: 0
          isBaseLink: true
          translation: [ 0, 0, 0.9768 ]
          rotation: [ 
            0.707106781, 0.707106781, 0, 
            -0.707106781, 0.707106781, -0, 
            -0, 0, 1 ]
        - 
          name: LARM_JOINT7
          index: 13
          translation: [ 0.276689937, 0.248628301, 0.976314795 ]
          rotation: [ 
            0.0763372855, 0.7695877, -0.633961663, 
            -0.572791026, 0.554281384, 0.60388955, 
            0.816139118, 0.317028262, 0.483125264 ]
        - 
          name: RARM_JOINT7
          index: 23
          translation: [ -0.248628301, -0.276689937, 0.976314795 ]
          rotation: [ 
            0.572791026, 0.554281384, -0.60388955, 
            -0.0763372855, 0.7695877, 0.633961663, 
            0.816139118, -0.317028262, 0.483125264 ]
        - 
          name: LLEG_JOINT5
          index: 31
          translation: [ 3.52515335e-06, 0.159995831, 0.0995038574 ]
          rotation: [ 
            0.707660814, 0.706552314, -7.07612084e-10, 
            -0.706552314, 0.707660814, 7.06504473e-10, 
            9.99931693e-10, -6.17561557e-16, 1 ]
          isTouching: true
          partingDirection: [ 0, 0, 1 ]
        - 
          name: RLEG_JOINT5
          index: 37
          translation: [ -1.41057598e-07, -0.159996862, 0.0995031576 ]
          rotation: [ 
            0.707660814, 0.706552314, 1.41501928e-09, 
            -0.706552314, 0.707660814, -1.41280354e-09, 
            -1.99957334e-09, 6.10622664e-16, 1 ]
          isTouching: true
          partingDirection: [ 0, 0, 1 ]
  - 
    time: 1
    refer: 
      type: Pose
      name: ""
      joints: [ 
        0, 1, 2, 3, 4, 5, 6, 7, 8, 9, 
        10, 11 ]
      q: [ 
        0.000783827585, -0.0172890099, -0.466795324, 0.619718303, -0.15292298, 0.0172890099, 0.000783828151, 0.0172885315, -0.152923408, 0.619719233, 
        -0.466795826, -0.0172885315 ]
      ikLinks: 
        - 
          name: WAIST
          index: 0
          isBaseLink: true
          translation: [ 0, 0, 0.9768 ]
          rotation: [ 
            0.707106781, 0.707106781, 0, 
            -0.707106781, 0.707106781, -0, 
            -0, 0, 1 ]
        - 
          name: LLEG_JOINT5
          index: 31
          translation: [ -8.16200262e-07, 0.159997662, 0.0995032788 ]
          rotation: [ 
            0.707660814, 0.706552314, -7.07612092e-10, 
            -0.706552314, 0.707660814, 7.06504561e-10, 
            9.99931749e-10, -6.24500451e-16, 1 ]
          isTouching: true
          partingDirection: [ 0, 0, 1 ]
        - 
          name: RLEG_JOINT5
          index: 37
          translation: [ 5.49720424e-07, -0.159997916, 0.0995031745 ]
          rotation: [ 
            0.707660814, 0.706552314, -7.07622433e-10, 
            -0.706552314, 0.707660814, 7.06512959e-10, 
            9.99945071e-10, 6.66133815e-16, 1 ]
          isTouching: true
          partingDirection: [ 0, 0, 1 ]
  - 
    time: 2
    refer: 
      type: Pose
      name: ""
      joints: [ 
        0, 1, 2, 3, 4, 5, 6, 7, 8, 9, 
        10, 11 ]
      q: [ 
        7.83827362e-08, -0.0171742872, -0.152910973, 0.619721146, -0.466810172, 0.0171742872, 7.83828442e-08, 0.0171743012, -0.466810385, 0.619722529, 
        -0.152912145, -0.0171743012 ]
      ikLinks: 
        - 
          name: WAIST
          index: 0
          isBaseLink: true
          translation: [ 0, 0, 0.9768 ]
          rotation: [ 
            0.707106781, -0.707106781, 0, 
            0.707106781, 0.707106781, 0, 
            0, 0, 1 ]
        - 
          name: LLEG_JOINT5
          index: 31
          translation: [ -9.16253311e-07, 0.159997753, 0.0995036108 ]
          rotation: [ 
            0.707106726, -0.707106837, -4.75629952e-13, 
            0.707106837, 0.707106726, 7.99032715e-13, 
            -2.28650432e-13, -9.01303338e-13, 1 ]
          isTouching: true
          partingDirection: [ 0, 0, 1 ]
        - 
          name: RLEG_JOINT5
          index: 37
          translation: [ 6.49773243e-07, -0.159998007, 0.0995035066 ]
          rotation: [ 
            0.707106726, -0.707106837, -4.61321953e-13, 
            0.707106837, 0.707106726, 8.22678731e-13, 
            -2.5557334e-13, -9.07975084e-13, 1 ]
          isTouching: true
          partingDirection: [ 0, 0, 1 ]
  - 
    time: 3
    refer: 
      type: Pose
      name: ""
      joints: [ 
        0, 1, 2, 3, 4, 5, 6, 7, 8, 9, 
        10, 11, 12, 13, 14, 15, 16, 17, 18, 19, 
        20, 21, 22, 23, 24, 25, 26, 27, 28, 29, 
        30, 31, 32, 33, 34, 35, 36 ]
      q: [ 
        -0.000863937972, -0.017302178, -0.152926296, 0.6197221, -0.466795804, 0.017302178, -0.000863937972, 0.0173021916, -0.466796016, 0.619723483, 
        -0.152927467, -0.0173021916, 0, 0, 0, 0, 0, 0, 0.698131701, -0.34906585, 
        -0.0872664626, -1.3962634, 0, 0, -0.34906585, 0, 0.698131701, 0.34906585, 0.0872664626, -1.3962634, 
        0, 0, -0.34906585, 0, 0, 0, 0 ]
      ikLinks: 
        - 
          name: WAIST
          index: 0
          isBaseLink: true
          translation: [ 0, 0, 0.9768 ]
          rotation: [ 
            0.707106781, -0.707106781, 0, 
            0.707106781, 0.707106781, -0, 
            0, 0, 1 ]
        - 
          name: LARM_JOINT7
          index: 13
          translation: [ -0.248628301, 0.276689937, 0.976314795 ]
          rotation: [ 
            0.572791026, -0.554281384, -0.60388955, 
            0.0763372855, 0.7695877, -0.633961663, 
            0.816139118, 0.317028262, 0.483125264 ]
        - 
          name: RARM_JOINT7
          index: 23
          translation: [ 0.276689937, -0.248628301, 0.976314795 ]
          rotation: [ 
            0.0763372855, -0.7695877, -0.633961663, 
            0.572791026, 0.554281384, -0.60388955, 
            0.816139118, -0.317028262, 0.483125264 ]
        - 
          name: LLEG_JOINT5
          index: 31
          translation: [ -4.42009903e-07, 0.159998356, 0.099503727 ]
          rotation: [ 
            0.707717414, -0.706495621, -8.34211172e-14, 
            0.706495621, 0.707717414, -8.05171901e-14, 
            1.15962795e-13, -1.97411532e-15, 1 ]
          isTouching: true
          partingDirection: [ 0, 0, 1 ]
        - 
          name: RLEG_JOINT5
          index: 37
          translation: [ 1.75593156e-07, -0.15999861, 0.0995036228 ]
          rotation: [ 
            0.707717414, -0.706495621, 8.33881575e-14, 
            0.706495621, 0.707717414, 8.04165762e-14, 
            -1.1574075e-13, 1.98452366e-15, 1 ]
          isTouching: true
          partingDirection: [ 0, 0, 1 ]
