# Body pose sequence format version 1.0 defined by cnoid-Robotics

type: PoseSeq
name: "left-leg-stand-rotate-left-slide-init"
targetBody: "JAXON_RED"
refs: 
  - 
    time: 0
    refer: 
      type: Pose
      name: ""
      joints: [ 
        0, 1, 2, 3, 4, 5, 6, 7, 8, 9, 
        10, 11, 12, 13, 14, 15, 16, 17, 18, 19, 
        20, 21, 22, 23, 24, 25, 26, 27, 28, 29, 
        30, 31, 32, 33, 34, 35, 36 ]
      q: [ 
        -1.35440242e-10, -1.12364424e-11, -0.244325718, 0.670021671, -0.425695951, 1.13698753e-11, -6.61953084e-13, -6.76285556e-08, -0.244329467, 0.670027975, 
        -0.425698506, 6.76286856e-08, 0, 0, 0, 0, 0, 0, 0.698131701, -0.34906585, 
        -0.0872664626, -1.3962634, 0, 0, -0.34906585, 0, 0.698131701, 0.34906585, 0.0872664626, -1.3962634, 
        0, 0, -0.34906585, 0, 0, 0, 0 ]
      ikLinks: 
        - 
          name: WAIST
          index: 0
          isBaseLink: true
          translation: [ 0.065, 0, 0.9768 ]
          rotation: [ 
            1, 2.6271844e-13, 6.48847642e-12, 
            -2.6271844e-13, 1, 9.10660436e-14, 
            -6.48847642e-12, -9.10660436e-14, 1 ]
        - 
          name: LARM_JOINT7
          index: 13
          translation: [ 0.0848425732, 0.371456088, 0.976314795 ]
          rotation: [ 
            0.459003031, 0.152244556, -0.875292987, 
            -0.351045806, 0.936116807, -0.0212641954, 
            0.816139118, 0.317028262, 0.483125264 ]
        - 
          name: RARM_JOINT7
          index: 23
          translation: [ 0.0848425732, -0.371456088, 0.976314795 ]
          rotation: [ 
            0.459003031, -0.152244556, -0.875292987, 
            0.351045806, 0.936116807, 0.0212641954, 
            0.816139118, -0.317028262, 0.483125264 ]
        - 
          name: LLEG_JOINT5
          index: 31
          translation: [ 5.10999855e-07, 0.0999999483, 0.0995009048 ]
          rotation: [ 
            1, 9.24738119e-13, 9.9119879e-10, 
            -9.24738119e-13, 1, -3.89044679e-14, 
            -9.9119879e-10, 3.8904467e-14, 1 ]
          isTouching: true
          partingDirection: [ 0, 0, 1 ]
        - 
          name: RLEG_JOINT5
          index: 37
          translation: [ 1.25464439e-08, -0.1, 0.0995001593 ]
          rotation: [ 
            1, 1.35702961e-10, 1.97287137e-09, 
            -1.35702961e-10, 1, -4.23671922e-14, 
            -1.97287137e-09, 4.23669245e-14, 1 ]
          isTouching: true
          partingDirection: [ 0, 0, 1 ]
  - 
    time: 1
    refer: 
      type: Pose
      name: ""
      joints: [ 
        0, 1, 2, 3, 4, 5, 6, 7, 8, 9, 
        10, 11, 12, 13, 14, 15, 16, 17, 18, 19, 
        20, 21, 22, 23, 24, 25, 26, 27, 28, 29, 
        30, 31, 32, 33, 34, 35, 36 ]
      q: [ 
        1.24787677e-10, -0.130015468, -0.218143137, 0.616028465, -0.397885326, 0.130015468, 2.59566229e-10, -0.13001566, -0.218147091, 0.616035186, 
        -0.397888093, 0.13001566, 0, 0, 0, 0, 0, 0, 0.698131701, -0.34906585, 
        -0.0872664626, -1.3962634, 0, 0, -0.34906585, 0, 0.698131701, 0.34906585, 0.0872664626, -1.3962634, 
        0, 0, -0.34906585, 0, 0, 0, 0 ]
      ikLinks: 
        - 
          name: WAIST
          index: 0
          isBaseLink: true
          translation: [ 0.065, 0.1, 0.9768 ]
          rotation: [ 
            1, 2.6271844e-13, 6.48847642e-12, 
            -2.6271844e-13, 1, 9.10660436e-14, 
            -6.48847642e-12, -9.10660436e-14, 1 ]
        - 
          name: LARM_JOINT7
          index: 13
          translation: [ 0.0848425732, 0.471456088, 0.976314795 ]
          rotation: [ 
            0.459003031, 0.152244556, -0.875292987, 
            -0.351045806, 0.936116807, -0.0212641954, 
            0.816139118, 0.317028262, 0.483125264 ]
        - 
          name: RARM_JOINT7
          index: 23
          translation: [ 0.0848425732, -0.271456088, 0.976314795 ]
          rotation: [ 
            0.459003031, -0.152244556, -0.875292987, 
            0.351045806, 0.936116807, 0.0212641954, 
            0.816139118, -0.317028262, 0.483125264 ]
        - 
          name: LLEG_JOINT5
          index: 31
          translation: [ 5.13232466e-07, 0.100000047, 0.0995009877 ]
          rotation: [ 
            1, 3.74160489e-13, 1.99250166e-09, 
            -3.74152098e-13, 1, 9.1038288e-14, 
            -1.99250161e-09, -9.10660436e-14, 1 ]
          isTouching: true
          partingDirection: [ 0, 0, 1 ]
        - 
          name: RLEG_JOINT5
          index: 37
          translation: [ 1.51715705e-08, -0.0999999016, 0.0995002422 ]
          rotation: [ 
            1, 1.35152317e-10, 1.99250161e-09, 
            -1.35152313e-10, 1, 8.75688411e-14, 
            -1.99250166e-09, -8.75965966e-14, 1 ]
          isTouching: true
          partingDirection: [ 0, 0, 1 ]
  - 
    time: 1.5
    refer: 
      type: Pose
      name: ""
      joints: [ 
        0, 1, 2, 3, 4, 5, 6, 7, 8, 9, 
        10, 11, 12, 13, 14, 15, 16, 17, 18, 19, 
        20, 21, 22, 23, 24, 25, 26, 27, 28, 29, 
        30, 31, 32, 33, 34, 35, 36 ]
      q: [ 
        1.44864182e-10, -0.139092444, -0.382644323, 0.958349562, -0.575705237, 0.139092444, 1.30139393e-10, -0.130015629, -0.218146379, 0.616033734, 
        -0.397887354, 0.130015629, 0, 0, 0, 0, 0, 0, 0.698131701, -0.34906585, 
        -0.0872664626, -1.3962634, 0, 0, -0.34906585, 0, 0.698131701, 0.34906585, 0.0872664626, -1.3962634, 
        0, 0, -0.34906585, 0, 0, 0, 0 ]
      ikLinks: 
        - 
          name: WAIST
          index: 0
          isBaseLink: true
          translation: [ 0.065, 0.1, 0.9768 ]
          rotation: [ 
            1, 2.6271844e-13, 6.48847642e-12, 
            -2.6271844e-13, 1, 9.10660436e-14, 
            -6.48847642e-12, -9.10660436e-14, 1 ]
        - 
          name: LARM_JOINT7
          index: 13
          translation: [ 0.0848425732, 0.471456088, 0.976314795 ]
          rotation: [ 
            0.459003031, 0.152244556, -0.875292987, 
            -0.351045806, 0.936116807, -0.0212641954, 
            0.816139118, 0.317028262, 0.483125264 ]
        - 
          name: RARM_JOINT7
          index: 23
          translation: [ 0.0848425732, -0.271456088, 0.976314795 ]
          rotation: [ 
            0.459003031, -0.152244556, -0.875292987, 
            0.351045806, 0.936116807, 0.0212641954, 
            0.816139118, -0.317028262, 0.483125264 ]
        - 
          name: LLEG_JOINT5
          index: 31
          translation: [ 5.08015058e-07, 0.100000049, 0.0995008185 ]
          rotation: [ 
            1, -2.27014498e-13, 9.980485e-10, 
            2.27019792e-13, 1, 9.1038288e-14, 
            -9.98048477e-10, -9.1038288e-14, 1 ]
          isTouching: true
          partingDirection: [ 0, 0, 1 ]
        - 
          name: RLEG_JOINT5
          index: 37
          translation: [ 3.8145074e-07, -0.0999994595, 0.149999954 ]
          rotation: [ 
            1, 1.32907404e-10, 1.98874516e-09, 
            -1.32907393e-10, 1, 9.66171587e-14, 
            -1.98874517e-09, -9.66449143e-14, 1 ]
  - 
    time: 2.5
    refer: 
      type: Pose
      name: ""
      joints: [ 
        0, 1, 2, 3, 4, 5, 6, 7, 8, 9, 
        10, 11, 12, 13, 14, 15, 16, 17, 18, 19, 
        20, 21, 22, 23, 24, 25, 26, 27, 28, 29, 
        30, 31, 32, 33, 34, 35, 36 ]
      q: [ 
        1.44864182e-10, -0.139092444, -0.382644323, 0.958349562, -0.575705237, 0.139092444, 1.30139393e-10, -0.130015629, -0.218146379, 0.616033734, 
        -0.397887354, 0.130015629, 0, 0, 0, 0, 0, 0, 0.698131701, -0.34906585, 
        -0.0872664626, -1.3962634, 0, 0, -0.34906585, 0, 0.698131701, 0.34906585, 0.0872664626, -1.3962634, 
        0, 0, -0.34906585, 0, 0, 0, 0 ]
      ikLinks: 
        - 
          name: WAIST
          index: 0
          isBaseLink: true
          translation: [ 0.065, 0.1, 0.9768 ]
          rotation: [ 
            1, 2.6271844e-13, 6.48847642e-12, 
            -2.6271844e-13, 1, 9.10660436e-14, 
            -6.48847642e-12, -9.10660436e-14, 1 ]
        - 
          name: LARM_JOINT7
          index: 13
          translation: [ 0.0848425732, 0.471456088, 0.976314795 ]
          rotation: [ 
            0.459003031, 0.152244556, -0.875292987, 
            -0.351045806, 0.936116807, -0.0212641954, 
            0.816139118, 0.317028262, 0.483125264 ]
        - 
          name: RARM_JOINT7
          index: 23
          translation: [ 0.0848425732, -0.271456088, 0.976314795 ]
          rotation: [ 
            0.459003031, -0.152244556, -0.875292987, 
            0.351045806, 0.936116807, 0.0212641954, 
            0.816139118, -0.317028262, 0.483125264 ]
        - 
          name: LLEG_JOINT5
          index: 31
          translation: [ 5.08015058e-07, 0.100000049, 0.0995008185 ]
          rotation: [ 
            1, -2.27014498e-13, 9.980485e-10, 
            2.27019792e-13, 1, 9.1038288e-14, 
            -9.98048477e-10, -9.1038288e-14, 1 ]
          isTouching: true
          partingDirection: [ 0, 0, 1 ]
        - 
          name: RLEG_JOINT5
          index: 37
          translation: [ 3.8145074e-07, -0.0999994595, 0.149999954 ]
          rotation: [ 
            1, 1.32907404e-10, 1.98874516e-09, 
            -1.32907393e-10, 1, 9.66171587e-14, 
            -1.98874517e-09, -9.66449143e-14, 1 ]
