# Body pose sequence format version 1.0 defined by cnoid-Robotics

type: PoseSeq
name: "lf-rb-forward"
targetBody: "JAXON_RED"
refs: 
  - 
    time: 0
    refer: 
      type: Pose
      name: ""
      joints: [ 
        0, 1, 2, 3, 4, 5, 6, 7, 8, 9, 
        10, 11, 12, 13, 14, 15, 16, 17, 18, 19, 
        20, 21, 22, 23, 24, 25, 26, 27, 28, 29, 
        30, 31, 32, 33, 34, 35, 36 ]
      q: [ 
        -1.30410628e-20, 1.94357548e-19, -0.457563209, 0.637132354, -0.179569143, -2.49932809e-19, -1.85194006e-21, -2.57677963e-20, -0.179569145, 0.637132355, 
        -0.457563209, 3.31843726e-20, 0, 0, 0, 0, 0, 0, 0.698131701, -0.34906585, 
        -0.0872664626, -1.3962634, 0, 0, -0.34906585, 0, 0.698131701, 0.34906585, 0.0872664626, -1.3962634, 
        0, 0, -0.34906585, 0, 0, 0, 0 ]
      ikLinks: 
        - 
          name: WAIST
          index: 0
          isBaseLink: true
          translation: [ 0, 0, 0.9768 ]
          rotation: [ 
            1, 0, 0, 
            0, 1, 0, 
            -0, 0, 1 ]
        - 
          name: LARM_JOINT7
          index: 13
          translation: [ 0.0198425732, 0.371456088, 0.976314795 ]
          rotation: [ 
            0.459003031, 0.152244556, -0.875292987, 
            -0.351045806, 0.936116807, -0.0212641954, 
            0.816139118, 0.317028262, 0.483125264 ]
        - 
          name: RARM_JOINT7
          index: 23
          translation: [ 0.0198425732, -0.371456088, 0.976314795 ]
          rotation: [ 
            0.459003031, -0.152244556, -0.875292987, 
            0.351045806, 0.936116807, 0.0212641954, 
            0.816139118, -0.317028262, 0.483125264 ]
        - 
          name: LLEG_JOINT5
          index: 31
          translation: [ -0.0999999017, 0.1, 0.099500095 ]
          rotation: [ 
            1, 1.85194009e-21, 1.00012953e-09, 
            -1.85194009e-21, 1, -7.41657634e-21, 
            -1.00012953e-09, 7.41657634e-21, 1 ]
          isTouching: true
          partingDirection: [ 0, 0, 1 ]
        - 
          name: RLEG_JOINT5
          index: 37
          translation: [ 0.0999999017, -0.1, 0.0995000948 ]
          rotation: [ 
            1, 1.30410625e-20, 9.99814009e-10, 
            -1.30410626e-20, 1, 5.55752612e-20, 
            -9.99814009e-10, -5.55752612e-20, 1 ]
          isTouching: true
          partingDirection: [ 0, 0, 1 ]
  - 
    time: 1
    refer: 
      type: Pose
      name: ""
      joints: [ 
        0, 1, 2, 3, 4, 5, 6, 7, 8, 9, 
        10, 11, 12, 13, 14, 15, 16, 17, 18, 19, 
        20, 21, 22, 23, 24, 25, 26, 27, 28, 29, 
        30, 31, 32, 33, 34, 35, 36 ]
      q: [ 
        -1.30410628e-20, 1.94357548e-19, -0.457563209, 0.637132354, -0.179569143, -2.49932809e-19, -1.85194006e-21, -2.57677963e-20, -0.179569145, 0.637132355, 
        -0.457563209, 3.31843726e-20, 0, 0, 0, 0, 0, 0, 0.698131701, -0.34906585, 
        -0.0872664626, -1.3962634, 0, 0, -0.34906585, 0, 0.698131701, 0.34906585, 0.0872664626, -1.3962634, 
        0, 0, -0.34906585, 0, 0, 0, 0 ]
      ikLinks: 
        - 
          name: WAIST
          index: 0
          isBaseLink: true
          translation: [ 0, 0, 0.9768 ]
          rotation: [ 
            1, 0, 0, 
            0, 1, 0, 
            -0, 0, 1 ]
        - 
          name: LARM_JOINT7
          index: 13
          translation: [ 0.0198425732, 0.371456088, 0.976314795 ]
          rotation: [ 
            0.459003031, 0.152244556, -0.875292987, 
            -0.351045806, 0.936116807, -0.0212641954, 
            0.816139118, 0.317028262, 0.483125264 ]
        - 
          name: RARM_JOINT7
          index: 23
          translation: [ 0.0198425732, -0.371456088, 0.976314795 ]
          rotation: [ 
            0.459003031, -0.152244556, -0.875292987, 
            0.351045806, 0.936116807, 0.0212641954, 
            0.816139118, -0.317028262, 0.483125264 ]
        - 
          name: LLEG_JOINT5
          index: 31
          translation: [ -0.0999999017, 0.1, 0.099500095 ]
          rotation: [ 
            1, 1.85194009e-21, 1.00012953e-09, 
            -1.85194009e-21, 1, -7.41657634e-21, 
            -1.00012953e-09, 7.41657634e-21, 1 ]
          isTouching: true
          partingDirection: [ 0, 0, 1 ]
        - 
          name: RLEG_JOINT5
          index: 37
          translation: [ 0.0999999017, -0.1, 0.0995000948 ]
          rotation: [ 
            1, 1.30410625e-20, 9.99814009e-10, 
            -1.30410626e-20, 1, 5.55752612e-20, 
            -9.99814009e-10, -5.55752612e-20, 1 ]
          isTouching: true
          partingDirection: [ 0, 0, 1 ]
  - 
    time: 2
    refer: 
      type: Pose
      name: ""
      joints: [ 
        0, 1, 2, 3, 4, 5, 6, 7, 8, 9, 
        10, 11, 12, 13, 14, 15, 16, 17, 18, 19, 
        20, 21, 22, 23, 24, 25, 26, 27, 28, 29, 
        30, 31, 32, 33, 34, 35, 36 ]
      q: [ 
        -6.70033461e-20, 7.79113305e-19, -0.179571983, 0.637138211, -0.457566228, -1.01328195e-18, -1.18787796e-20, -1.1602109e-18, -0.457565763, 0.637137584, 
        -0.17957182, 1.52037261e-18, 0, 0, 0, 0, 0, 0, 0.698131701, -0.34906585, 
        -0.0872664626, -1.3962634, 0, 0, -0.34906585, 0, 0.698131701, 0.34906585, 0.0872664626, -1.3962634, 
        0, 0, -0.34906585, 0, 0, 0, 0 ]
      ikLinks: 
        - 
          name: WAIST
          index: 0
          isBaseLink: true
          translation: [ 0.2, 0, 0.9768 ]
          rotation: [ 
            1, 0, 0, 
            0, 1, 0, 
            -0, 0, 1 ]
        - 
          name: LARM_JOINT7
          index: 13
          translation: [ 0.219842573, 0.371456088, 0.976314795 ]
          rotation: [ 
            0.459003031, 0.152244556, -0.875292987, 
            -0.351045806, 0.936116807, -0.0212641954, 
            0.816139118, 0.317028262, 0.483125264 ]
        - 
          name: RARM_JOINT7
          index: 23
          translation: [ 0.219842573, -0.371456088, 0.976314795 ]
          rotation: [ 
            0.459003031, -0.152244556, -0.875292987, 
            0.351045806, 0.936116807, 0.0212641954, 
            0.816139118, -0.317028262, 0.483125264 ]
        - 
          name: LLEG_JOINT5
          index: 31
          translation: [ 0.299999772, 0.1, 0.0995007052 ]
          rotation: [ 
            1, 1.18787811e-20, 9.99795441e-10, 
            -1.18787808e-20, 1, -3.60161712e-19, 
            -9.99795441e-10, 3.60161712e-19, 1 ]
          isTouching: true
          partingDirection: [ 0, 0, 1 ]
        - 
          name: RLEG_JOINT5
          index: 37
          translation: [ 0.10000013, -0.1, 0.0995007943 ]
          rotation: [ 
            1, 6.70033451e-20, 1.00014702e-09, 
            -6.70033454e-20, 1, 2.34168646e-19, 
            -1.00014702e-09, -2.34168646e-19, 1 ]
          isTouching: true
          partingDirection: [ 0, 0, 1 ]
  - 
    time: 3
    refer: 
      type: Pose
      name: ""
      joints: [ 
        0, 1, 2, 3, 4, 5, 6, 7, 8, 9, 
        10, 11, 12, 13, 14, 15, 16, 17, 18, 19, 
        20, 21, 22, 23, 24, 25, 26, 27, 28, 29, 
        30, 31, 32, 33, 34, 35, 36 ]
      q: [ 
        -6.70033461e-20, 7.79113305e-19, -0.179571983, 0.637138211, -0.457566228, -1.01328195e-18, -1.18787796e-20, -1.1602109e-18, -0.457565763, 0.637137584, 
        -0.17957182, 1.52037261e-18, 0, 0, 0, 0, 0, 0, 0.698131701, -0.34906585, 
        -0.0872664626, -1.3962634, 0, 0, -0.34906585, 0, 0.698131701, 0.34906585, 0.0872664626, -1.3962634, 
        0, 0, -0.34906585, 0, 0, 0, 0 ]
      ikLinks: 
        - 
          name: WAIST
          index: 0
          isBaseLink: true
          translation: [ 0.2, 0, 0.9768 ]
          rotation: [ 
            1, 0, 0, 
            0, 1, 0, 
            -0, 0, 1 ]
        - 
          name: LARM_JOINT7
          index: 13
          translation: [ 0.219842573, 0.371456088, 0.976314795 ]
          rotation: [ 
            0.459003031, 0.152244556, -0.875292987, 
            -0.351045806, 0.936116807, -0.0212641954, 
            0.816139118, 0.317028262, 0.483125264 ]
        - 
          name: RARM_JOINT7
          index: 23
          translation: [ 0.219842573, -0.371456088, 0.976314795 ]
          rotation: [ 
            0.459003031, -0.152244556, -0.875292987, 
            0.351045806, 0.936116807, 0.0212641954, 
            0.816139118, -0.317028262, 0.483125264 ]
        - 
          name: LLEG_JOINT5
          index: 31
          translation: [ 0.299999772, 0.1, 0.0995007052 ]
          rotation: [ 
            1, 1.18787811e-20, 9.99795441e-10, 
            -1.18787808e-20, 1, -3.60161712e-19, 
            -9.99795441e-10, 3.60161712e-19, 1 ]
          isTouching: true
          partingDirection: [ 0, 0, 1 ]
        - 
          name: RLEG_JOINT5
          index: 37
          translation: [ 0.10000013, -0.1, 0.0995007943 ]
          rotation: [ 
            1, 6.70033451e-20, 1.00014702e-09, 
            -6.70033454e-20, 1, 2.34168646e-19, 
            -1.00014702e-09, -2.34168646e-19, 1 ]
          isTouching: true
          partingDirection: [ 0, 0, 1 ]
