# Body pose sequence format version 1.0 defined by cnoid-Robotics

type: PoseSeq
name: "left-crab-slow-short"
targetBody: "JAXON_RED"
refs: 
  - 
    time: 0
    refer: 
      type: Pose
      name: ""
      joints: [ 
        0, 1, 2, 3, 4, 5, 6, 7, 8, 9, 
        10, 11, 12, 13, 14, 15, 16, 17, 18, 19, 
        20, 21, 22, 23, 24, 25, 26, 27, 28, 29, 
        30, 31, 32, 33, 34, 35, 36 ]
      q: [ 
        7.83100736e-11, -0.0782907814, -0.337401743, 0.674803487, -0.337401742, 0.0782907814, -7.83100736e-11, 0.0782907814, -0.337401743, 0.674803487, 
        -0.337401742, -0.0782907814, 0, 0, 0, 0, 0, 0, 0.698131701, -0.34906585, 
        -0.0872664626, -1.3962634, 0, 0, -0.34906585, 0, 0.698131701, 0.34906585, 0.0872664626, -1.3962634, 
        0, 0, -0.34906585, 0, 0, 0, 0 ]
      ikLinks: 
        - 
          name: WAIST
          index: 0
          isBaseLink: true
          translation: [ 0, 0, 0.9768 ]
          rotation: [ 
            1, 0, 0, 
            0, 1, 0, 
            -0, 0, 1 ]
        - 
          name: LARM_JOINT7
          index: 13
          translation: [ 0.0198425732, 0.371456088, 0.976314795 ]
          rotation: [ 
            0.459003031, 0.152244556, -0.875292987, 
            -0.351045806, 0.936116807, -0.0212641954, 
            0.816139118, 0.317028262, 0.483125264 ]
        - 
          name: RARM_JOINT7
          index: 23
          translation: [ 0.0198425732, -0.371456088, 0.976314795 ]
          rotation: [ 
            0.459003031, -0.152244556, -0.875292987, 
            0.351045806, 0.936116807, 0.0212641954, 
            0.816139118, -0.317028262, 0.483125264 ]
        - 
          name: LLEG_JOINT5
          index: 31
          translation: [ 1.48769885e-16, 0.159999408, 0.0995002455 ]
          rotation: [ 
            1, 5.70596371e-14, 9.97474602e-10, 
            -5.7061994e-14, 1, -7.82707232e-14, 
            -9.97474658e-10, 7.82707232e-14, 1 ]
          isTouching: true
          partingDirection: [ 0, 0, 1 ]
        - 
          name: RLEG_JOINT5
          index: 37
          translation: [ 1.48769885e-16, -0.159999408, 0.0995002455 ]
          rotation: [ 
            1, -5.70596371e-14, 9.97474602e-10, 
            5.7061994e-14, 1, 7.82707232e-14, 
            -9.97474658e-10, -7.82707232e-14, 1 ]
          isTouching: true
          partingDirection: [ 0, 0, 1 ]
  - 
    time: 1
    refer: 
      type: Pose
      name: ""
      joints: [ 
        0, 1, 2, 3, 4, 5, 6, 7, 8, 9, 
        10, 11, 12, 13, 14, 15, 16, 17, 18, 19, 
        20, 21, 22, 23, 24, 25, 26, 27, 28, 29, 
        30, 31, 32, 33, 34, 35, 36 ]
      q: [ 
        7.84049729e-11, -0.0782902379, -0.337401164, 0.674802329, -0.337401163, 0.0782902379, -7.84049717e-11, 0.0782902379, -0.337401164, 0.674802329, 
        -0.337401163, -0.0782902379, 0, 0, 0, 0, 0, 0, 0.698131701, -0.34906585, 
        -0.0872664626, -1.3962634, 0, 0, -0.34906585, 0, 0.698131701, 0.34906585, 0.0872664626, -1.3962634, 
        0, 0, -0.34906585, 0, 0, 0, 0 ]
      ikLinks: 
        - 
          name: WAIST
          index: 0
          isBaseLink: true
          translation: [ 0, 0, 0.9768 ]
          rotation: [ 
            1, 0, 0, 
            0, 1, 0, 
            -0, 0, 1 ]
        - 
          name: LARM_JOINT7
          index: 13
          translation: [ 0.0198425732, 0.371456088, 0.976314795 ]
          rotation: [ 
            0.459003031, 0.152244556, -0.875292987, 
            -0.351045806, 0.936116807, -0.0212641954, 
            0.816139118, 0.317028262, 0.483125264 ]
        - 
          name: RARM_JOINT7
          index: 23
          translation: [ 0.0198425732, -0.371456088, 0.976314795 ]
          rotation: [ 
            0.459003031, -0.152244556, -0.875292987, 
            0.351045806, 0.936116807, 0.0212641954, 
            0.816139118, -0.317028262, 0.483125264 ]
        - 
          name: LLEG_JOINT5
          index: 31
          translation: [ 8.21565038e-17, 0.159999004, 0.0995000677 ]
          rotation: [ 
            1, -1.19923045e-14, 9.99571406e-10, 
            1.19904087e-14, 1, -7.83401122e-14, 
            -9.99571315e-10, 7.83401122e-14, 1 ]
          isTouching: true
          partingDirection: [ 0, 0, 1 ]
        - 
          name: RLEG_JOINT5
          index: 37
          translation: [ 1.69864123e-16, -0.159999004, 0.0995000677 ]
          rotation: [ 
            1, 1.19824124e-14, 9.99571295e-10, 
            -1.19730614e-14, 1, 7.83123566e-14, 
            -9.99571259e-10, -7.83123566e-14, 1 ]
          isTouching: true
          partingDirection: [ 0, 0, 1 ]
  - 
    time: 1.7
    refer: 
      type: Pose
      name: ""
      joints: [ 
        0, 1, 2, 3, 4, 5, 6, 7, 8, 9, 
        10, 11 ]
      q: [ 
        0.348366837, -0.0620663977, -0.315945611, 0.680080343, -0.364134732, 0.0620663977, -0.349947213, 0.0850751998, -0.300961642, 0.668245471, 
        -0.36728383, -0.0850751998 ]
      ikLinks: 
        - 
          name: LLEG_JOINT5
          index: 31
          translation: [ -1.94406198e-09, 0.189999004, 0.0995000705 ]
          rotation: [ 
            0.939390812, 0.34284822, -9.39020674e-10, 
            -0.34284822, 0.939390812, 3.42628662e-10, 
            9.99576977e-10, 7.9269924e-14, 1 ]
          isTouching: true
          partingDirection: [ 0, 0, 1 ]
        - 
          name: RLEG_JOINT5
          index: 37
          translation: [ -1.37061362e-09, -0.129999003, 0.0995000664 ]
          rotation: [ 
            0.939931468, -0.341363203, -2.14064877e-15, 
            0.341363203, 0.939931468, 6.45108966e-14, 
            -2.00950367e-14, -6.13814555e-14, 1 ]
          isTouching: true
          partingDirection: [ 0, 0, 1 ]
  - 
    time: 2.35
    refer: 
      type: Pose
      name: ""
      ikLinks: 
        - 
          name: WAIST
          index: 0
          isBaseLink: true
          translation: [ 0, 0.03, 0.9768 ]
          rotation: [ 
            1, 0, 0, 
            0, 1, 0, 
            -0, 0, 1 ]
  - 
    time: 3
    refer: 
      type: Pose
      name: ""
      joints: [ 
        0, 1, 2, 3, 4, 5, 6, 7, 8, 9, 
        10, 11 ]
      q: [ 
        0.348367546, -0.0796168405, -0.304828859, 0.671434721, -0.366605862, 0.0796168405, -0.349240093, 0.0675675495, -0.312505063, 0.677603725, 
        -0.365098661, -0.0675675495 ]
      ikLinks: 
        - 
          name: LLEG_JOINT5
          index: 31
          translation: [ -1.89964721e-09, 0.189999407, 0.0995002518 ]
          rotation: [ 
            0.939633012, 0.342183873, 9.37526275e-10, 
            -0.342183873, 0.939633012, -3.41495027e-10, 
            -9.97784799e-10, 7.35939087e-14, 1 ]
          isTouching: true
          partingDirection: [ 0, 0, 1 ]
        - 
          name: RLEG_JOINT5
          index: 37
          translation: [ -1.75521388e-08, -0.129999569, 0.0995002736 ]
          rotation: [ 
            0.939931226, -0.341363868, 6.24500451e-16, 
            0.341363868, 0.939931226, -3.40005801e-15, 
            6.66133815e-16, 3.37230244e-15, 1 ]
          isTouching: true
          partingDirection: [ 0, 0, 1 ]
  - 
    time: 3.7
    refer: 
      type: Pose
      name: ""
      joints: [ 
        0, 1, 2, 3, 4, 5, 6, 7, 8, 9, 
        10, 11 ]
      q: [ 
        -0.348368416, -0.0589231221, -0.363573859, 0.681394429, -0.317820571, 0.0589231228, 0.348368417, 0.0882561802, -0.367395021, 0.666334378, 
        -0.298939358, -0.0882561802 ]
      ikLinks: 
        - 
          name: LLEG_JOINT5
          index: 31
          translation: [ 3.61717653e-09, 0.24999941, 0.0995002502 ]
          rotation: [ 
            0.939633092, -0.342183653, 1.14491749e-16, 
            0.342183653, 0.939633092, 2.77555756e-17, 
            -1.66533454e-16, -1.38777878e-17, 1 ]
          isTouching: true
          partingDirection: [ 0, 0, 1 ]
        - 
          name: RLEG_JOINT5
          index: 37
          translation: [ 1.41658361e-08, -0.0700000237, 0.0995002915 ]
          rotation: [ 
            0.939810782, 0.341695323, -1.45716772e-16, 
            -0.341695323, 0.939810782, -1.11022302e-16, 
            5.55111512e-17, 1.52655666e-16, 1 ]
          isTouching: true
          partingDirection: [ 0, 0, 1 ]
  - 
    time: 4.35
    refer: 
      type: Pose
      name: ""
      ikLinks: 
        - 
          name: WAIST
          index: 0
          translation: [ 0, 0.09, 0.9768 ]
          rotation: [ 
            1, 0, 0, 
            0, 1, 0, 
            -0, 0, 1 ]
  - 
    time: 5
    refer: 
      type: Pose
      name: ""
      joints: [ 
        0, 1, 2, 3, 4, 5, 6, 7, 8, 9, 
        10, 11 ]
      q: [ 
        -0.348368443, -0.0809357878, -0.366744983, 0.670692727, -0.303947744, 0.0809357882, 0.349239859, 0.0662464036, -0.364892175, 0.678216852, 
        -0.313324677, -0.0662464036 ]
      ikLinks: 
        - 
          name: LLEG_JOINT5
          index: 31
          translation: [ 1.78448158e-09, 0.249999407, 0.0995002478 ]
          rotation: [ 
            0.939633092, -0.342183653, 1.60648057e-10, 
            0.342183653, 0.939633092, 3.89665862e-10, 
            -2.84287538e-10, -3.11171852e-10, 1 ]
          isTouching: true
          partingDirection: [ 0, 0, 1 ]
        - 
          name: RLEG_JOINT5
          index: 37
          translation: [ 1.77231902e-08, -0.0699995715, 0.0995002753 ]
          rotation: [ 
            0.93993092, 0.341364711, -9.40948708e-14, 
            -0.341364711, 0.93993092, 1.20708998e-13, 
            1.29674049e-13, -8.13515921e-14, 1 ]
          isTouching: true
          partingDirection: [ 0, 0, 1 ]
  - 
    time: 5.7
    refer: 
      type: Pose
      name: ""
      joints: [ 
        0, 1, 2, 3, 4, 5, 6, 7, 8, 9, 
        10, 11 ]
      q: [ 
        0.348368417, -0.0589238289, -0.317819063, 0.681391964, -0.363572901, 0.0589238292, -0.348367545, 0.0882563256, -0.298939186, 0.66633396, 
        -0.367394774, -0.0882563256 ]
      ikLinks: 
        - 
          name: LLEG_JOINT5
          index: 31
          translation: [ -3.68023311e-09, 0.30999941, 0.0995002522 ]
          rotation: [ 
            0.939931226, 0.341363867, 1.60649088e-10, 
            -0.341363867, 0.939931226, 3.89685964e-10, 
            -1.79742887e-11, -4.21117766e-10, 1 ]
          isTouching: true
          partingDirection: [ 0, 0, 1 ]
        - 
          name: RLEG_JOINT5
          index: 37
          translation: [ -1.4924382e-08, -0.0100002195, 0.0995000278 ]
          rotation: [ 
            0.939930928, -0.341364687, 1.1647662e-12, 
            0.341364687, 0.939930928, -3.63972741e-13, 
            -9.70501457e-13, 7.39672212e-13, 1 ]
          isTouching: true
          partingDirection: [ 0, 0, 1 ]
  - 
    time: 6.35
    refer: 
      type: Pose
      name: ""
      ikLinks: 
        - 
          name: WAIST
          index: 0
          translation: [ 0, 0.15, 0.9768 ]
          rotation: [ 
            1, 0, 0, 
            0, 1, 0, 
            -0, 0, 1 ]
  - 
    time: 7
    refer: 
      type: Pose
      name: ""
      joints: [ 
        0, 1, 2, 3, 4, 5, 6, 7, 8, 9, 
        10, 11 ]
      q: [ 
        0.348367546, -0.0796168405, -0.304828859, 0.671434721, -0.366605862, 0.0796168405, -0.349240093, 0.0675675495, -0.312505063, 0.677603725, 
        -0.365098661, -0.0675675495 ]
      ikLinks: 
        - 
          name: LLEG_JOINT5
          index: 31
          translation: [ -1.77993784e-09, 0.309999407, 0.0995002455 ]
          rotation: [ 
            0.939931226, 0.341363867, -6.25541285e-15, 
            -0.341363867, 0.939931226, -4.33680869e-14, 
            -8.8817842e-15, 4.29378755e-14, 1 ]
          isTouching: true
          partingDirection: [ 0, 0, 1 ]
        - 
          name: RLEG_JOINT5
          index: 37
          translation: [ -2.05554973e-08, -0.0100002631, 0.0995000379 ]
          rotation: [ 
            0.939930928, -0.341364687, 4.71844785e-16, 
            0.341364687, 0.939930928, -3.56659147e-15, 
            8.32667268e-16, 3.46944695e-15, 1 ]
          isTouching: true
          partingDirection: [ 0, 0, 1 ]
  - 
    time: 7.7
    refer: 
      type: Pose
      name: ""
      joints: [ 
        0, 1, 2, 3, 4, 5, 6, 7, 8, 9, 
        10, 11 ]
      q: [ 
        -0.000348368543, -0.0392062942, -0.344350273, 0.688671347, -0.344321075, 0.0392062945, 0.000348368437, 0.117138908, -0.325609741, 0.651132381, 
        -0.325522641, -0.117138908 ]
      ikLinks: 
        - 
          name: LLEG_JOINT5
          index: 31
          translation: [ 2.24881447e-12, 0.340000305, 0.0995000702 ]
          rotation: [ 
            0.999999939, -0.00034836841, 9.05261312e-14, 
            0.00034836841, 0.999999939, -1.08579812e-13, 
            -9.064971e-14, 1.0859369e-13, 1 ]
          isTouching: true
          partingDirection: [ 0, 0, 1 ]
        - 
          name: RLEG_JOINT5
          index: 37
          translation: [ -1.38755978e-08, 0.0200001294, 0.0995000683 ]
          rotation: [ 
            0.999999939, 0.000348368409, -7.97028047e-13, 
            -0.000348368409, 0.999999939, 1.35474965e-13, 
            7.97084621e-13, -1.35273737e-13, 1 ]
          isTouching: true
          partingDirection: [ 0, 0, 1 ]
  - 
    time: 7.9
    refer: 
      type: Pose
      name: ""
      ikLinks: 
        - 
          name: WAIST
          index: 0
          translation: [ -0, 0.18, 0.9768 ]
          rotation: [ 
            1, -9.01991904e-11, 9.37029328e-10, 
            9.01991901e-11, 1, 3.40250494e-10, 
            -9.37029328e-10, -3.40250494e-10, 1 ]
  - 
    time: 8
    refer: 
      type: Pose
      name: ""
      joints: [ 
        0, 1, 2, 3, 4, 5, 6, 7, 8, 9, 
        10, 11, 12, 13, 14, 15, 16, 17, 18, 19, 
        20, 21, 22, 23, 24, 25, 26, 27, 28, 29, 
        30, 31, 32, 33, 34, 35, 36 ]
      q: [ 
        -0.00034836858, -0.078290979, -0.337430339, 0.674802424, -0.337372085, 0.0782909794, 0.0003483684, 0.0782923253, -0.337430059, 0.674801822, 
        -0.337371765, -0.078292325, 0, 0, 0, 0, 0, 0, 0.698131701, -0.34906585, 
        -0.0872664626, -1.3962634, 0, 0, -0.34906585, 0, 0.698131701, 0.34906585, 0.0872664626, -1.3962634, 
        0, 0, -0.34906585, 0, 0, 0, 0 ]
      ikLinks: 
        - 
          name: WAIST
          index: 0
          translation: [ -0, 0.18, 0.9768 ]
          rotation: [ 
            1, -9.01991904e-11, 9.37029328e-10, 
            9.01991901e-11, 1, 3.40250494e-10, 
            -9.37029328e-10, -3.40250494e-10, 1 ]
        - 
          name: LARM_JOINT7
          index: 13
          translation: [ 0.0198425731, 0.551456088, 0.976314795 ]
          rotation: [ 
            0.459003031, 0.152244556, -0.875292986, 
            -0.351045806, 0.936116807, -0.0212641953, 
            0.816139118, 0.317028262, 0.483125265 ]
        - 
          name: RARM_JOINT7
          index: 23
          translation: [ 0.0198425732, -0.191456088, 0.976314795 ]
          rotation: [ 
            0.459003031, -0.152244557, -0.875292986, 
            0.351045806, 0.936116807, 0.0212641955, 
            0.816139117, -0.317028263, 0.483125265 ]
        - 
          name: LLEG_JOINT5
          index: 31
          translation: [ 4.38853509e-12, 0.340000609, 0.0995001296 ]
          rotation: [ 
            0.999999939, -0.00034836841, 6.91006588e-13, 
            0.00034836841, 0.999999939, -6.94860836e-14, 
            -6.90947299e-13, 6.97358837e-14, 1 ]
          isTouching: true
          partingDirection: [ 0, 0, 1 ]
        - 
          name: RLEG_JOINT5
          index: 37
          translation: [ -1.38744255e-08, 0.0200004262, 0.0995001244 ]
          rotation: [ 
            0.999999939, 0.000348368409, -2.13490582e-13, 
            -0.000348368409, 0.999999939, 1.74374404e-13, 
            2.13551399e-13, -1.74305015e-13, 1 ]
          isTouching: true
          partingDirection: [ 0, 0, 1 ]
