# Body pose sequence format version 1.0 defined by cnoid-Robotics

type: PoseSeq
name: "rotate-left-slide-wide-short"
targetBody: "JAXON_RED"
refs: 
  - 
    time: 0
    refer: 
      type: Pose
      name: ""
      joints: [ 
        0, 1, 2, 3, 4, 5, 6, 7, 8, 9, 
        10, 11, 12, 13, 14, 15, 16, 17, 18, 19, 
        20, 21, 22, 23, 24, 25, 26, 27, 28, 29, 
        30, 31, 32, 33, 34, 35, 36 ]
      q: [ 
        7.83100736e-11, -0.0782907814, -0.337401743, 0.674803487, -0.337401742, 0.0782907814, -7.83100736e-11, 0.0782907814, -0.337401743, 0.674803487, 
        -0.337401742, -0.0782907814, 0, 0, 0, 0, 0, 0, 0.698131701, -0.34906585, 
        -0.0872664626, -1.3962634, 0, 0, -0.34906585, 0, 0.698131701, 0.34906585, 0.0872664626, -1.3962634, 
        0, 0, -0.34906585, 0, 0, 0, 0 ]
      ikLinks: 
        - 
          name: WAIST
          index: 0
          isBaseLink: true
          translation: [ 0, 0, 0.9768 ]
          rotation: [ 
            1, 0, 0, 
            0, 1, 0, 
            -0, 0, 1 ]
        - 
          name: LARM_JOINT7
          index: 14
          translation: [ 0.0198425732, 0.371456088, 0.976314795 ]
          rotation: [ 
            0.459003031, 0.152244556, -0.875292987, 
            -0.351045806, 0.936116807, -0.0212641954, 
            0.816139118, 0.317028262, 0.483125264 ]
        - 
          name: RARM_JOINT7
          index: 24
          translation: [ 0.0198425732, -0.371456088, 0.976314795 ]
          rotation: [ 
            0.459003031, -0.152244556, -0.875292987, 
            0.351045806, 0.936116807, 0.0212641954, 
            0.816139118, -0.317028262, 0.483125264 ]
        - 
          name: LLEG_JOINT5
          index: 32
          translation: [ 1.48769885e-16, 0.159999408, 0.0995002455 ]
          rotation: [ 
            1, 5.70596371e-14, 9.97474602e-10, 
            -5.7061994e-14, 1, -7.82707232e-14, 
            -9.97474658e-10, 7.82707232e-14, 1 ]
          isTouching: true
          partingDirection: [ 0, 0, 1 ]
        - 
          name: RLEG_JOINT5
          index: 38
          translation: [ 1.48769885e-16, -0.159999408, 0.0995002455 ]
          rotation: [ 
            1, -5.70596371e-14, 9.97474602e-10, 
            5.7061994e-14, 1, 7.82707232e-14, 
            -9.97474658e-10, -7.82707232e-14, 1 ]
          isTouching: true
          partingDirection: [ 0, 0, 1 ]
  - 
    time: 1
    refer: 
      type: Pose
      name: ""
      joints: [ 
        0, 1, 2, 3, 4, 5, 6, 7, 8, 9, 
        10, 11, 12, 13, 14, 15, 16, 17, 18, 19, 
        20, 21, 22, 23, 24, 25, 26, 27, 28, 29, 
        30, 31, 32, 33 ]
      q: [ 
        -0.000348368338, -0.0782907767, -0.337430889, 0.674803486, -0.337372596, 0.0782907767, -0.000348368494, 0.0782907767, -0.337372597, 0.674803486, 
        -0.337430888, -0.0782907767, 0, 0, 0, 0, 0, 0, 0.698131701, -0.34906585, 
        -0.0872664626, -1.3962634, 0, 0, -0.34906585, 0, 0.698131701, 0.34906585, 0.0872664626, -1.3962634, 
        0, 0, -0.34906585, 0 ]
      ikLinks: 
        - 
          name: WAIST
          index: 0
          isBaseLink: true
          translation: [ 0, 0, 0.9768 ]
          rotation: [ 
            1, 0, 0, 
            0, 1, 0, 
            -0, 0, 1 ]
        - 
          name: LARM_JOINT7
          index: 14
          translation: [ 0.0198425732, 0.371456088, 0.976314795 ]
          rotation: [ 
            0.459003031, 0.152244556, -0.875292987, 
            -0.351045806, 0.936116807, -0.0212641954, 
            0.816139118, 0.317028262, 0.483125264 ]
        - 
          name: RARM_JOINT7
          index: 24
          translation: [ 0.0198425732, -0.371456088, 0.976314795 ]
          rotation: [ 
            0.459003031, -0.152244556, -0.875292987, 
            0.351045806, 0.936116807, 0.0212641954, 
            0.816139118, -0.317028262, 0.483125264 ]
        - 
          name: LLEG_JOINT5
          index: 32
          translation: [ -2.37166287e-12, 0.159999408, 0.0995002455 ]
          rotation: [ 
            0.999999939, 0.000348368409, 9.97474691e-10, 
            -0.000348368409, 0.999999939, -4.25687263e-13, 
            -9.97474825e-10, 7.81874565e-14, 1 ]
          isTouching: true
          partingDirection: [ 0, 0, 1 ]
        - 
          name: RLEG_JOINT5
          index: 38
          translation: [ 2.36471398e-12, -0.159999408, 0.0995002455 ]
          rotation: [ 
            0.999999939, 0.000348368409, 9.97474553e-10, 
            -0.000348368409, 0.999999939, -2.69173572e-13, 
            -9.97474603e-10, -7.82707232e-14, 1 ]
          isTouching: true
          partingDirection: [ 0, 0, 1 ]
  - 
    time: 1.7
    refer: 
      type: Pose
      name: ""
      joints: [ 
        0, 1, 2, 3, 4, 5, 6, 7, 8, 9, 
        10, 11 ]
      q: [ 
        -0.349947108, -0.062031298, -0.364239888, 0.680080605, -0.315840716, 0.062031298, -0.349947213, 0.0850757134, -0.300962015, 0.668246621, 
        -0.367284607, -0.0850757134 ]
      ikLinks: 
        - 
          name: LLEG_JOINT5
          index: 32
          translation: [ -3.42711667e-09, 0.189999409, 0.0995002515 ]
          rotation: [ 
            0.939390812, 0.34284822, -9.37281832e-10, 
            -0.34284822, 0.939390812, 3.41994072e-10, 
            9.97726068e-10, 7.92838017e-14, 1 ]
          isTouching: true
          partingDirection: [ 0, 0, 1 ]
        - 
          name: RLEG_JOINT5
          index: 38
          translation: [ 1.42098787e-09, -0.129999406, 0.099500245 ]
          rotation: [ 
            0.939390848, 0.342848122, -1.07136522e-14, 
            -0.342848122, 0.939390848, 7.60988494e-14, 
            3.61932706e-14, -6.7820749e-14, 1 ]
          isTouching: true
          partingDirection: [ 0, 0, 1 ]
  - 
    time: 2.35
    refer: 
      type: Pose
      name: ""
      ikLinks: 
        - 
          name: WAIST
          index: 0
          isBaseLink: true
          translation: [ 0, 0.03, 0.9768 ]
          rotation: [ 
            1, 0, 0, 
            0, 1, 0, 
            -0, 0, 1 ]
  - 
    time: 3
    refer: 
      type: Pose
      name: ""
      joints: [ 
        0, 1, 2, 3, 4, 5, 6, 7, 8, 9, 
        10, 11 ]
      q: [ 
        -0.349239044, -0.0795915249, -0.366679418, 0.67143377, -0.304754352, 0.0795915249, -0.349240093, 0.0675675495, -0.312505063, 0.677603725, 
        -0.365098661, -0.0675675495 ]
      ikLinks: 
        - 
          name: LLEG_JOINT5
          index: 32
          translation: [ -1.89964721e-09, 0.189999407, 0.0995002518 ]
          rotation: [ 
            0.939633012, 0.342183873, 9.37526275e-10, 
            -0.342183873, 0.939633012, -3.41495027e-10, 
            -9.97784799e-10, 7.35939087e-14, 1 ]
          isTouching: true
          partingDirection: [ 0, 0, 1 ]
        - 
          name: RLEG_JOINT5
          index: 38
          translation: [ 2.94425778e-09, -0.129999409, 0.0995002479 ]
          rotation: [ 
            0.939633371, 0.342182887, -1.50851553e-14, 
            -0.342182887, 0.939633371, 8.37663272e-14, 
            4.27435864e-14, -7.3580031e-14, 1 ]
          isTouching: true
          partingDirection: [ 0, 0, 1 ]
  - 
    time: 3.7
    refer: 
      type: Pose
      name: ""
      joints: [ 
        0, 1, 2, 3, 4, 5, 6, 7, 8, 9, 
        10, 11 ]
      q: [ 
        0.348368417, -0.058922981, -0.317820619, 0.681394378, -0.363573761, 0.058922981, 0.348368417, 0.0882561802, -0.367395021, 0.666334378, 
        -0.298939358, -0.0882561802 ]
      ikLinks: 
        - 
          name: LLEG_JOINT5
          index: 32
          translation: [ 3.73442691e-09, 0.24999941, 0.0995002501 ]
          rotation: [ 
            0.939633092, -0.342183653, -1.9064611e-14, 
            0.342183653, 0.939633092, -1.11674558e-13, 
            5.6177285e-14, 9.83935156e-14, 1 ]
          isTouching: true
          partingDirection: [ 0, 0, 1 ]
        - 
          name: RLEG_JOINT5
          index: 38
          translation: [ -1.09777389e-09, -0.0699994054, 0.0995002446 ]
          rotation: [ 
            0.939633092, -0.342183653, -2.06779038e-15, 
            0.342183653, 0.939633092, 5.10980147e-14, 
            -1.55431223e-14, -4.87110352e-14, 1 ]
          isTouching: true
          partingDirection: [ 0, 0, 1 ]
  - 
    time: 4.35
    refer: 
      type: Pose
      name: ""
      ikLinks: 
        - 
          name: WAIST
          index: 0
          translation: [ 0, 0.09, 0.9768 ]
          rotation: [ 
            1, 0, 0, 
            0, 1, 0, 
            -0, 0, 1 ]
  - 
    time: 5
    refer: 
      type: Pose
      name: ""
      joints: [ 
        0, 1, 2, 3, 4, 5, 6, 7, 8, 9, 
        10, 11 ]
      q: [ 
        0.348342078, -0.0809363644, -0.303950085, 0.670692656, -0.366742571, 0.0809363647, 0.349239859, 0.0662464036, -0.364892175, 0.678216852, 
        -0.313324677, -0.0662464036 ]
      ikLinks: 
        - 
          name: LLEG_JOINT5
          index: 32
          translation: [ 1.78448155e-09, 0.249999407, 0.0995002478 ]
          rotation: [ 
            0.939633092, -0.342183653, 1.60647984e-10, 
            0.342183653, 0.939633092, 3.89665855e-10, 
            -2.84287371e-10, -3.11171852e-10, 1 ]
          isTouching: true
          partingDirection: [ 0, 0, 1 ]
        - 
          name: RLEG_JOINT5
          index: 38
          translation: [ -3.05033682e-09, -0.0699994088, 0.0995002489 ]
          rotation: [ 
            0.939939919, -0.34133993, 2.63054308e-10, 
            0.34133993, 0.939939919, 1.07791373e-10, 
            -2.84048729e-10, -1.15265159e-11, 1 ]
          isTouching: true
          partingDirection: [ 0, 0, 1 ]
  - 
    time: 5.7
    refer: 
      type: Pose
      name: ""
      joints: [ 
        0, 1, 2, 3, 4, 5, 6, 7, 8, 9, 
        10, 11 ]
      q: [ 
        -0.348367545, -0.0589228733, -0.363573514, 0.681394094, -0.31782058, 0.0589228733, -0.348367545, 0.0882563256, -0.298939186, 0.66633396, 
        -0.367394774, -0.0882563256 ]
      ikLinks: 
        - 
          name: LLEG_JOINT5
          index: 32
          translation: [ -3.68023303e-09, 0.30999941, 0.0995002522 ]
          rotation: [ 
            0.939931226, 0.341363867, 1.60649001e-10, 
            -0.341363867, 0.939931226, 3.89686089e-10, 
            -1.79740667e-11, -4.21117946e-10, 1 ]
          isTouching: true
          partingDirection: [ 0, 0, 1 ]
        - 
          name: RLEG_JOINT5
          index: 38
          translation: [ 1.14056733e-09, -0.00999940549, 0.0995002472 ]
          rotation: [ 
            0.939931226, 0.341363867, 1.60650198e-10, 
            -0.341363867, 0.939931226, 3.89751183e-10, 
            -1.79531945e-11, -4.21179536e-10, 1 ]
          isTouching: true
          partingDirection: [ 0, 0, 1 ]
  - 
    time: 6.35
    refer: 
      type: Pose
      name: ""
      ikLinks: 
        - 
          name: WAIST
          index: 0
          translation: [ 0, 0.15, 0.9768 ]
          rotation: [ 
            1, 0, 0, 
            0, 1, 0, 
            -0, 0, 1 ]
  - 
    time: 7
    refer: 
      type: Pose
      name: ""
      joints: [ 
        0, 1, 2, 3, 4, 5, 6, 7, 8, 9, 
        10, 11 ]
      q: [ 
        -0.348367545, -0.0809357447, -0.366744875, 0.670692761, -0.303947886, 0.0809357447, -0.348367545, 0.0662672402, -0.313386922, 0.678217683, 
        -0.36483076, -0.0662672402 ]
      ikLinks: 
        - 
          name: LLEG_JOINT5
          index: 32
          translation: [ -1.7799378e-09, 0.309999407, 0.0995002455 ]
          rotation: [ 
            0.939931226, 0.341363867, -6.29357677e-15, 
            -0.341363867, 0.939931226, -4.35623759e-14, 
            -8.93729535e-15, 4.30211422e-14, 1 ]
          isTouching: true
          partingDirection: [ 0, 0, 1 ]
        - 
          name: RLEG_JOINT5
          index: 38
          translation: [ 3.05058621e-09, -0.00999940878, 0.0995002482 ]
          rotation: [ 
            0.939931226, 0.341363867, -1.5990681e-14, 
            -0.341363867, 0.939931226, 3.28764793e-14, 
            2.62567745e-14, -2.54518628e-14, 1 ]
          isTouching: true
          partingDirection: [ 0, 0, 1 ]
  - 
    time: 7.7
    refer: 
      type: Pose
      name: ""
      joints: [ 
        0, 1, 2, 3, 4, 5, 6, 7, 8, 9, 
        10, 11 ]
      q: [ 
        0.000348368222, -0.111563367, -0.327546438, 0.655175724, -0.327629286, 0.111563368, 0.000348368369, 0.0448460487, -0.34364356, 0.687253738, 
        -0.343610179, -0.0448460484 ]
      ikLinks: 
        - 
          name: LLEG_JOINT5
          index: 32
          translation: [ -1.47727262e-08, 0.340000496, 0.0995000733 ]
          rotation: [ 
            0.999999939, -0.00034836841, -5.24585915e-13, 
            0.00034836841, 0.999999939, -1.47749868e-13, 
            5.24802424e-13, 1.47604151e-13, 1 ]
          isTouching: true
          partingDirection: [ 0, 0, 1 ]
        - 
          name: RLEG_JOINT5
          index: 38
          translation: [ 3.82955358e-08, 0.0199998185, 0.0995001354 ]
          rotation: [ 
            0.999999939, -0.00034836841, -1.34448478e-12, 
            0.00034836841, 0.999999939, -1.90426841e-12, 
            1.34525724e-12, 1.90381044e-12, 1 ]
          isTouching: true
          partingDirection: [ 0, 0, 1 ]
  - 
    time: 7.9
    refer: 
      type: Pose
      name: ""
      ikLinks: 
        - 
          name: WAIST
          index: 0
          translation: [ 0, 0.18, 0.9768 ]
          rotation: [ 
            1, 0, 0, 
            0, 1, 0, 
            -0, 0, 1 ]
  - 
    time: 8
    refer: 
      type: Pose
      name: ""
      joints: [ 
        0, 1, 2, 3, 4, 5, 6, 7, 8, 9, 
        10, 11, 12, 13, 14, 15, 16, 17, 18, 19, 
        20, 21, 22, 23, 24, 25, 26, 27, 28, 29, 
        30, 31, 32, 33, 34, 35, 36 ]
      q: [ 
        0.000348368415, -0.0782922025, -0.337372131, 0.674802443, -0.337430312, 0.0782922025, 0.000348368415, 0.0782917606, -0.337430161, 0.674802066, 
        -0.337371905, -0.0782917606, 0, 0, 0, 0, 0, 0, 0.698131701, -0.34906585, 
        -0.0872664626, -1.3962634, 0, 0, -0.34906585, 0, 0.698131701, 0.34906585, 0.0872664626, -1.3962634, 
        0, 0, -0.34906585, 0, 0, 0, 0 ]
      ikLinks: 
        - 
          name: WAIST
          index: 0
          translation: [ -0, 0.18, 0.9768 ]
          rotation: [ 
            1, -1.95911132e-12, -1.16573418e-14, 
            1.95911132e-12, 1, -4.31452147e-14, 
            1.16573418e-14, 4.31452147e-14, 1 ]
        - 
          name: LARM_JOINT7
          index: 14
          translation: [ 0.0198425732, 0.551456088, 0.976314795 ]
          rotation: [ 
            0.459003031, 0.152244556, -0.875292987, 
            -0.351045806, 0.936116807, -0.0212641954, 
            0.816139118, 0.317028262, 0.483125264 ]
        - 
          name: RARM_JOINT7
          index: 24
          translation: [ 0.0198425732, -0.191456088, 0.976314795 ]
          rotation: [ 
            0.459003031, -0.152244556, -0.875292987, 
            0.351045806, 0.936116807, 0.0212641954, 
            0.816139118, -0.317028262, 0.483125264 ]
        - 
          name: LLEG_JOINT5
          index: 32
          translation: [ -1.28509509e-08, 0.340000175, 0.0995001264 ]
          rotation: [ 
            0.999999939, -0.00034836841, -6.89485158e-15, 
            0.00034836841, 0.999999939, -3.87745391e-14, 
            6.8278716e-15, 3.87606613e-14, 1 ]
          isTouching: true
          partingDirection: [ 0, 0, 1 ]
        - 
          name: RLEG_JOINT5
          index: 38
          translation: [ 4.01545966e-08, 0.019999491, 0.0995002002 ]
          rotation: [ 
            0.999999939, -0.00034836841, 1.16996595e-14, 
            0.00034836841, 0.999999939, -3.98708844e-14, 
            -1.16573418e-14, 3.98708844e-14, 1 ]
          isTouching: true
          partingDirection: [ 0, 0, 1 ]
