# Body pose sequence format version 1.0 defined by cnoid-Robotics

type: PoseSeq
name: "left-crab"
targetBody: "JAXON_RED"
refs: 
  - 
    time: 0
    refer: 
      type: Pose
      name: ""
      joints: [ 
        0, 1, 2, 3, 4, 5, 6, 7, 8, 9, 
        10, 11, 12, 13, 14, 15, 16, 17, 18, 19, 
        20, 21, 22, 23, 24, 25, 26, 27, 28, 29, 
        30, 31, 32, 33, 34, 35, 36 ]
      q: [ 
        7.83100736e-11, -0.0782907814, -0.337401743, 0.674803487, -0.337401742, 0.0782907814, -7.83100736e-11, 0.0782907814, -0.337401743, 0.674803487, 
        -0.337401742, -0.0782907814, 0, 0, 0, 0, 0, 0, 0.698131701, -0.34906585, 
        -0.0872664626, -1.3962634, 0, 0, -0.34906585, 0, 0.698131701, 0.34906585, 0.0872664626, -1.3962634, 
        0, 0, -0.34906585, 0, 0, 0, 0 ]
      ikLinks: 
        - 
          name: WAIST
          index: 0
          isBaseLink: true
          translation: [ 0, 0, 0.9768 ]
          rotation: [ 
            1, 0, 0, 
            0, 1, 0, 
            -0, 0, 1 ]
        - 
          name: LARM_JOINT7
          index: 14
          translation: [ 0.0198425732, 0.371456088, 0.976314795 ]
          rotation: [ 
            0.459003031, 0.152244556, -0.875292987, 
            -0.351045806, 0.936116807, -0.0212641954, 
            0.816139118, 0.317028262, 0.483125264 ]
        - 
          name: RARM_JOINT7
          index: 24
          translation: [ 0.0198425732, -0.371456088, 0.976314795 ]
          rotation: [ 
            0.459003031, -0.152244556, -0.875292987, 
            0.351045806, 0.936116807, 0.0212641954, 
            0.816139118, -0.317028262, 0.483125264 ]
        - 
          name: LLEG_JOINT5
          index: 32
          translation: [ 1.48769885e-16, 0.159999408, 0.0995002455 ]
          rotation: [ 
            1, 5.70596371e-14, 9.97474602e-10, 
            -5.7061994e-14, 1, -7.82707232e-14, 
            -9.97474658e-10, 7.82707232e-14, 1 ]
          isTouching: true
          partingDirection: [ 0, 0, 1 ]
        - 
          name: RLEG_JOINT5
          index: 38
          translation: [ 1.48769885e-16, -0.159999408, 0.0995002455 ]
          rotation: [ 
            1, -5.70596371e-14, 9.97474602e-10, 
            5.7061994e-14, 1, 7.82707232e-14, 
            -9.97474658e-10, -7.82707232e-14, 1 ]
          isTouching: true
          partingDirection: [ 0, 0, 1 ]
  - 
    time: 1
    refer: 
      type: Pose
      name: ""
      joints: [ 
        0, 1, 2, 3, 4, 5, 6, 7, 8, 9, 
        10, 11, 12, 13, 14, 15, 16, 17, 18, 19, 
        20, 21, 22, 23, 24, 25, 26, 27, 28, 29, 
        30, 31, 32, 33, 34, 35, 36 ]
      q: [ 
        7.84049729e-11, -0.0782902379, -0.337401164, 0.674802329, -0.337401163, 0.0782902379, -7.84049717e-11, 0.0782902379, -0.337401164, 0.674802329, 
        -0.337401163, -0.0782902379, 0, 0, 0, 0, 0, 0, 0.698131701, -0.34906585, 
        -0.0872664626, -1.3962634, 0, 0, -0.34906585, 0, 0.698131701, 0.34906585, 0.0872664626, -1.3962634, 
        0, 0, -0.34906585, 0, 0, 0, 0 ]
      ikLinks: 
        - 
          name: WAIST
          index: 0
          isBaseLink: true
          translation: [ 0, 0, 0.9768 ]
          rotation: [ 
            1, 0, 0, 
            0, 1, 0, 
            -0, 0, 1 ]
        - 
          name: LARM_JOINT7
          index: 14
          translation: [ 0.0198425732, 0.371456088, 0.976314795 ]
          rotation: [ 
            0.459003031, 0.152244556, -0.875292987, 
            -0.351045806, 0.936116807, -0.0212641954, 
            0.816139118, 0.317028262, 0.483125264 ]
        - 
          name: RARM_JOINT7
          index: 24
          translation: [ 0.0198425732, -0.371456088, 0.976314795 ]
          rotation: [ 
            0.459003031, -0.152244556, -0.875292987, 
            0.351045806, 0.936116807, 0.0212641954, 
            0.816139118, -0.317028262, 0.483125264 ]
        - 
          name: LLEG_JOINT5
          index: 32
          translation: [ 8.21565038e-17, 0.159999004, 0.0995000677 ]
          rotation: [ 
            1, -1.19923045e-14, 9.99571406e-10, 
            1.19904087e-14, 1, -7.83401122e-14, 
            -9.99571315e-10, 7.83401122e-14, 1 ]
          isTouching: true
          partingDirection: [ 0, 0, 1 ]
        - 
          name: RLEG_JOINT5
          index: 38
          translation: [ 1.69864123e-16, -0.159999004, 0.0995000677 ]
          rotation: [ 
            1, 1.19824124e-14, 9.99571295e-10, 
            -1.19730614e-14, 1, 7.83123566e-14, 
            -9.99571259e-10, -7.83123566e-14, 1 ]
          isTouching: true
          partingDirection: [ 0, 0, 1 ]
  - 
    time: 1.7
    refer: 
      type: Pose
      name: ""
      joints: [ 
        0, 1, 2, 3, 4, 5, 6, 7, 8, 9, 
        10, 11 ]
      q: [ 
        0.348366837, -0.0620663977, -0.315945611, 0.680080343, -0.364134732, 0.0620663977, -0.349947213, 0.0850751998, -0.300961642, 0.668245471, 
        -0.36728383, -0.0850751998 ]
      ikLinks: 
        - 
          name: LLEG_JOINT5
          index: 32
          translation: [ -1.94406198e-09, 0.189999004, 0.0995000705 ]
          rotation: [ 
            0.939390812, 0.34284822, -9.39020674e-10, 
            -0.34284822, 0.939390812, 3.42628662e-10, 
            9.99576977e-10, 7.9269924e-14, 1 ]
          isTouching: true
          partingDirection: [ 0, 0, 1 ]
        - 
          name: RLEG_JOINT5
          index: 38
          translation: [ -1.37061362e-09, -0.129999003, 0.0995000664 ]
          rotation: [ 
            0.939931468, -0.341363203, -2.14064877e-15, 
            0.341363203, 0.939931468, 6.45108966e-14, 
            -2.00950367e-14, -6.13814555e-14, 1 ]
          isTouching: true
          partingDirection: [ 0, 0, 1 ]
  - 
    time: 1.9
    refer: 
      type: Pose
      name: ""
      ikLinks: 
        - 
          name: WAIST
          index: 0
          isBaseLink: true
          translation: [ 0, 0.03, 0.9768 ]
          rotation: [ 
            1, 0, 0, 
            0, 1, 0, 
            -0, 0, 1 ]
  - 
    time: 2
    refer: 
      type: Pose
      name: ""
      joints: [ 
        0, 1, 2, 3, 4, 5, 6, 7, 8, 9, 
        10, 11 ]
      q: [ 
        0.348367546, -0.0796168405, -0.304828859, 0.671434721, -0.366605862, 0.0796168405, -0.349240093, 0.0675675495, -0.312505063, 0.677603725, 
        -0.365098661, -0.0675675495 ]
      ikLinks: 
        - 
          name: LLEG_JOINT5
          index: 32
          translation: [ -1.89964721e-09, 0.189999407, 0.0995002518 ]
          rotation: [ 
            0.939633012, 0.342183873, 9.37526275e-10, 
            -0.342183873, 0.939633012, -3.41495027e-10, 
            -9.97784799e-10, 7.35939087e-14, 1 ]
          isTouching: true
          partingDirection: [ 0, 0, 1 ]
        - 
          name: RLEG_JOINT5
          index: 38
          translation: [ -1.75521388e-08, -0.129999569, 0.0995002736 ]
          rotation: [ 
            0.939931226, -0.341363868, 6.24500451e-16, 
            0.341363868, 0.939931226, -3.40005801e-15, 
            6.66133815e-16, 3.37230244e-15, 1 ]
          isTouching: true
          partingDirection: [ 0, 0, 1 ]
  - 
    time: 2.7
    refer: 
      type: Pose
      name: ""
      joints: [ 
        0, 1, 2, 3, 4, 5, 6, 7, 8, 9, 
        10, 11 ]
      q: [ 
        -0.348367545, -0.0584000758, -0.36347639, 0.681605054, -0.318128664, 0.0584000758, 0.349239859, 0.0887489442, -0.367515013, 0.666006795, 
        -0.298491782, -0.0887489442 ]
      ikLinks: 
        - 
          name: LLEG_JOINT5
          index: 32
          translation: [ 3.73442691e-09, 0.24999941, 0.0995002501 ]
          rotation: [ 
            0.939633092, -0.342183653, -1.9064611e-14, 
            0.342183653, 0.939633092, -1.11674558e-13, 
            5.6177285e-14, 9.83935156e-14, 1 ]
          isTouching: true
          partingDirection: [ 0, 0, 1 ]
        - 
          name: RLEG_JOINT5
          index: 38
          translation: [ 1.3904622e-08, -0.0699995238, 0.0995002585 ]
          rotation: [ 
            0.939931226, 0.341363867, -1.02348685e-15, 
            -0.341363867, 0.939931226, -2.36616282e-15, 
            1.11022302e-16, 2.55351296e-15, 1 ]
          isTouching: true
          partingDirection: [ 0, 0, 1 ]
  - 
    time: 2.9
    refer: 
      type: Pose
      name: ""
      ikLinks: 
        - 
          name: WAIST
          index: 0
          translation: [ 0, 0.09, 0.9768 ]
          rotation: [ 
            1, 0, 0, 
            0, 1, 0, 
            -0, 0, 1 ]
  - 
    time: 3
    refer: 
      type: Pose
      name: ""
      joints: [ 
        0, 1, 2, 3, 4, 5, 6, 7, 8, 9, 
        10, 11 ]
      q: [ 
        -0.348368443, -0.0809357878, -0.366744983, 0.670692727, -0.303947744, 0.0809357882, 0.349239859, 0.0662464036, -0.364892175, 0.678216852, 
        -0.313324677, -0.0662464036 ]
      ikLinks: 
        - 
          name: LLEG_JOINT5
          index: 32
          translation: [ 1.78448158e-09, 0.249999407, 0.0995002478 ]
          rotation: [ 
            0.939633092, -0.342183653, 1.60648057e-10, 
            0.342183653, 0.939633092, 3.89665862e-10, 
            -2.84287538e-10, -3.11171852e-10, 1 ]
          isTouching: true
          partingDirection: [ 0, 0, 1 ]
        - 
          name: RLEG_JOINT5
          index: 38
          translation: [ 1.77231902e-08, -0.0699995715, 0.0995002753 ]
          rotation: [ 
            0.93993092, 0.341364711, -9.40948708e-14, 
            -0.341364711, 0.93993092, 1.20708998e-13, 
            1.29674049e-13, -8.13515921e-14, 1 ]
          isTouching: true
          partingDirection: [ 0, 0, 1 ]
  - 
    time: 3.7
    refer: 
      type: Pose
      name: ""
      joints: [ 
        0, 1, 2, 3, 4, 5, 6, 7, 8, 9, 
        10, 11 ]
      q: [ 
        0.348368417, -0.0589238289, -0.317819063, 0.681391964, -0.363572901, 0.0589238292, -0.348367545, 0.0882563256, -0.298939186, 0.66633396, 
        -0.367394774, -0.0882563256 ]
      ikLinks: 
        - 
          name: LLEG_JOINT5
          index: 32
          translation: [ -3.68023311e-09, 0.30999941, 0.0995002522 ]
          rotation: [ 
            0.939931226, 0.341363867, 1.60649088e-10, 
            -0.341363867, 0.939931226, 3.89685964e-10, 
            -1.79742887e-11, -4.21117766e-10, 1 ]
          isTouching: true
          partingDirection: [ 0, 0, 1 ]
        - 
          name: RLEG_JOINT5
          index: 38
          translation: [ -1.4924382e-08, -0.0100002195, 0.0995000278 ]
          rotation: [ 
            0.939930928, -0.341364687, 1.1647662e-12, 
            0.341364687, 0.939930928, -3.63972741e-13, 
            -9.70501457e-13, 7.39672212e-13, 1 ]
          isTouching: true
          partingDirection: [ 0, 0, 1 ]
  - 
    time: 3.9
    refer: 
      type: Pose
      name: ""
      ikLinks: 
        - 
          name: WAIST
          index: 0
          translation: [ 0, 0.15, 0.9768 ]
          rotation: [ 
            1, 0, 0, 
            0, 1, 0, 
            -0, 0, 1 ]
  - 
    time: 4
    refer: 
      type: Pose
      name: ""
      joints: [ 
        0, 1, 2, 3, 4, 5, 6, 7, 8, 9, 
        10, 11 ]
      q: [ 
        0.348368417, -0.0809367327, -0.303946261, 0.670690493, -0.366744232, 0.0809367327, -0.348367545, 0.0662672402, -0.313386922, 0.678217683, 
        -0.36483076, -0.0662672402 ]
      ikLinks: 
        - 
          name: LLEG_JOINT5
          index: 32
          translation: [ -1.77993784e-09, 0.309999407, 0.0995002455 ]
          rotation: [ 
            0.939931226, 0.341363867, -6.25541285e-15, 
            -0.341363867, 0.939931226, -4.33680869e-14, 
            -8.8817842e-15, 4.29378755e-14, 1 ]
          isTouching: true
          partingDirection: [ 0, 0, 1 ]
        - 
          name: RLEG_JOINT5
          index: 38
          translation: [ -2.05554973e-08, -0.0100002631, 0.0995000379 ]
          rotation: [ 
            0.939930928, -0.341364687, 4.71844785e-16, 
            0.341364687, 0.939930928, -3.56659147e-15, 
            8.32667268e-16, 3.46944695e-15, 1 ]
          isTouching: true
          partingDirection: [ 0, 0, 1 ]
  - 
    time: 4.7
    refer: 
      type: Pose
      name: ""
      joints: [ 
        0, 1, 2, 3, 4, 5, 6, 7, 8, 9, 
        10, 11 ]
      q: [ 
        -0.348368416, -0.0589231221, -0.363573859, 0.681394429, -0.317820571, 0.0589231228, 0.348368417, 0.0882561802, -0.367395021, 0.666334378, 
        -0.298939358, -0.0882561802 ]
      ikLinks: 
        - 
          name: LLEG_JOINT5
          index: 32
          translation: [ 3.6802305e-09, 0.36999941, 0.09950025 ]
          rotation: [ 
            0.939930928, -0.341364687, 2.07106901e-12, 
            0.341364687, 0.939930928, 7.19757587e-13, 
            -2.19246843e-12, 3.05172554e-14, 1 ]
          isTouching: true
          partingDirection: [ 0, 0, 1 ]
        - 
          name: RLEG_JOINT5
          index: 38
          translation: [ 1.39505968e-08, 0.0500004754, 0.0995002587 ]
          rotation: [ 
            0.939930929, 0.341364686, -2.18421461e-12, 
            -0.341364686, 0.939930929, -4.70734562e-13, 
            1.89231963e-12, 1.18808435e-12, 1 ]
          isTouching: true
          partingDirection: [ 0, 0, 1 ]
  - 
    time: 4.9
    refer: 
      type: Pose
      name: ""
      ikLinks: 
        - 
          name: WAIST
          index: 0
          translation: [ 0, 0.21, 0.9768 ]
          rotation: [ 
            1, 0, 0, 
            0, 1, 0, 
            -0, 0, 1 ]
  - 
    time: 5
    refer: 
      type: Pose
      name: ""
      joints: [ 
        0, 1, 2, 3, 4, 5, 6, 7, 8, 9, 
        10, 11 ]
      q: [ 
        -0.348368416, -0.0809360421, -0.366745266, 0.670693104, -0.303947838, 0.0809360421, 0.348368417, 0.0662670997, -0.36483096, 0.678218052, 
        -0.313387092, -0.0662670997 ]
      ikLinks: 
        - 
          name: LLEG_JOINT5
          index: 32
          translation: [ 1.77993377e-09, 0.369999407, 0.0995002455 ]
          rotation: [ 
            0.939930928, -0.341364687, -1.30936928e-14, 
            0.341364687, 0.939930928, -3.75324771e-14, 
            2.51465515e-14, 3.07809334e-14, 1 ]
          isTouching: true
          partingDirection: [ 0, 0, 1 ]
        - 
          name: RLEG_JOINT5
          index: 38
          translation: [ 1.77248968e-08, 0.0500004285, 0.0995002746 ]
          rotation: [ 
            0.939930929, 0.341364686, -1.1969592e-15, 
            -0.341364686, 0.939930929, -3.45556916e-15, 
            1.11022302e-16, 3.66373598e-15, 1 ]
          isTouching: true
          partingDirection: [ 0, 0, 1 ]
  - 
    time: 5.7
    refer: 
      type: Pose
      name: ""
      joints: [ 
        0, 1, 2, 3, 4, 5, 6, 7, 8, 9, 
        10, 11 ]
      q: [ 
        0.348368416, -0.058923251, -0.317820737, 0.681394859, -0.363574122, 0.058923251, -0.348368416, 0.088256065, -0.298939686, 0.666334943, 
        -0.367395257, -0.088256065 ]
      ikLinks: 
        - 
          name: LLEG_JOINT5
          index: 32
          translation: [ -3.68021912e-09, 0.42999941, 0.09950025 ]
          rotation: [ 
            0.939930929, 0.341364686, -1.42490186e-14, 
            -0.341364686, 0.939930929, -1.42524881e-14, 
            8.77076189e-15, 1.83325577e-14, 1 ]
          isTouching: true
          partingDirection: [ 0, 0, 1 ]
        - 
          name: RLEG_JOINT5
          index: 38
          translation: [ -1.39506136e-08, 0.110000475, 0.0995002587 ]
          rotation: [ 
            0.939930929, -0.341364686, 3.71230824e-16, 
            0.341364686, 0.939930929, -2.64371858e-15, 
            6.66133815e-16, 2.56045185e-15, 1 ]
          isTouching: true
          partingDirection: [ 0, 0, 1 ]
  - 
    time: 5.9
    refer: 
      type: Pose
      name: ""
      ikLinks: 
        - 
          name: WAIST
          index: 0
          translation: [ 0, 0.27, 0.9768 ]
          rotation: [ 
            1, 0, 0, 
            0, 1, 0, 
            -0, 0, 1 ]
  - 
    time: 6
    refer: 
      type: Pose
      name: ""
      joints: [ 
        0, 1, 2, 3, 4, 5, 6, 7, 8, 9, 
        10, 11 ]
      q: [ 
        0.348368416, -0.0809361718, -0.303947974, 0.670693474, -0.3667455, 0.0809361718, -0.348368416, 0.0662669813, -0.313387386, 0.678218545, 
        -0.364831159, -0.0662669813 ]
      ikLinks: 
        - 
          name: LLEG_JOINT5
          index: 32
          translation: [ -1.77992477e-09, 0.429999407, 0.0995002455 ]
          rotation: [ 
            0.939930929, 0.341364686, -1.20771448e-14, 
            -0.341364686, 0.939930929, -1.52239332e-14, 
            6.10622664e-15, 1.84574578e-14, 1 ]
          isTouching: true
          partingDirection: [ 0, 0, 1 ]
        - 
          name: RLEG_JOINT5
          index: 38
          translation: [ -1.77248978e-08, 0.110000429, 0.0995002746 ]
          rotation: [ 
            0.939930929, -0.341364686, 4.30211422e-16, 
            0.341364686, 0.939930929, -3.59434704e-15, 
            8.32667268e-16, 3.5249581e-15, 1 ]
          isTouching: true
          partingDirection: [ 0, 0, 1 ]
  - 
    time: 6.7
    refer: 
      type: Pose
      name: ""
      joints: [ 
        0, 1, 2, 3, 4, 5, 6, 7, 8, 9, 
        10, 11 ]
      q: [ 
        -0.348368416, -0.0589233812, -0.363574467, 0.681395451, -0.317820985, 0.0589233812, 0.348368416, 0.0882559519, -0.367395568, 0.666335656, 
        -0.298940088, -0.0882559519 ]
      ikLinks: 
        - 
          name: LLEG_JOINT5
          index: 32
          translation: [ 3.68020757e-09, 0.48999941, 0.09950025 ]
          rotation: [ 
            0.939930929, -0.341364686, -1.83048021e-14, 
            0.341364686, 0.939930929, -1.2947976e-14, 
            2.15383267e-14, 5.89805982e-15, 1 ]
          isTouching: true
          partingDirection: [ 0, 0, 1 ]
        - 
          name: RLEG_JOINT5
          index: 38
          translation: [ 1.39506073e-08, 0.170000475, 0.099500261 ]
          rotation: [ 
            0.939930929, 0.341364686, 1.47096224e-12, 
            -0.341364686, 0.939930929, 3.26246669e-12, 
            -2.68951528e-13, -3.56870783e-12, 1 ]
          isTouching: true
          partingDirection: [ 0, 0, 1 ]
  - 
    time: 6.9
    refer: 
      type: Pose
      name: ""
      ikLinks: 
        - 
          name: WAIST
          index: 0
          translation: [ 0, 0.33, 0.9768 ]
          rotation: [ 
            1, 0, 0, 
            0, 1, 0, 
            -0, 0, 1 ]
  - 
    time: 7
    refer: 
      type: Pose
      name: ""
      joints: [ 
        0, 1, 2, 3, 4, 5, 6, 7, 8, 9, 
        10, 11 ]
      q: [ 
        -0.348368416, -0.080936304, -0.366745807, 0.67069399, -0.303948183, 0.080936304, 0.348368416, 0.0662668643, -0.36483143, 0.678219182, 
        -0.313387752, -0.0662668643 ]
      ikLinks: 
        - 
          name: LLEG_JOINT5
          index: 32
          translation: [ 1.77991513e-09, 0.489999407, 0.0995002455 ]
          rotation: [ 
            0.939930929, -0.341364686, -1.7132129e-14, 
            0.341364686, 0.939930929, -1.26842981e-14, 
            2.0206059e-14, 6.20337115e-15, 1 ]
          isTouching: true
          partingDirection: [ 0, 0, 1 ]
        - 
          name: RLEG_JOINT5
          index: 38
          translation: [ 1.77249044e-08, 0.170000429, 0.0995002746 ]
          rotation: [ 
            0.939930929, 0.341364686, -8.70831185e-16, 
            -0.341364686, 0.939930929, -3.51108032e-15, 
            -4.4408921e-16, 3.56659147e-15, 1 ]
          isTouching: true
          partingDirection: [ 0, 0, 1 ]
  - 
    time: 7.7
    refer: 
      type: Pose
      name: ""
      joints: [ 
        0, 1, 2, 3, 4, 5, 6, 7, 8, 9, 
        10, 11 ]
      q: [ 
        0.348368416, -0.0589235131, -0.317821301, 0.681396181, -0.36357488, 0.0589235131, -0.348368416, 0.0882558414, -0.298940578, 0.666336545, 
        -0.367395968, -0.0882558414 ]
      ikLinks: 
        - 
          name: LLEG_JOINT5
          index: 32
          translation: [ -3.68015414e-09, 0.54999941, 0.0995002499 ]
          rotation: [ 
            0.939930929, 0.341364686, -2.0601576e-14, 
            -0.341364686, 0.939930929, 1.41414658e-14, 
            2.40363285e-14, -6.28663788e-15, 1 ]
          isTouching: true
          partingDirection: [ 0, 0, 1 ]
        - 
          name: RLEG_JOINT5
          index: 38
          translation: [ -1.39506549e-08, 0.230000475, 0.0995002587 ]
          rotation: [ 
            0.939930929, -0.341364686, 2.08166817e-16, 
            0.341364686, 0.939930929, -2.66453526e-15, 
            6.66133815e-16, 2.54657406e-15, 1 ]
          isTouching: true
          partingDirection: [ 0, 0, 1 ]
  - 
    time: 7.9
    refer: 
      type: Pose
      name: ""
      ikLinks: 
        - 
          name: WAIST
          index: 0
          translation: [ 0, 0.39, 0.9768 ]
          rotation: [ 
            1, 0, 0, 
            0, 1, 0, 
            -0, 0, 1 ]
  - 
    time: 8
    refer: 
      type: Pose
      name: ""
      joints: [ 
        0, 1, 2, 3, 4, 5, 6, 7, 8, 9, 
        10, 11 ]
      q: [ 
        0.348368416, -0.0809364386, -0.303948478, 0.670694678, -0.3667462, 0.0809364386, -0.348368416, 0.0662667496, -0.313388204, 0.67821999, 
        -0.364831786, -0.0662667496 ]
      ikLinks: 
        - 
          name: LLEG_JOINT5
          index: 32
          translation: [ -1.77989573e-09, 0.549999407, 0.0995002455 ]
          rotation: [ 
            0.939930929, 0.341364686, -1.98591144e-14, 
            -0.341364686, 0.939930929, 1.37043155e-14, 
            2.3481217e-14, -6.06459327e-15, 1 ]
          isTouching: true
          partingDirection: [ 0, 0, 1 ]
        - 
          name: RLEG_JOINT5
          index: 38
          translation: [ -1.77249586e-08, 0.230000429, 0.0995002746 ]
          rotation: [ 
            0.939930929, -0.341364686, 3.98986399e-16, 
            0.341364686, 0.939930929, -3.63598041e-15, 
            9.43689571e-16, 3.56659147e-15, 1 ]
          isTouching: true
          partingDirection: [ 0, 0, 1 ]
  - 
    time: 8.7
    refer: 
      type: Pose
      name: ""
      joints: [ 
        0, 1, 2, 3, 4, 5, 6, 7, 8, 9, 
        10, 11 ]
      q: [ 
        -0.348368416, -0.0589236473, -0.363575406, 0.681397135, -0.317821729, 0.0589236473, 0.348368416, 0.0882563159, -0.367395843, 0.666335948, 
        -0.298940104, -0.0882563159 ]
      ikLinks: 
        - 
          name: LLEG_JOINT5
          index: 32
          translation: [ 2.56888635e-10, 0.609999901, 0.0995000846 ]
          rotation: [ 
            0.939930929, -0.341364686, -2.36234643e-14, 
            0.341364686, 0.939930929, 1.12132525e-14, 
            1.84297022e-14, -1.86517468e-14, 1 ]
          isTouching: true
          partingDirection: [ 0, 0, 1 ]
        - 
          name: RLEG_JOINT5
          index: 38
          translation: [ 1.39506603e-08, 0.290000475, 0.0995002587 ]
          rotation: [ 
            0.939930929, 0.341364686, -4.64905892e-16, 
            -0.341364686, 0.939930929, -2.64371858e-15, 
            -3.88578059e-16, 2.65759637e-15, 1 ]
          isTouching: true
          partingDirection: [ 0, 0, 1 ]
  - 
    time: 8.9
    refer: 
      type: Pose
      name: ""
      ikLinks: 
        - 
          name: WAIST
          index: 0
          translation: [ 0, 0.45, 0.9768 ]
          rotation: [ 
            1, 0, 0, 
            0, 1, 0, 
            -0, 0, 1 ]
  - 
    time: 9
    refer: 
      type: Pose
      name: ""
      joints: [ 
        0, 1, 2, 3, 4, 5, 6, 7, 8, 9, 
        10, 11 ]
      q: [ 
        -0.348368416, -0.0811014032, -0.3667636, 0.670601915, -0.303838315, 0.0811014032, 0.348368416, 0.06610145, -0.364806134, 0.678296735, 
        -0.313490601, -0.06610145 ]
      ikLinks: 
        - 
          name: LLEG_JOINT5
          index: 32
          translation: [ 1.76552145e-09, 0.609999407, 0.0995002455 ]
          rotation: [ 
            0.939930929, -0.341364686, -2.21836438e-14, 
            0.341364686, 0.939930929, 1.12410081e-14, 
            1.70974346e-14, -1.8179902e-14, 1 ]
          isTouching: true
          partingDirection: [ 0, 0, 1 ]
        - 
          name: RLEG_JOINT5
          index: 38
          translation: [ 1.77534509e-08, 0.290000428, 0.0995002747 ]
          rotation: [ 
            0.939930929, 0.341364686, -8.32667268e-16, 
            -0.341364686, 0.939930929, -3.60822483e-15, 
            -4.99600361e-16, 3.64985819e-15, 1 ]
          isTouching: true
          partingDirection: [ 0, 0, 1 ]
  - 
    time: 9.7
    refer: 
      type: Pose
      name: ""
      joints: [ 
        0, 1, 2, 3, 4, 5, 6, 7, 8, 9, 
        10, 11 ]
      q: [ 
        0.348368416, -0.0612738927, -0.316422263, 0.680419779, -0.363997516, 0.0612738927, -0.348368416, 0.0859147454, -0.300563187, 0.667772746, 
        -0.367209559, -0.0859147454 ]
      ikLinks: 
        - 
          name: LLEG_JOINT5
          index: 32
          translation: [ -3.47921495e-09, 0.669999409, 0.0995002494 ]
          rotation: [ 
            0.939930929, 0.341364686, -2.91641711e-14, 
            -0.341364686, 0.939930929, 4.33542091e-14, 
            4.22994972e-14, -3.08086889e-14, 1 ]
          isTouching: true
          partingDirection: [ 0, 0, 1 ]
        - 
          name: RLEG_JOINT5
          index: 38
          translation: [ -1.43510755e-08, 0.35000047, 0.0995002601 ]
          rotation: [ 
            0.939930929, -0.341364686, 2.91433544e-16, 
            0.341364686, 0.939930929, -2.78943535e-15, 
            8.32667268e-16, 2.67841305e-15, 1 ]
          isTouching: true
          partingDirection: [ 0, 0, 1 ]
  - 
    time: 9.9
    refer: 
      type: Pose
      name: ""
      ikLinks: 
        - 
          name: WAIST
          index: 0
          translation: [ 0, 0.51, 0.9768 ]
          rotation: [ 
            1, 0, 0, 
            0, 1, 0, 
            -0, 0, 1 ]
  - 
    time: 10
    refer: 
      type: Pose
      name: ""
      joints: [ 
        0, 1, 2, 3, 4, 5, 6, 7, 8, 9, 
        10, 11 ]
      q: [ 
        0.348368416, -0.0790856744, -0.305182007, 0.671730334, -0.366548327, 0.0790856744, -0.348368416, 0.0681209592, -0.31223732, 0.677354362, 
        -0.365117041, -0.0681209592 ]
      ikLinks: 
        - 
          name: LLEG_JOINT5
          index: 32
          translation: [ -1.94104692e-09, 0.669999407, 0.0995002458 ]
          rotation: [ 
            0.939930929, 0.341364686, -2.9760916e-14, 
            -0.341364686, 0.939930929, 4.31321645e-14, 
            4.27990976e-14, -3.03229664e-14, 1 ]
          isTouching: true
          partingDirection: [ 0, 0, 1 ]
        - 
          name: RLEG_JOINT5
          index: 38
          translation: [ -1.74052433e-08, 0.350000432, 0.099500273 ]
          rotation: [ 
            0.939930929, -0.341364686, 1.17961196e-16, 
            0.341364686, 0.939930929, -3.71924713e-15, 
            1.22124533e-15, 3.53883589e-15, 1 ]
          isTouching: true
          partingDirection: [ 0, 0, 1 ]
  - 
    time: 10.7
    refer: 
      type: Pose
      name: ""
      joints: [ 
        0, 1, 2, 3, 4, 5, 6, 7, 8, 9, 
        10, 11 ]
      q: [ 
        -0.00034836834, -0.0761074076, -0.337944642, 0.675832617, -0.337887974, 0.0761074076, -0.000348368496, 0.0804733982, -0.336841918, 0.67374375, 
        -0.336901832, -0.0804733982 ]
      ikLinks: 
        - 
          name: LLEG_JOINT5
          index: 32
          translation: [ -2.5415603e-12, 0.699999409, 0.0995002449 ]
          rotation: [ 
            0.999999939, 0.000348368409, -2.52610737e-12, 
            -0.000348368409, 0.999999939, -7.74519338e-14, 
            2.52625698e-12, 7.83262344e-14, 1 ]
          isTouching: true
          partingDirection: [ 0, 0, 1 ]
        - 
          name: RLEG_JOINT5
          index: 38
          translation: [ 2.20320318e-12, 0.380000592, 0.0995002442 ]
          rotation: [ 
            0.999999939, 0.000348368409, -2.52439772e-12, 
            -0.000348368409, 0.999999939, 7.41767758e-14, 
            2.52442511e-12, -7.32885974e-14, 1 ]
          isTouching: true
          partingDirection: [ 0, 0, 1 ]
  - 
    time: 10.9
    refer: 
      type: Pose
      name: ""
      ikLinks: 
        - 
          name: WAIST
          index: 0
          isBaseLink: true
          translation: [ 0, 0.54, 0.9768 ]
          rotation: [ 
            1, 0, 0, 
            0, 1, 0, 
            -0, 0, 1 ]
  - 
    time: 11
    refer: 
      type: Pose
      name: ""
      joints: [ 
        0, 1, 2, 3, 4, 5, 6, 7, 8, 9, 
        10, 11, 12, 13, 14, 15, 16, 17, 18, 19, 
        20, 21, 22, 23, 24, 25, 26, 27, 28, 29, 
        30, 31, 32, 33 ]
      q: [ 
        -0.000348368338, -0.0782907767, -0.337430889, 0.674803486, -0.337372596, 0.0782907767, -0.000348368494, 0.0782907767, -0.337372597, 0.674803486, 
        -0.337430888, -0.0782907767, 0, 0, 0, 0, 0, 0, 0.698131701, -0.34906585, 
        -0.0872664626, -1.3962634, 0, 0, -0.34906585, 0, 0.698131701, 0.34906585, 0.0872664626, -1.3962634, 
        0, 0, -0.34906585, 0 ]
      ikLinks: 
        - 
          name: WAIST
          index: 0
          isBaseLink: true
          translation: [ 0, 0.54, 0.9768 ]
          rotation: [ 
            1, 0, 0, 
            0, 1, 0, 
            -0, 0, 1 ]
        - 
          name: LARM_JOINT7
          index: 14
          translation: [ 0.0198425732, 0.911456088, 0.976314795 ]
          rotation: [ 
            0.459003031, 0.152244556, -0.875292987, 
            -0.351045806, 0.936116807, -0.0212641954, 
            0.816139118, 0.317028262, 0.483125264 ]
        - 
          name: RARM_JOINT7
          index: 24
          translation: [ 0.0198425732, 0.168543912, 0.976314795 ]
          rotation: [ 
            0.459003031, -0.152244556, -0.875292987, 
            0.351045806, 0.936116807, 0.0212641954, 
            0.816139118, -0.317028262, 0.483125264 ]
        - 
          name: LLEG_JOINT5
          index: 32
          translation: [ -2.37172282e-12, 0.699999408, 0.0995002455 ]
          rotation: [ 
            0.999999939, 0.000348368409, 9.97474808e-10, 
            -0.000348368409, 0.999999939, -4.25687263e-13, 
            -9.9747488e-10, 7.82013343e-14, 1 ]
          isTouching: true
          partingDirection: [ 0, 0, 1 ]
        - 
          name: RLEG_JOINT5
          index: 38
          translation: [ 2.36476949e-12, 0.380000592, 0.0995002455 ]
          rotation: [ 
            0.999999939, 0.000348368409, 9.97474546e-10, 
            -0.000348368409, 0.999999939, -2.69201328e-13, 
            -9.97474547e-10, -7.82568454e-14, 1 ]
          isTouching: true
          partingDirection: [ 0, 0, 1 ]
