# Body pose sequence format version 1.0 defined by cnoid-Robotics

type: PoseSeq
name: "rotate-left-slide-wide-short"
targetBody: "JAXON_RED"
refs: 
  - 
    time: 0
    refer: 
      type: Pose
      name: ""
      joints: [ 
        0, 1, 2, 3, 4, 5, 6, 7, 8, 9, 
        10, 11, 12, 13, 14, 15, 16, 17, 18, 19, 
        20, 21, 22, 23, 24, 25, 26, 27, 28, 29, 
        30, 31, 32, 33, 34, 35, 36 ]
      q: [ 
        7.83100736e-11, -0.0782907814, -0.337401743, 0.674803487, -0.337401742, 0.0782907814, -7.83100736e-11, 0.0782907814, -0.337401743, 0.674803487, 
        -0.337401742, -0.0782907814, 0, 0, 0, 0, 0, 0, 0.698131701, -0.34906585, 
        -0.0872664626, -1.3962634, 0, 0, -0.34906585, 0, 0.698131701, 0.34906585, 0.0872664626, -1.3962634, 
        0, 0, -0.34906585, 0, 0, 0, 0 ]
      ikLinks: 
        - 
          name: WAIST
          index: 0
          isBaseLink: true
          translation: [ 0, 0, 0.9768 ]
          rotation: [ 
            1, 0, 0, 
            0, 1, 0, 
            -0, 0, 1 ]
        - 
          name: LARM_JOINT7
          index: 13
          translation: [ 0.0198425732, 0.371456088, 0.976314795 ]
          rotation: [ 
            0.459003031, 0.152244556, -0.875292987, 
            -0.351045806, 0.936116807, -0.0212641954, 
            0.816139118, 0.317028262, 0.483125264 ]
        - 
          name: RARM_JOINT7
          index: 23
          translation: [ 0.0198425732, -0.371456088, 0.976314795 ]
          rotation: [ 
            0.459003031, -0.152244556, -0.875292987, 
            0.351045806, 0.936116807, 0.0212641954, 
            0.816139118, -0.317028262, 0.483125264 ]
        - 
          name: LLEG_JOINT5
          index: 31
          translation: [ 1.48769885e-16, 0.159999408, 0.0995002455 ]
          rotation: [ 
            1, 5.70596371e-14, 9.97474602e-10, 
            -5.7061994e-14, 1, -7.82707232e-14, 
            -9.97474658e-10, 7.82707232e-14, 1 ]
          isTouching: true
          partingDirection: [ 0, 0, 1 ]
        - 
          name: RLEG_JOINT5
          index: 37
          translation: [ 1.48769885e-16, -0.159999408, 0.0995002455 ]
          rotation: [ 
            1, -5.70596371e-14, 9.97474602e-10, 
            5.7061994e-14, 1, 7.82707232e-14, 
            -9.97474658e-10, -7.82707232e-14, 1 ]
          isTouching: true
          partingDirection: [ 0, 0, 1 ]
  - 
    time: 1
    refer: 
      type: Pose
      name: ""
      joints: [ 
        0, 1, 2, 3, 4, 5, 6, 7, 8, 9, 
        10, 11, 12, 13, 14, 15, 16, 17, 18, 19, 
        20, 21, 22, 23, 24, 25, 26, 27, 28, 29, 
        30, 31, 32, 33 ]
      q: [ 
        -0.000348368338, -0.0782907767, -0.337430889, 0.674803486, -0.337372596, 0.0782907767, -0.000348368494, 0.0782907767, -0.337372597, 0.674803486, 
        -0.337430888, -0.0782907767, 0, 0, 0, 0, 0, 0, 0.698131701, -0.34906585, 
        -0.0872664626, -1.3962634, 0, 0, -0.34906585, 0, 0.698131701, 0.34906585, 0.0872664626, -1.3962634, 
        0, 0, -0.34906585, 0 ]
      ikLinks: 
        - 
          name: WAIST
          index: 0
          isBaseLink: true
          translation: [ 0, 0, 0.9768 ]
          rotation: [ 
            1, 0, 0, 
            0, 1, 0, 
            -0, 0, 1 ]
        - 
          name: LARM_JOINT7
          index: 13
          translation: [ 0.0198425732, 0.371456088, 0.976314795 ]
          rotation: [ 
            0.459003031, 0.152244556, -0.875292987, 
            -0.351045806, 0.936116807, -0.0212641954, 
            0.816139118, 0.317028262, 0.483125264 ]
        - 
          name: RARM_JOINT7
          index: 23
          translation: [ 0.0198425732, -0.371456088, 0.976314795 ]
          rotation: [ 
            0.459003031, -0.152244556, -0.875292987, 
            0.351045806, 0.936116807, 0.0212641954, 
            0.816139118, -0.317028262, 0.483125264 ]
        - 
          name: LLEG_JOINT5
          index: 31
          translation: [ -2.37166287e-12, 0.159999408, 0.0995002455 ]
          rotation: [ 
            0.999999939, 0.000348368409, 9.97474691e-10, 
            -0.000348368409, 0.999999939, -4.25687263e-13, 
            -9.97474825e-10, 7.81874565e-14, 1 ]
          isTouching: true
          partingDirection: [ 0, 0, 1 ]
        - 
          name: RLEG_JOINT5
          index: 37
          translation: [ 2.36471398e-12, -0.159999408, 0.0995002455 ]
          rotation: [ 
            0.999999939, 0.000348368409, 9.97474553e-10, 
            -0.000348368409, 0.999999939, -2.69173572e-13, 
            -9.97474603e-10, -7.82707232e-14, 1 ]
          isTouching: true
          partingDirection: [ 0, 0, 1 ]
  - 
    time: 1.7
    refer: 
      type: Pose
      name: ""
      joints: [ 
        0, 1, 2, 3, 4, 5, 6, 7, 8, 9, 
        10, 11 ]
      q: [ 
        -0.349947108, -0.062031298, -0.364239888, 0.680080605, -0.315840716, 0.062031298, -0.349947213, 0.0850757134, -0.300962015, 0.668246621, 
        -0.367284607, -0.0850757134 ]
      ikLinks: 
        - 
          name: LLEG_JOINT5
          index: 31
          translation: [ -3.42711667e-09, 0.189999409, 0.0995002515 ]
          rotation: [ 
            0.939390812, 0.34284822, -9.37281832e-10, 
            -0.34284822, 0.939390812, 3.41994072e-10, 
            9.97726068e-10, 7.92838017e-14, 1 ]
          isTouching: true
          partingDirection: [ 0, 0, 1 ]
        - 
          name: RLEG_JOINT5
          index: 37
          translation: [ 1.42098787e-09, -0.129999406, 0.099500245 ]
          rotation: [ 
            0.939390848, 0.342848122, -1.07136522e-14, 
            -0.342848122, 0.939390848, 7.60988494e-14, 
            3.61932706e-14, -6.7820749e-14, 1 ]
          isTouching: true
          partingDirection: [ 0, 0, 1 ]
  - 
    time: 1.9
    refer: 
      type: Pose
      name: ""
      ikLinks: 
        - 
          name: WAIST
          index: 0
          isBaseLink: true
          translation: [ 0, 0.03, 0.9768 ]
          rotation: [ 
            1, 0, 0, 
            0, 1, 0, 
            -0, 0, 1 ]
  - 
    time: 2
    refer: 
      type: Pose
      name: ""
      joints: [ 
        0, 1, 2, 3, 4, 5, 6, 7, 8, 9, 
        10, 11 ]
      q: [ 
        -0.349239044, -0.0795915249, -0.366679418, 0.67143377, -0.304754352, 0.0795915249, -0.349240093, 0.0675675495, -0.312505063, 0.677603725, 
        -0.365098661, -0.0675675495 ]
      ikLinks: 
        - 
          name: LLEG_JOINT5
          index: 31
          translation: [ -1.89964721e-09, 0.189999407, 0.0995002518 ]
          rotation: [ 
            0.939633012, 0.342183873, 9.37526275e-10, 
            -0.342183873, 0.939633012, -3.41495027e-10, 
            -9.97784799e-10, 7.35939087e-14, 1 ]
          isTouching: true
          partingDirection: [ 0, 0, 1 ]
        - 
          name: RLEG_JOINT5
          index: 37
          translation: [ 2.94425778e-09, -0.129999409, 0.0995002479 ]
          rotation: [ 
            0.939633371, 0.342182887, -1.50851553e-14, 
            -0.342182887, 0.939633371, 8.37663272e-14, 
            4.27435864e-14, -7.3580031e-14, 1 ]
          isTouching: true
          partingDirection: [ 0, 0, 1 ]
  - 
    time: 2.7
    refer: 
      type: Pose
      name: ""
      joints: [ 
        0, 1, 2, 3, 4, 5, 6, 7, 8, 9, 
        10, 11 ]
      q: [ 
        0.348368417, -0.058922981, -0.317820619, 0.681394378, -0.363573761, 0.058922981, 0.348368417, 0.0882561802, -0.367395021, 0.666334378, 
        -0.298939358, -0.0882561802 ]
      ikLinks: 
        - 
          name: LLEG_JOINT5
          index: 31
          translation: [ 3.73442691e-09, 0.24999941, 0.0995002501 ]
          rotation: [ 
            0.939633092, -0.342183653, -1.9064611e-14, 
            0.342183653, 0.939633092, -1.11674558e-13, 
            5.6177285e-14, 9.83935156e-14, 1 ]
          isTouching: true
          partingDirection: [ 0, 0, 1 ]
        - 
          name: RLEG_JOINT5
          index: 37
          translation: [ -1.09777389e-09, -0.0699994054, 0.0995002446 ]
          rotation: [ 
            0.939633092, -0.342183653, -2.06779038e-15, 
            0.342183653, 0.939633092, 5.10980147e-14, 
            -1.55431223e-14, -4.87110352e-14, 1 ]
          isTouching: true
          partingDirection: [ 0, 0, 1 ]
  - 
    time: 2.9
    refer: 
      type: Pose
      name: ""
      ikLinks: 
        - 
          name: WAIST
          index: 0
          translation: [ 0, 0.09, 0.9768 ]
          rotation: [ 
            1, 0, 0, 
            0, 1, 0, 
            -0, 0, 1 ]
  - 
    time: 3
    refer: 
      type: Pose
      name: ""
      joints: [ 
        0, 1, 2, 3, 4, 5, 6, 7, 8, 9, 
        10, 11 ]
      q: [ 
        0.348342078, -0.0809363644, -0.303950085, 0.670692656, -0.366742571, 0.0809363647, 0.349239859, 0.0662464036, -0.364892175, 0.678216852, 
        -0.313324677, -0.0662464036 ]
      ikLinks: 
        - 
          name: LLEG_JOINT5
          index: 31
          translation: [ 1.78448155e-09, 0.249999407, 0.0995002478 ]
          rotation: [ 
            0.939633092, -0.342183653, 1.60647984e-10, 
            0.342183653, 0.939633092, 3.89665855e-10, 
            -2.84287371e-10, -3.11171852e-10, 1 ]
          isTouching: true
          partingDirection: [ 0, 0, 1 ]
        - 
          name: RLEG_JOINT5
          index: 37
          translation: [ -3.05033682e-09, -0.0699994088, 0.0995002489 ]
          rotation: [ 
            0.939939919, -0.34133993, 2.63054308e-10, 
            0.34133993, 0.939939919, 1.07791373e-10, 
            -2.84048729e-10, -1.15265159e-11, 1 ]
          isTouching: true
          partingDirection: [ 0, 0, 1 ]
  - 
    time: 3.7
    refer: 
      type: Pose
      name: ""
      joints: [ 
        0, 1, 2, 3, 4, 5, 6, 7, 8, 9, 
        10, 11 ]
      q: [ 
        -0.348367545, -0.0589228733, -0.363573514, 0.681394094, -0.31782058, 0.0589228733, -0.348367545, 0.0882563256, -0.298939186, 0.66633396, 
        -0.367394774, -0.0882563256 ]
      ikLinks: 
        - 
          name: LLEG_JOINT5
          index: 31
          translation: [ -3.68023303e-09, 0.30999941, 0.0995002522 ]
          rotation: [ 
            0.939931226, 0.341363867, 1.60649001e-10, 
            -0.341363867, 0.939931226, 3.89686089e-10, 
            -1.79740667e-11, -4.21117946e-10, 1 ]
          isTouching: true
          partingDirection: [ 0, 0, 1 ]
        - 
          name: RLEG_JOINT5
          index: 37
          translation: [ 1.14056733e-09, -0.00999940549, 0.0995002472 ]
          rotation: [ 
            0.939931226, 0.341363867, 1.60650198e-10, 
            -0.341363867, 0.939931226, 3.89751183e-10, 
            -1.79531945e-11, -4.21179536e-10, 1 ]
          isTouching: true
          partingDirection: [ 0, 0, 1 ]
  - 
    time: 3.9
    refer: 
      type: Pose
      name: ""
      ikLinks: 
        - 
          name: WAIST
          index: 0
          translation: [ 0, 0.15, 0.9768 ]
          rotation: [ 
            1, 0, 0, 
            0, 1, 0, 
            -0, 0, 1 ]
  - 
    time: 4
    refer: 
      type: Pose
      name: ""
      joints: [ 
        0, 1, 2, 3, 4, 5, 6, 7, 8, 9, 
        10, 11 ]
      q: [ 
        -0.348367545, -0.0809357447, -0.366744875, 0.670692761, -0.303947886, 0.0809357447, -0.348367545, 0.0662672402, -0.313386922, 0.678217683, 
        -0.36483076, -0.0662672402 ]
      ikLinks: 
        - 
          name: LLEG_JOINT5
          index: 31
          translation: [ -1.7799378e-09, 0.309999407, 0.0995002455 ]
          rotation: [ 
            0.939931226, 0.341363867, -6.29357677e-15, 
            -0.341363867, 0.939931226, -4.35623759e-14, 
            -8.93729535e-15, 4.30211422e-14, 1 ]
          isTouching: true
          partingDirection: [ 0, 0, 1 ]
        - 
          name: RLEG_JOINT5
          index: 37
          translation: [ 3.05058621e-09, -0.00999940878, 0.0995002482 ]
          rotation: [ 
            0.939931226, 0.341363867, -1.5990681e-14, 
            -0.341363867, 0.939931226, 3.28764793e-14, 
            2.62567745e-14, -2.54518628e-14, 1 ]
          isTouching: true
          partingDirection: [ 0, 0, 1 ]
  - 
    time: 4.7
    refer: 
      type: Pose
      name: ""
      joints: [ 
        0, 1, 2, 3, 4, 5, 6, 7, 8, 9, 
        10, 11 ]
      q: [ 
        0.348368417, -0.058922981, -0.317820619, 0.681394378, -0.363573761, 0.058922981, 0.348368417, 0.0882561802, -0.367395021, 0.666334378, 
        -0.298939358, -0.0882561802 ]
      ikLinks: 
        - 
          name: LLEG_JOINT5
          index: 31
          translation: [ 3.68023043e-09, 0.36999941, 0.09950025 ]
          rotation: [ 
            0.939930928, -0.341364687, 2.07127024e-12, 
            0.341364687, 0.939930928, 7.1967432e-13, 
            -2.19252394e-12, 3.05588888e-14, 1 ]
          isTouching: true
          partingDirection: [ 0, 0, 1 ]
        - 
          name: RLEG_JOINT5
          index: 37
          translation: [ -1.14059425e-09, 0.0500005945, 0.0995002447 ]
          rotation: [ 
            0.939930928, -0.341364687, 2.08065162e-12, 
            0.341364687, 0.939930928, 7.55617791e-13, 
            -2.21356267e-12, -6.9388939e-18, 1 ]
          isTouching: true
          partingDirection: [ 0, 0, 1 ]
  - 
    time: 4.9
    refer: 
      type: Pose
      name: ""
      ikLinks: 
        - 
          name: WAIST
          index: 0
          translation: [ 0, 0.21, 0.9768 ]
          rotation: [ 
            1, 0, 0, 
            0, 1, 0, 
            -0, 0, 1 ]
  - 
    time: 5
    refer: 
      type: Pose
      name: ""
      joints: [ 
        0, 1, 2, 3, 4, 5, 6, 7, 8, 9, 
        10, 11 ]
      q: [ 
        0.348368417, -0.0809358461, -0.303947883, 0.670693006, -0.366745123, 0.0809358461, 0.348368417, 0.0662670997, -0.36483096, 0.678218052, 
        -0.313387092, -0.0662670997 ]
      ikLinks: 
        - 
          name: LLEG_JOINT5
          index: 31
          translation: [ 1.77993381e-09, 0.369999407, 0.0995002455 ]
          rotation: [ 
            0.939930928, -0.341364687, -1.30971622e-14, 
            0.341364687, 0.939930928, -3.74283937e-14, 
            2.51465515e-14, 3.07115444e-14, 1 ]
          isTouching: true
          partingDirection: [ 0, 0, 1 ]
        - 
          name: RLEG_JOINT5
          index: 37
          translation: [ -3.05061692e-09, 0.0500005912, 0.0995002482 ]
          rotation: [ 
            0.939930928, -0.341364687, -1.23373534e-14, 
            0.341364687, 0.939930928, 7.77156117e-16, 
            1.1379786e-14, -4.96824804e-15, 1 ]
          isTouching: true
          partingDirection: [ 0, 0, 1 ]
  - 
    time: 5.7
    refer: 
      type: Pose
      name: ""
      joints: [ 
        0, 1, 2, 3, 4, 5, 6, 7, 8, 9, 
        10, 11 ]
      q: [ 
        -0.348368416, -0.0589231084, -0.363574026, 0.681394808, -0.317820782, 0.0589231084, -0.348368416, 0.088256065, -0.298939686, 0.666334943, 
        -0.367395257, -0.088256065 ]
      ikLinks: 
        - 
          name: LLEG_JOINT5
          index: 31
          translation: [ -3.68021904e-09, 0.42999941, 0.09950025 ]
          rotation: [ 
            0.939930929, 0.341364686, -1.44953494e-14, 
            -0.341364686, 0.939930929, -1.42941214e-14, 
            8.8817842e-15, 1.83880688e-14, 1 ]
          isTouching: true
          partingDirection: [ 0, 0, 1 ]
        - 
          name: RLEG_JOINT5
          index: 37
          translation: [ 1.14060517e-09, 0.110000595, 0.0995002447 ]
          rotation: [ 
            0.939930929, 0.341364686, -1.03389519e-14, 
            -0.341364686, 0.939930929, -1.76039738e-14, 
            3.71924713e-15, 2.0081159e-14, 1 ]
          isTouching: true
          partingDirection: [ 0, 0, 1 ]
  - 
    time: 5.9
    refer: 
      type: Pose
      name: ""
      ikLinks: 
        - 
          name: WAIST
          index: 0
          translation: [ 0, 0.27, 0.9768 ]
          rotation: [ 
            1, 0, 0, 
            0, 1, 0, 
            -0, 0, 1 ]
  - 
    time: 6
    refer: 
      type: Pose
      name: ""
      joints: [ 
        0, 1, 2, 3, 4, 5, 6, 7, 8, 9, 
        10, 11 ]
      q: [ 
        -0.348368416, -0.0809359749, -0.36674536, 0.670693377, -0.303948017, 0.0809359749, -0.348368416, 0.0662669813, -0.313387386, 0.678218545, 
        -0.364831159, -0.0662669813 ]
      ikLinks: 
        - 
          name: LLEG_JOINT5
          index: 31
          translation: [ -1.77992477e-09, 0.429999407, 0.0995002455 ]
          rotation: [ 
            0.939930929, 0.341364686, -1.20771448e-14, 
            -0.341364686, 0.939930929, -1.52239332e-14, 
            6.10622664e-15, 1.84574578e-14, 1 ]
          isTouching: true
          partingDirection: [ 0, 0, 1 ]
        - 
          name: RLEG_JOINT5
          index: 37
          translation: [ 3.05064522e-09, 0.110000591, 0.0995002482 ]
          rotation: [ 
            0.939930929, 0.341364686, -1.87107274e-14, 
            -0.341364686, 0.939930929, -1.14075416e-14, 
            1.37112544e-14, 1.70835568e-14, 1 ]
          isTouching: true
          partingDirection: [ 0, 0, 1 ]
  - 
    time: 6.7
    refer: 
      type: Pose
      name: ""
      joints: [ 
        0, 1, 2, 3, 4, 5, 6, 7, 8, 9, 
        10, 11 ]
      q: [ 
        0.000348368695, -0.0761083496, -0.337887389, 0.675831381, -0.337943993, 0.0761083496, 0.348368416, 0.075659403, -0.366148643, 0.673581776, 
        -0.307433133, -0.0804748646 ]
      ikLinks: 
        - 
          name: LLEG_JOINT5
          index: 31
          translation: [ -2.75863129e-08, 0.460000649, 0.099500098 ]
          rotation: [ 
            0.999999939, -0.000348368409, -5.03781316e-17, 
            0.000348368409, 0.999999939, 7.63278329e-16, 
            -5.55111512e-17, -7.63278329e-16, 1 ]
          isTouching: true
          partingDirection: [ 0, 0, 1 ]
        - 
          name: RLEG_JOINT5
          index: 37
          translation: [ 2.28886245e-08, 0.139999963, 0.0995000986 ]
          rotation: [ 
            0.999999939, -0.000348368409, -4.16699552e-16, 
            0.000348368409, 0.999999939, -7.07767178e-16, 
            2.77555756e-16, 6.80011603e-16, 1 ]
          isTouching: true
          partingDirection: [ 0, 0, 1 ]
  - 
    time: 6.9
    refer: 
      type: Pose
      name: ""
      ikLinks: 
        - 
          name: WAIST
          index: 0
          translation: [ 0, 0.3, 0.9768 ]
          rotation: [ 
            1, 0, 0, 
            0, 1, 0, 
            -0, 0, 1 ]
  - 
    time: 7
    refer: 
      type: Pose
      name: ""
      joints: [ 
        0, 1, 2, 3, 4, 5, 6, 7, 8, 9, 
        10, 11 ]
      q: [ 
        0.348368416, -0.110161612, -0.282713579, 0.650780328, -0.368066748, 0.0782919847, 0.348368416, 0.0368526219, -0.358631981, 0.688633006, 
        -0.330001024, -0.0782111537 ]
      ikLinks: 
        - 
          name: LLEG_JOINT5
          index: 31
          translation: [ 0.00123419777, 0.459938877, 0.0995000391 ]
          rotation: [ 
            0.999999939, -0.000348368409, 2.31443283e-16, 
            0.000348368409, 0.999999939, 7.07767178e-16, 
            -2.22044605e-16, -6.80011603e-16, 1 ]
          isTouching: true
          partingDirection: [ 0, 0, 1 ]
        - 
          name: RLEG_JOINT5
          index: 37
          translation: [ 2.30188097e-08, 0.139999952, 0.0995001022 ]
          rotation: [ 
            0.999999939, -0.000348368409, -2.1717586e-16, 
            0.000348368409, 0.999999939, -7.63278329e-16, 
            2.77555756e-16, 7.63278329e-16, 1 ]
          isTouching: true
          partingDirection: [ 0, 0, 1 ]
  - 
    time: 7.5
    refer: 
      type: Pose
      name: ""
      joints: [ 
        0, 1, 2, 3, 4, 5, 6, 7, 8, 9, 
        10, 11, 12, 13, 14, 15, 16, 17, 18, 19, 
        20, 21, 22, 23, 24, 25, 26, 27, 28, 29, 
        30, 31, 32, 33, 34, 35, 36 ]
      q: [ 
        0.348368416, -0.110161612, -0.282713579, 0.650780328, -0.368066748, 0.0782919847, 0.348368416, 0.0368526219, -0.358631981, 0.688633006, 
        -0.330001024, -0.0782111537, 0, 0, 0, 0, 0, 0, 0.698131701, -0.34906585, 
        -0.0872664626, -1.3962634, 0, 0, -0.34906585, 0, 0.698131701, 0.34906585, 0.0872664626, -1.3962634, 
        0, 0, -0.34906585, 0, 0, 0, 0 ]
      ikLinks: 
        - 
          name: WAIST
          index: 0
          translation: [ -3.14038035e-07, 0.300000551, 0.976799947 ]
          rotation: [ 
            0.999999935, 0.000351717938, 7.27770205e-05, 
            -0.00035171548, 0.999999938, -3.37875363e-05, 
            -7.27888996e-05, 3.37619373e-05, 0.999999997 ]
        - 
          name: LARM_JOINT7
          index: 13
          translation: [ 0.0199728703, 0.671449653, 0.976325838 ]
          rotation: [ 
            0.458938928, 0.152596868, -0.875265249, 
            -0.351234798, 0.93605249, -0.0209726636, 
            0.816093853, 0.317048785, 0.483188256 ]
        - 
          name: RARM_JOINT7
          index: 23
          translation: [ 0.0197115748, -0.071462476, 0.976300756 ]
          rotation: [ 
            0.459185866, -0.15193837, -0.875250291, 
            0.35085677, 0.936181007, 0.0215557246, 
            0.816117557, -0.316985575, 0.483189692 ]
        - 
          name: LLEG_JOINT5
          index: 31
          translation: [ 0.00123419777, 0.459938877, 0.0995000391 ]
          rotation: [ 
            0.999999939, -0.000348368409, 2.31443283e-16, 
            0.000348368409, 0.999999939, 7.07767178e-16, 
            -2.22044605e-16, -6.80011603e-16, 1 ]
          isTouching: true
          partingDirection: [ 0, 0, 1 ]
        - 
          name: RLEG_JOINT5
          index: 37
          translation: [ 2.30188097e-08, 0.139999952, 0.0995001022 ]
          rotation: [ 
            0.999999939, -0.000348368409, -2.1717586e-16, 
            0.000348368409, 0.999999939, -7.63278329e-16, 
            2.77555756e-16, 7.63278329e-16, 1 ]
          isTouching: true
          partingDirection: [ 0, 0, 1 ]
