# Body pose sequence format version 1.0 defined by cnoid-Robotics

type: PoseSeq
name: "rotate-left-slide"
targetBody: "JAXON_RED"
refs: 
  - 
    time: 0
    refer: 
      type: Pose
      name: ""
      joints: [ 
        0, 1, 2, 3, 4, 5, 6, 7, 8, 9, 
        10, 11, 12, 13, 14, 15, 16, 17, 18, 19, 
        20, 21, 22, 23, 24, 25, 26, 27, 28, 29, 
        30, 31, 32, 33, 34, 35, 36 ]
      q: [ 
        4.97210768e-41, -3.15004826e-32, -0.346622598, 0.693245196, -0.346622597, 4.07127707e-32, 4.97210768e-41, -3.15004826e-32, -0.346622598, 0.693245196, 
        -0.346622597, 4.07127707e-32, 0, 0, 0, 0, 0, 0, 0.698131701, -0.34906585, 
        -0.0872664626, -1.3962634, 0, 0, -0.34906585, 0, 0.698131701, 0.34906585, 0.0872664626, -1.3962634, 
        0, 0, -0.34906585, 0, 0, 0, 0 ]
      ikLinks: 
        - 
          name: WAIST
          index: 0
          isBaseLink: true
          translation: [ 0, 0, 0.9768 ]
          rotation: [ 
            1, 0, 0, 
            0, 1, 0, 
            -0, 0, 1 ]
        - 
          name: LARM_JOINT7
          index: 14
          translation: [ 0.0198425732, 0.371456088, 0.976314795 ]
          rotation: [ 
            0.459003031, 0.152244556, -0.875292987, 
            -0.351045806, 0.936116807, -0.0212641954, 
            0.816139118, 0.317028262, 0.483125264 ]
        - 
          name: RARM_JOINT7
          index: 24
          translation: [ 0.0198425732, -0.371456088, 0.976314795 ]
          rotation: [ 
            0.459003031, -0.152244556, -0.875292987, 
            0.351045806, 0.936116807, 0.0212641954, 
            0.816139118, -0.317028262, 0.483125264 ]
        - 
          name: LLEG_JOINT5
          index: 32
          translation: [ -4.00000311e-11, 0.1, 0.0995006529 ]
          rotation: [ 
            1, -9.00830273e-42, 1.00000008e-09, 
            1.8220594e-41, 1, -9.2122881e-33, 
            -1.00000008e-09, 9.2122881e-33, 1 ]
          isTouching: true
          partingDirection: [ 0, 0, 1 ]
        - 
          name: RLEG_JOINT5
          index: 38
          translation: [ -4.00000311e-11, -0.1, 0.0995006529 ]
          rotation: [ 
            1, -9.00830273e-42, 1.00000008e-09, 
            1.8220594e-41, 1, -9.2122881e-33, 
            -1.00000008e-09, 9.2122881e-33, 1 ]
          isTouching: true
          partingDirection: [ 0, 0, 1 ]
  - 
    time: 1
    refer: 
      type: Pose
      name: ""
      joints: [ 
        0, 1, 2, 3, 4, 5, 6, 7, 8, 9, 
        10, 11, 12, 13, 14, 15, 16, 17, 18, 19, 
        20, 21, 22, 23, 24, 25, 26, 27, 28, 29, 
        30, 31, 32, 33, 34, 35, 36 ]
      q: [ 
        4.97210768e-41, -3.15004826e-32, -0.346622598, 0.693245196, -0.346622597, 4.07127707e-32, 4.97210768e-41, -3.15004826e-32, -0.346622598, 0.693245196, 
        -0.346622597, 4.07127707e-32, 0, 0, 0, 0, 0, 0, 0.698131701, -0.34906585, 
        -0.0872664626, -1.3962634, 0, 0, -0.34906585, 0, 0.698131701, 0.34906585, 0.0872664626, -1.3962634, 
        0, 0, -0.34906585, 0, 0, 0, 0 ]
      ikLinks: 
        - 
          name: WAIST
          index: 0
          isBaseLink: true
          translation: [ 0, 0, 0.9768 ]
          rotation: [ 
            1, 0, 0, 
            0, 1, 0, 
            -0, 0, 1 ]
        - 
          name: LARM_JOINT7
          index: 14
          translation: [ 0.0198425732, 0.371456088, 0.976314795 ]
          rotation: [ 
            0.459003031, 0.152244556, -0.875292987, 
            -0.351045806, 0.936116807, -0.0212641954, 
            0.816139118, 0.317028262, 0.483125264 ]
        - 
          name: RARM_JOINT7
          index: 24
          translation: [ 0.0198425732, -0.371456088, 0.976314795 ]
          rotation: [ 
            0.459003031, -0.152244556, -0.875292987, 
            0.351045806, 0.936116807, 0.0212641954, 
            0.816139118, -0.317028262, 0.483125264 ]
        - 
          name: LLEG_JOINT5
          index: 32
          translation: [ -4.00000311e-11, 0.1, 0.0995006529 ]
          rotation: [ 
            1, -9.00830273e-42, 1.00000008e-09, 
            1.8220594e-41, 1, -9.2122881e-33, 
            -1.00000008e-09, 9.2122881e-33, 1 ]
          isTouching: true
          partingDirection: [ 0, 0, 1 ]
        - 
          name: RLEG_JOINT5
          index: 38
          translation: [ -4.00000311e-11, -0.1, 0.0995006529 ]
          rotation: [ 
            1, -9.00830273e-42, 1.00000008e-09, 
            1.8220594e-41, 1, -9.2122881e-33, 
            -1.00000008e-09, 9.2122881e-33, 1 ]
          isTouching: true
          partingDirection: [ 0, 0, 1 ]
  - 
    time: 1.7
    refer: 
      type: Pose
      name: ""
      joints: [ 
        0, 1, 2, 3, 4, 5, 6, 7, 8, 9, 
        10, 11 ]
      q: [ 
        -0.349947108, 0.00579267533, -0.344301392, 0.693126802, -0.34882541, -0.00579267533, -0.349947213, 0.00579267511, -0.344301392, 0.693126802, 
        -0.348825411, -0.00579267511 ]
      ikLinks: 
        - 
          name: LLEG_JOINT5
          index: 32
          translation: [ -3.98889188e-11, 0.130000079, 0.0995000305 ]
          rotation: [ 
            0.939390812, 0.34284822, 5.1391183e-16, 
            -0.34284822, 0.939390812, -6.19122809e-15, 
            -2.55351296e-15, 5.67081104e-15, 1 ]
          isTouching: true
          partingDirection: [ 0, 0, 1 ]
        - 
          name: RLEG_JOINT5
          index: 38
          translation: [ -3.98887856e-11, -0.0699999214, 0.0995000305 ]
          rotation: [ 
            0.939390848, 0.342848122, 3.03576608e-16, 
            -0.342848122, 0.939390848, -6.04204187e-15, 
            -2.3869795e-15, 5.56325819e-15, 1 ]
          isTouching: true
          partingDirection: [ 0, 0, 1 ]
  - 
    time: 1.9
    refer: 
      type: Pose
      name: ""
      ikLinks: 
        - 
          name: WAIST
          index: 0
          isBaseLink: true
          translation: [ 0, 0.03, 0.9768 ]
          rotation: [ 
            1, 0, 0, 
            0, 1, 0, 
            -0, 0, 1 ]
  - 
    time: 2
    refer: 
      type: Pose
      name: ""
      joints: [ 
        0, 1, 2, 3, 4, 5, 6, 7, 8, 9, 
        10, 11 ]
      q: [ 
        -0.349239044, -0.00604474028, -0.348913672, 0.693116845, -0.344203173, 0.00604474028, -0.349240093, -0.00604473797, -0.348913678, 0.693116845, 
        -0.344203166, 0.00604473797 ]
      ikLinks: 
        - 
          name: LLEG_JOINT5
          index: 32
          translation: [ 1.50252425e-10, 0.129999918, 0.0995000401 ]
          rotation: [ 
            0.939633012, 0.342183873, -4.77048956e-17, 
            -0.342183873, 0.939633012, 7.63885483e-15, 
            2.60902411e-15, -7.15833642e-15, 1 ]
          isTouching: true
          partingDirection: [ 0, 0, 1 ]
        - 
          name: RLEG_JOINT5
          index: 38
          translation: [ 1.50251928e-10, -0.0700000823, 0.0995000401 ]
          rotation: [ 
            0.939633371, 0.342182887, 8.79071121e-16, 
            -0.342182887, 0.939633371, 1.01351219e-14, 
            2.72004641e-15, -9.80812653e-15, 1 ]
          isTouching: true
          partingDirection: [ 0, 0, 1 ]
  - 
    time: 2.7
    refer: 
      type: Pose
      name: ""
      joints: [ 
        0, 1, 2, 3, 4, 5, 6, 7, 8, 9, 
        10, 11 ]
      q: [ 
        0.349239859, -0.00965637123, -0.342699944, 0.692924741, -0.350224797, 0.00965637123, 0.349239859, -0.00965630994, -0.342699999, 0.692924803, 
        -0.350224804, 0.00965630994 ]
      ikLinks: 
        - 
          name: LLEG_JOINT5
          index: 32
          translation: [ 1.02148129e-11, 0.19000015, 0.0995000185 ]
          rotation: [ 
            0.939633092, -0.342183653, 5.83300769e-16, 
            0.342183653, 0.939633092, 1.05263021e-14, 
            -4.27435864e-15, -9.66414448e-15, 1 ]
          isTouching: true
          partingDirection: [ 0, 0, 1 ]
        - 
          name: RLEG_JOINT5
          index: 38
          translation: [ -5.15229637e-12, -0.00999990003, 0.099500011 ]
          rotation: [ 
            0.939633092, -0.342183653, 5.12610787e-16, 
            0.342183653, 0.939633092, 1.04204839e-14, 
            -3.99680289e-15, -9.66414448e-15, 1 ]
          isTouching: true
          partingDirection: [ 0, 0, 1 ]
  - 
    time: 2.9
    refer: 
      type: Pose
      name: ""
      ikLinks: 
        - 
          name: WAIST
          index: 0
          translation: [ 0, 0.09, 0.9768 ]
          rotation: [ 
            1, 0, 0, 
            0, 1, 0, 
            -0, 0, 1 ]
  - 
    time: 3
    refer: 
      type: Pose
      name: ""
      joints: [ 
        0, 1, 2, 3, 4, 5, 6, 7, 8, 9, 
        10, 11 ]
      q: [ 
        0.348342078, -0.0270304544, -0.334882087, 0.690765841, -0.355883754, 0.0270304547, 0.349239859, -0.0270215742, -0.334856146, 0.690765825, 
        -0.355909679, 0.0270215742 ]
      ikLinks: 
        - 
          name: LLEG_JOINT5
          index: 32
          translation: [ -8.89884089e-11, 0.19000015, 0.0995000209 ]
          rotation: [ 
            0.939633092, -0.342183653, 1.60659699e-10, 
            0.342183653, 0.939633092, 3.89748463e-10, 
            -2.8432684e-10, -3.11245391e-10, 1 ]
          isTouching: true
          partingDirection: [ 0, 0, 1 ]
        - 
          name: RLEG_JOINT5
          index: 38
          translation: [ -4.91751295e-11, -0.00999990012, 0.0995000117 ]
          rotation: [ 
            0.939939919, -0.34133993, 2.664752e-10, 
            0.34133993, 0.939939919, 9.83671443e-11, 
            -2.84047452e-10, -1.50051499e-12, 1 ]
          isTouching: true
          partingDirection: [ 0, 0, 1 ]
  - 
    time: 3.7
    refer: 
      type: Pose
      name: ""
      joints: [ 
        0, 1, 2, 3, 4, 5, 6, 7, 8, 9, 
        10, 11 ]
      q: [ 
        -0.348367545, -0.0221187583, -0.354386322, 0.691584776, -0.337198454, 0.0221187583, -0.348367545, -0.0221187583, -0.354386322, 0.691584775, 
        -0.337198453, 0.0221187583 ]
      ikLinks: 
        - 
          name: LLEG_JOINT5
          index: 32
          translation: [ 4.7751666e-11, 0.25000025, 0.0995000452 ]
          rotation: [ 
            0.939931226, 0.341363867, 1.6065641e-10, 
            -0.341363867, 0.939931226, 3.89761657e-10, 
            -1.7955526e-11, -4.21191478e-10, 1 ]
          isTouching: true
          partingDirection: [ 0, 0, 1 ]
        - 
          name: RLEG_JOINT5
          index: 38
          translation: [ 4.77481549e-11, 0.0500002496, 0.0995000453 ]
          rotation: [ 
            0.939931226, 0.341363867, 1.60656238e-10, 
            -0.341363867, 0.939931226, 3.89761702e-10, 
            -1.79554149e-11, -4.21191474e-10, 1 ]
          isTouching: true
          partingDirection: [ 0, 0, 1 ]
  - 
    time: 3.9
    refer: 
      type: Pose
      name: ""
      ikLinks: 
        - 
          name: WAIST
          index: 0
          translation: [ 0, 0.15, 0.9768 ]
          rotation: [ 
            1, 0, 0, 
            0, 1, 0, 
            -0, 0, 1 ]
  - 
    time: 4
    refer: 
      type: Pose
      name: ""
      joints: [ 
        0, 1, 2, 3, 4, 5, 6, 7, 8, 9, 
        10, 11 ]
      q: [ 
        -0.348367545, -0.0393062488, -0.359265949, 0.687996234, -0.328730285, 0.0393062488, -0.348367545, -0.0393062488, -0.359265949, 0.687996234, 
        -0.328730285, 0.0393062488 ]
      ikLinks: 
        - 
          name: LLEG_JOINT5
          index: 32
          translation: [ 3.18239821e-10, 0.250000249, 0.0995000431 ]
          rotation: [ 
            0.939931226, 0.341363867, -4.15639745e-15, 
            -0.341363867, 0.939931226, 3.4139358e-14, 
            1.56541446e-14, -3.06282777e-14, 1 ]
          isTouching: true
          partingDirection: [ 0, 0, 1 ]
        - 
          name: RLEG_JOINT5
          index: 38
          translation: [ 3.1824037e-10, 0.050000249, 0.0995000431 ]
          rotation: [ 
            0.939931226, 0.341363867, -5.21457877e-15, 
            -0.341363867, 0.939931226, 5.57262569e-14, 
            2.3869795e-14, -5.0619231e-14, 1 ]
          isTouching: true
          partingDirection: [ 0, 0, 1 ]
  - 
    time: 4.7
    refer: 
      type: Pose
      name: ""
      joints: [ 
        0, 1, 2, 3, 4, 5, 6, 7, 8, 9, 
        10, 11 ]
      q: [ 
        0.348368417, -0.0343985597, -0.331251408, 0.689228373, -0.357976966, 0.0343985597, 0.348368417, -0.0343985597, -0.331251408, 0.689228373, 
        -0.357976966, 0.0343985597 ]
      ikLinks: 
        - 
          name: LLEG_JOINT5
          index: 32
          translation: [ -2.35125638e-10, 0.310000349, 0.0995000807 ]
          rotation: [ 
            0.939930928, -0.341364687, 1.18828558e-15, 
            0.341364687, 0.939930928, 4.61644611e-14, 
            -1.69309011e-14, -4.29795088e-14, 1 ]
          isTouching: true
          partingDirection: [ 0, 0, 1 ]
        - 
          name: RLEG_JOINT5
          index: 38
          translation: [ -2.35125688e-10, 0.110000349, 0.0995000807 ]
          rotation: [ 
            0.939930928, -0.341364687, 3.10515502e-16, 
            0.341364687, 0.939930928, 2.51743071e-14, 
            -8.82627305e-15, -2.3543667e-14, 1 ]
          isTouching: true
          partingDirection: [ 0, 0, 1 ]
  - 
    time: 4.9
    refer: 
      type: Pose
      name: ""
      ikLinks: 
        - 
          name: WAIST
          index: 0
          translation: [ 0, 0.21, 0.9768 ]
          rotation: [ 
            1, 0, 0, 
            0, 1, 0, 
            -0, 0, 1 ]
  - 
    time: 5
    refer: 
      type: Pose
      name: ""
      joints: [ 
        0, 1, 2, 3, 4, 5, 6, 7, 8, 9, 
        10, 11 ]
      q: [ 
        0.348368417, -0.0515704993, -0.322066615, 0.68418543, -0.362118815, 0.0515704993, 0.348368417, -0.0515704993, -0.322066615, 0.68418543, 
        -0.362118815, 0.0515704993 ]
      ikLinks: 
        - 
          name: LLEG_JOINT5
          index: 32
          translation: [ -7.60044784e-10, 0.310000348, 0.0995000813 ]
          rotation: [ 
            0.939930928, -0.341364687, -1.15185639e-15, 
            0.341364687, 0.939930928, 4.52832216e-14, 
            -1.4321877e-14, -4.29309366e-14, 1 ]
          isTouching: true
          partingDirection: [ 0, 0, 1 ]
        - 
          name: RLEG_JOINT5
          index: 38
          translation: [ -7.60044753e-10, 0.110000348, 0.0995000813 ]
          rotation: [ 
            0.939930928, -0.341364687, -1.07552856e-16, 
            0.341364687, 0.939930928, 6.6904815e-14, 
            -2.2759572e-14, -6.29218899e-14, 1 ]
          isTouching: true
          partingDirection: [ 0, 0, 1 ]
  - 
    time: 5.7
    refer: 
      type: Pose
      name: ""
      joints: [ 
        0, 1, 2, 3, 4, 5, 6, 7, 8, 9, 
        10, 11 ]
      q: [ 
        -0.348368416, -0.0466680003, -0.361042329, 0.685835584, -0.324793255, 0.0466680003, -0.348368416, -0.0466680003, -0.361042329, 0.685835584, 
        -0.324793255, 0.0466680003 ]
      ikLinks: 
        - 
          name: LLEG_JOINT5
          index: 32
          translation: [ 6.16357824e-10, 0.370000447, 0.0995001335 ]
          rotation: [ 
            0.939930929, 0.341364686, -6.91460778e-15, 
            -0.341364686, 0.939930929, 6.12357387e-14, 
            2.74780199e-14, -5.51850232e-14, 1 ]
          isTouching: true
          partingDirection: [ 0, 0, 1 ]
        - 
          name: RLEG_JOINT5
          index: 38
          translation: [ 6.16358133e-10, 0.170000447, 0.0995001335 ]
          rotation: [ 
            0.939930929, 0.341364686, -5.95357097e-15, 
            -0.341364686, 0.939930929, 4.01345623e-14, 
            1.92623695e-14, -3.5707548e-14, 1 ]
          isTouching: true
          partingDirection: [ 0, 0, 1 ]
  - 
    time: 5.9
    refer: 
      type: Pose
      name: ""
      ikLinks: 
        - 
          name: WAIST
          index: 0
          translation: [ 0, 0.27, 0.9768 ]
          rotation: [ 
            1, 0, 0, 
            0, 1, 0, 
            -0, 0, 1 ]
  - 
    time: 6
    refer: 
      type: Pose
      name: ""
      joints: [ 
        0, 1, 2, 3, 4, 5, 6, 7, 8, 9, 
        10, 11 ]
      q: [ 
        -0.348368416, -0.0638192586, -0.364433116, 0.679318676, -0.31488556, 0.0638192586, -0.348368416, -0.0638192586, -0.364433116, 0.679318676, 
        -0.31488556, 0.0638192586 ]
      ikLinks: 
        - 
          name: LLEG_JOINT5
          index: 32
          translation: [ 1.47267518e-09, 0.370000445, 0.0995001347 ]
          rotation: [ 
            0.939930929, 0.341364686, -1.01724185e-14, 
            -0.341364686, 0.939930929, 6.2394534e-14, 
            3.06976666e-14, -5.51919621e-14, 1 ]
          isTouching: true
          partingDirection: [ 0, 0, 1 ]
        - 
          name: RLEG_JOINT5
          index: 38
          translation: [ 1.47267554e-09, 0.170000445, 0.0995001347 ]
          rotation: [ 
            0.939930929, 0.341364686, -1.13520304e-14, 
            -0.341364686, 0.939930929, 8.40785774e-14, 
            3.93018951e-14, -7.51898543e-14, 1 ]
          isTouching: true
          partingDirection: [ 0, 0, 1 ]
  - 
    time: 6.7
    refer: 
      type: Pose
      name: ""
      joints: [ 
        0, 1, 2, 3, 4, 5, 6, 7, 8, 9, 
        10, 11 ]
      q: [ 
        0.348368416, -0.0589241677, -0.317818992, 0.681392048, -0.363573055, 0.0589241677, 0.348368416, -0.0589234005, -0.317819928, 0.681393322, 
        -0.363573394, 0.0589234005 ]
      ikLinks: 
        - 
          name: LLEG_JOINT5
          index: 32
          translation: [ -1.24834008e-09, 0.430000545, 0.0995002033 ]
          rotation: [ 
            0.939930929, -0.341364686, -9.57567359e-16, 
            0.341364686, 0.939930929, 7.15122406e-14, 
            -2.3481217e-14, -6.75015599e-14, 1 ]
          isTouching: true
          partingDirection: [ 0, 0, 1 ]
        - 
          name: RLEG_JOINT5
          index: 38
          translation: [ -2.19908957e-09, 0.22999991, 0.0995000813 ]
          rotation: [ 
            0.939930929, -0.341364686, -3.16760507e-15, 
            0.341364686, 0.939930929, 4.99947306e-14, 
            -1.38222767e-14, -4.80657181e-14, 1 ]
          isTouching: true
          partingDirection: [ 0, 0, 1 ]
  - 
    time: 6.9
    refer: 
      type: Pose
      name: ""
      ikLinks: 
        - 
          name: WAIST
          index: 0
          translation: [ 0, 0.33, 0.9768 ]
          rotation: [ 
            1, 0, 0, 
            0, 1, 0, 
            -0, 0, 1 ]
  - 
    time: 7
    refer: 
      type: Pose
      name: ""
      joints: [ 
        0, 1, 2, 3, 4, 5, 6, 7, 8, 9, 
        10, 11 ]
      q: [ 
        0.348368416, -0.0760483093, -0.307179644, 0.67337573, -0.366196086, 0.0760483093, 0.348368416, -0.0760488769, -0.307179824, 0.673376533, 
        -0.366196709, 0.0760488769 ]
      ikLinks: 
        - 
          name: LLEG_JOINT5
          index: 32
          translation: [ -2.50610338e-09, 0.430000543, 0.0995002056 ]
          rotation: [ 
            0.939930929, -0.341364686, -4.87804241e-15, 
            0.341364686, 0.939930929, 6.98885394e-14, 
            -1.91513472e-14, -6.73905376e-14, 1 ]
          isTouching: true
          partingDirection: [ 0, 0, 1 ]
        - 
          name: RLEG_JOINT5
          index: 38
          translation: [ -1.7146603e-09, 0.230000996, 0.0995000674 ]
          rotation: [ 
            0.939930929, -0.341364686, -4.12517243e-15, 
            0.341364686, 0.939930929, 9.1496255e-14, 
            -2.74225087e-14, -8.73884298e-14, 1 ]
          isTouching: true
          partingDirection: [ 0, 0, 1 ]
  - 
    time: 7.7
    refer: 
      type: Pose
      name: ""
      joints: [ 
        0, 1, 2, 3, 4, 5, 6, 7, 8, 9, 
        10, 11 ]
      q: [ 
        -0.348368416, -0.0711616299, -0.365557947, 0.675881707, -0.31032376, 0.0711616299, -0.348368416, -0.0711606573, -0.365557961, 0.675882484, 
        -0.310324523, 0.0711606573 ]
      ikLinks: 
        - 
          name: LLEG_JOINT5
          index: 32
          translation: [ 1.59485511e-09, 0.490000996, 0.099500067 ]
          rotation: [ 
            0.939930929, 0.341364686, -1.33365541e-14, 
            -0.341364686, 0.939930929, 8.97198982e-14, 
            4.30766534e-14, -7.98111577e-14, 1 ]
          isTouching: true
          partingDirection: [ 0, 0, 1 ]
        - 
          name: RLEG_JOINT5
          index: 38
          translation: [ 5.60378497e-10, 0.290000199, 0.0995000299 ]
          rotation: [ 
            0.939930929, 0.341364686, -1.26045008e-14, 
            -0.341364686, 0.939930929, 6.86256607e-14, 
            3.51385587e-14, -6.02295991e-14, 1 ]
          isTouching: true
          partingDirection: [ 0, 0, 1 ]
  - 
    time: 7.9
    refer: 
      type: Pose
      name: ""
      ikLinks: 
        - 
          name: WAIST
          index: 0
          translation: [ 0, 0.39, 0.9768 ]
          rotation: [ 
            1, 0, 0, 
            0, 1, 0, 
            -0, 0, 1 ]
  - 
    time: 8
    refer: 
      type: Pose
      name: ""
      joints: [ 
        0, 1, 2, 3, 4, 5, 6, 7, 8, 9, 
        10, 11 ]
      q: [ 
        -0.348368416, -0.0882562602, -0.367393848, 0.666331982, -0.298938134, 0.0882562602, -0.348368416, -0.0882552917, -0.367393932, 0.666332893, 
        -0.298938961, 0.0882552917 ]
      ikLinks: 
        - 
          name: LLEG_JOINT5
          index: 32
          translation: [ 2.01047353e-09, 0.490000996, 0.0995000686 ]
          rotation: [ 
            0.939930929, 0.341364686, -1.80584714e-14, 
            -0.341364686, 0.939930929, 9.13713549e-14, 
            4.81281681e-14, -7.96862576e-14, 1 ]
          isTouching: true
          partingDirection: [ 0, 0, 1 ]
        - 
          name: RLEG_JOINT5
          index: 38
          translation: [ 7.27287588e-10, 0.290000198, 0.0995000305 ]
          rotation: [ 
            0.939930929, 0.341364686, -1.87454219e-14, 
            -0.341364686, 0.939930929, 1.12784782e-13, 
            5.61217739e-14, -9.96008831e-14, 1 ]
          isTouching: true
          partingDirection: [ 0, 0, 1 ]
  - 
    time: 8.7
    refer: 
      type: Pose
      name: ""
      joints: [ 
        0, 1, 2, 3, 4, 5, 6, 7, 8, 9, 
        10, 11 ]
      q: [ 
        0.348368416, -0.0833780189, -0.302298375, 0.669282301, -0.366983926, 0.0833780189, 0.348368416, -0.083377166, -0.302298977, 0.669282847, 
        -0.36698387, 0.083377166 ]
      ikLinks: 
        - 
          name: LLEG_JOINT5
          index: 32
          translation: [ -1.89283657e-09, 0.550000996, 0.0995000681 ]
          rotation: [ 
            0.939930929, -0.341364686, -5.09661757e-15, 
            0.341364686, 0.939930929, 9.61453139e-14, 
            -2.80331314e-14, -9.20652443e-14, 1 ]
          isTouching: true
          partingDirection: [ 0, 0, 1 ]
        - 
          name: RLEG_JOINT5
          index: 38
          translation: [ -1.35300628e-09, 0.350000297, 0.0995000623 ]
          rotation: [ 
            0.939930929, -0.341364686, -5.8668348e-15, 
            0.341364686, 0.939930929, 7.5078832e-14, 
            -2.0206059e-14, -7.25669524e-14, 1 ]
          isTouching: true
          partingDirection: [ 0, 0, 1 ]
  - 
    time: 8.9
    refer: 
      type: Pose
      name: ""
      ikLinks: 
        - 
          name: WAIST
          index: 0
          translation: [ 0, 0.45, 0.9768 ]
          rotation: [ 
            1, 0, 0, 
            0, 1, 0, 
            -0, 0, 1 ]
  - 
    time: 9
    refer: 
      type: Pose
      name: ""
      joints: [ 
        0, 1, 2, 3, 4, 5, 6, 7, 8, 9, 
        10, 11 ]
      q: [ 
        0.348368416, -0.100607121, -0.290023234, 0.658036313, -0.368013079, 0.100607121, 0.348368416, -0.100606271, -0.290023893, 0.658036976, 
        -0.368013083, 0.100606271 ]
      ikLinks: 
        - 
          name: LLEG_JOINT5
          index: 32
          translation: [ -2.304876e-09, 0.550000995, 0.09950007 ]
          rotation: [ 
            0.939930929, -0.341364686, -1.00128239e-14, 
            0.341364686, 0.939930929, 9.40220124e-14, 
            -2.25930386e-14, -9.18431997e-14, 1 ]
          isTouching: true
          partingDirection: [ 0, 0, 1 ]
        - 
          name: RLEG_JOINT5
          index: 38
          translation: [ -1.72658491e-09, 0.350000296, 0.0995000638 ]
          rotation: [ 
            0.939930929, -0.341364686, -8.90260088e-15, 
            0.341364686, 0.939930929, 1.16101573e-13, 
            -3.10862447e-14, -1.12271303e-13, 1 ]
          isTouching: true
          partingDirection: [ 0, 0, 1 ]
  - 
    time: 9.7
    refer: 
      type: Pose
      name: ""
      joints: [ 
        0, 1, 2, 3, 4, 5, 6, 7, 8, 9, 
        10, 11 ]
      q: [ 
        -0.348368416, -0.0971035642, -0.367899597, 0.660512158, -0.292612561, 0.0971035642, -0.348368416, -0.0971030792, -0.36790136, 0.660516048, 
        -0.292614688, 0.0971030792 ]
      ikLinks: 
        - 
          name: LLEG_JOINT5
          index: 32
          translation: [ 5.31891613e-09, 0.610000836, 0.099500546 ]
          rotation: [ 
            0.939930929, 0.341364686, -2.25930386e-14, 
            -0.341364686, 0.939930929, 1.19182442e-13, 
            6.18394225e-14, -1.04319331e-13, 1 ]
          isTouching: true
          partingDirection: [ 0, 0, 1 ]
        - 
          name: RLEG_JOINT5
          index: 38
          translation: [ 2.61649991e-09, 0.410000394, 0.0995001103 ]
          rotation: [ 
            0.939930929, 0.341364686, -2.15313878e-14, 
            -0.341364686, 0.939930929, 1.0162704e-13, 
            5.48450174e-14, -8.81517082e-14, 1 ]
          isTouching: true
          partingDirection: [ 0, 0, 1 ]
  - 
    time: 9.9
    refer: 
      type: Pose
      name: ""
      ikLinks: 
        - 
          name: WAIST
          index: 0
          translation: [ 0, 0.51, 0.9768 ]
          rotation: [ 
            1, 0, 0, 
            0, 1, 0, 
            -0, 0, 1 ]
  - 
    time: 10
    refer: 
      type: Pose
      name: ""
      joints: [ 
        0, 1, 2, 3, 4, 5, 6, 7, 8, 9, 
        10, 11 ]
      q: [ 
        -0.348368416, -0.110769629, -0.368057437, 0.650293506, -0.282236069, 0.110769629, -0.348368416, -0.110769155, -0.368059286, 0.650297552, 
        -0.282238266, 0.110769155 ]
      ikLinks: 
        - 
          name: LLEG_JOINT5
          index: 32
          translation: [ 7.55565767e-09, 0.610000834, 0.0995005547 ]
          rotation: [ 
            0.939930929, 0.341364686, -2.73739365e-14, 
            -0.341364686, 0.939930929, 1.20736754e-13, 
            6.70019595e-14, -1.04083409e-13, 1 ]
          isTouching: true
          partingDirection: [ 0, 0, 1 ]
        - 
          name: RLEG_JOINT5
          index: 38
          translation: [ 3.134732e-09, 0.410000393, 0.0995001127 ]
          rotation: [ 
            0.939930929, 0.341364686, -2.82066037e-14, 
            -0.341364686, 0.939930929, 1.37653777e-13, 
            7.36077865e-14, -1.19654286e-13, 1 ]
          isTouching: true
          partingDirection: [ 0, 0, 1 ]
  - 
    time: 10.7
    refer: 
      type: Pose
      name: ""
      joints: [ 
        0, 1, 2, 3, 4, 5, 6, 7, 8, 9, 
        10, 11 ]
      q: [ 
        -0.000348368416, -2.56509026e-09, -0.346620512, 0.693241025, -0.346620512, 2.56509026e-09, -0.000348368416, -2.5641634e-09, -0.346620512, 0.693241025, 
        -0.346620512, 2.56416343e-09 ]
      ikLinks: 
        - 
          name: LLEG_JOINT5
          index: 32
          translation: [ 8.14148748e-13, 0.639999998, 0.0995001144 ]
          rotation: [ 
            0.999999939, 0.000348368409, -9.91112081e-17, 
            -0.000348368409, 0.999999939, -2.72446932e-17, 
            1.11022302e-16, 2.73172365e-17, 1 ]
          isTouching: true
          partingDirection: [ 0, 0, 1 ]
        - 
          name: RLEG_JOINT5
          index: 38
          translation: [ 8.14182055e-13, 0.439999998, 0.0995001144 ]
          rotation: [ 
            0.999999939, 0.000348368409, 1.33123723e-16, 
            -0.000348368409, 0.999999939, 5.44942038e-18, 
            -1.66533454e-16, -5.50867877e-18, 1 ]
          isTouching: true
          partingDirection: [ 0, 0, 1 ]
  - 
    time: 10.9
    refer: 
      type: Pose
      name: ""
      ikLinks: 
        - 
          name: WAIST
          index: 0
          isBaseLink: true
          translation: [ 0, 0.54, 0.9768 ]
          rotation: [ 
            1, 0, 0, 
            0, 1, 0, 
            -0, 0, 1 ]
  - 
    time: 11
    refer: 
      type: Pose
      name: ""
      joints: [ 
        0, 1, 2, 3, 4, 5, 6, 7, 8, 9, 
        10, 11, 12, 13, 14, 15, 16, 17, 18, 19, 
        20, 21, 22, 23, 24, 25, 26, 27, 28, 29, 
        30, 31, 32, 33 ]
      q: [ 
        -0.000348368416, -2.56509026e-09, -0.346620512, 0.693241025, -0.346620512, 2.56509026e-09, -0.000348368416, -2.5641634e-09, -0.346620512, 0.693241025, 
        -0.346620512, 2.56416343e-09, 0, 0, 0, 0, 0, 0, 0.698131701, -0.34906585, 
        -0.0872664626, -1.3962634, 0, 0, -0.34906585, 0, 0.698131701, 0.34906585, 0.0872664626, -1.3962634, 
        0, 0, -0.34906585, 0 ]
      ikLinks: 
        - 
          name: WAIST
          index: 0
          isBaseLink: true
          translation: [ 0, 0.54, 0.9768 ]
          rotation: [ 
            1, 0, 0, 
            0, 1, 0, 
            -0, 0, 1 ]
        - 
          name: LARM_JOINT7
          index: 14
          translation: [ 0.0198425732, 0.911456088, 0.976314795 ]
          rotation: [ 
            0.459003031, 0.152244556, -0.875292987, 
            -0.351045806, 0.936116807, -0.0212641954, 
            0.816139118, 0.317028262, 0.483125264 ]
        - 
          name: RARM_JOINT7
          index: 24
          translation: [ 0.0198425732, 0.168543912, 0.976314795 ]
          rotation: [ 
            0.459003031, -0.152244556, -0.875292987, 
            0.351045806, 0.936116807, 0.0212641954, 
            0.816139118, -0.317028262, 0.483125264 ]
        - 
          name: LLEG_JOINT5
          index: 32
          translation: [ 8.14148748e-13, 0.639999998, 0.0995001144 ]
          rotation: [ 
            0.999999939, 0.000348368409, -9.91112081e-17, 
            -0.000348368409, 0.999999939, -2.72446932e-17, 
            1.11022302e-16, 2.73172365e-17, 1 ]
          isTouching: true
          partingDirection: [ 0, 0, 1 ]
        - 
          name: RLEG_JOINT5
          index: 38
          translation: [ 8.14182055e-13, 0.439999998, 0.0995001144 ]
          rotation: [ 
            0.999999939, 0.000348368409, 1.33123723e-16, 
            -0.000348368409, 0.999999939, 5.44942038e-18, 
            -1.66533454e-16, -5.50867877e-18, 1 ]
          isTouching: true
          partingDirection: [ 0, 0, 1 ]
