# Body pose sequence format version 1.0 defined by cnoid-Robotics

type: PoseSeq
name: "slide-forward-200step-len-5step"
targetBody: "JAXON_BLUE"
refs: 
  - 
    time: 0
    refer: 
      type: Pose
      name: ""
      joints: [ 
        0, 1, 2, 3, 4, 5, 6, 7, 8, 9, 
        10, 11, 12, 13, 14, 15, 16, 17, 18, 19, 
        20, 21, 22, 23, 24, 25, 26, 27, 28, 29, 
        30 ]
      q: [ 
        0, 0, -0.34906585, 0.698131701, -0.34906585, 0, 0, 0, -0.34906585, 0.698131701, 
        -0.34906585, 0, 0, 0, 0, 0, 0, 0.698131701, -0.34906585, -0.0872664626, 
        -1.3962634, 0, 0, 0, 0.698131701, 0.34906585, 0.0872664626, -1.3962634, 0, 0, 
        0 ]
      ikLinks: 
        - 
          name: WAIST
          index: 0
          isBaseLink: true
          translation: [ 0.025, 0, 0.9775 ]
          rotation: [ 
            1, 3.45305382e-14, 8.74300632e-14, 
            -3.45305382e-14, 1, 7.36355421e-14, 
            -8.74300632e-14, -7.36355421e-14, 1 ]
        - 
          name: LARM_JOINT6
          index: 12
          translation: [ -0.0253275452, 0.352476822, 0.919298399 ]
          rotation: [ 
            0.730689592, 0.152244556, -0.66551808, 
            -0.322602371, 0.936116807, -0.140046544, 
            0.601681336, 0.317028263, 0.733125263 ]
        - 
          name: RARM_JOINT6
          index: 19
          translation: [ -0.0253275452, -0.332080676, 0.919298399 ]
          rotation: [ 
            0.730689592, -0.152244556, -0.66551808, 
            0.322602371, 0.936116807, 0.140046544, 
            0.601681336, -0.317028263, 0.733125263 ]
        - 
          name: LLEG_JOINT5
          index: 25
          translation: [ 5.559127e-22, 0.1, 0.103500005 ]
          rotation: [ 
            1, 3.50329129e-14, 1.09634524e-13, 
            -3.50329129e-14, 1, 5.97252824e-14, 
            -1.09634524e-13, -5.97252824e-14, 1 ]
          isTouching: true
          partingDirection: [ 0, 0, 1 ]
        - 
          name: RLEG_JOINT5
          index: 31
          translation: [ -1.58552069e-07, -0.0999998981, 0.103500027 ]
          rotation: [ 
            1, 3.453178e-14, 8.75965966e-14, 
            -3.45314055e-14, 1, 7.3642481e-14, 
            -8.75965966e-14, -7.36407463e-14, 1 ]
          isTouching: true
          partingDirection: [ 0, 0, 1 ]
  - 
    time: 0.2
    refer: 
      type: Pose
      name: ""
      joints: [ 
        0, 1, 2, 3, 4, 5, 6, 7, 8, 9, 
        10, 11, 12, 13, 14, 15, 16, 17, 18, 19, 
        20, 21, 22, 23, 24, 25, 26, 27, 28, 29, 
        30 ]
      q: [ 
        0, 0, -0.34906585, 0.698131701, -0.34906585, 0, 0, 0, -0.34906585, 0.698131701, 
        -0.34906585, 0, 0, 0, 0, 0, 0, 0.698131701, -0.34906585, -0.0872664626, 
        -1.3962634, 0, 0, 0, 0.698131701, 0.34906585, 0.0872664626, -1.3962634, 0, 0, 
        0 ]
      ikLinks: 
        - 
          name: WAIST
          index: 0
          isBaseLink: true
          translation: [ 0.025, 0, 0.9775 ]
          rotation: [ 
            1, 3.45305382e-14, 8.74300632e-14, 
            -3.45305382e-14, 1, 7.36355421e-14, 
            -8.74300632e-14, -7.36355421e-14, 1 ]
        - 
          name: LARM_JOINT6
          index: 12
          translation: [ -0.0253275452, 0.352476822, 0.919298399 ]
          rotation: [ 
            0.730689592, 0.152244556, -0.66551808, 
            -0.322602371, 0.936116807, -0.140046544, 
            0.601681336, 0.317028263, 0.733125263 ]
        - 
          name: RARM_JOINT6
          index: 19
          translation: [ -0.0253275452, -0.332080676, 0.919298399 ]
          rotation: [ 
            0.730689592, -0.152244556, -0.66551808, 
            0.322602371, 0.936116807, 0.140046544, 
            0.601681336, -0.317028263, 0.733125263 ]
        - 
          name: LLEG_JOINT5
          index: 25
          translation: [ 5.559127e-22, 0.1, 0.103500005 ]
          rotation: [ 
            1, 3.50329129e-14, 1.09634524e-13, 
            -3.50329129e-14, 1, 5.97252824e-14, 
            -1.09634524e-13, -5.97252824e-14, 1 ]
          isTouching: true
          partingDirection: [ 0, 0, 1 ]
        - 
          name: RLEG_JOINT5
          index: 31
          translation: [ -1.58552069e-07, -0.0999998981, 0.103500027 ]
          rotation: [ 
            1, 3.453178e-14, 8.75965966e-14, 
            -3.45314055e-14, 1, 7.3642481e-14, 
            -8.75965966e-14, -7.36407463e-14, 1 ]
          isTouching: true
          partingDirection: [ 0, 0, 1 ]
  - 
    time: 1
    refer: 
      type: Pose
      name: ""
      joints: [ 
        0, 1, 2, 3, 4, 5, 6, 7, 8, 9, 
        10, 11, 12, 13, 14, 15, 16, 17, 18, 19, 
        20, 21, 22, 23, 24, 25, 26, 27, 28, 29, 
        30 ]
      q: [ 
        0, 0, -0.34906585, 0.698131701, -0.34906585, 0, 0, 0, -0.34906585, 0.698131701, 
        -0.34906585, 0, 0, 0, 0, 0, 0, 0.698131701, -0.34906585, -0.0872664626, 
        -1.3962634, 0, 0, 0, 0.698131701, 0.34906585, 0.0872664626, -1.3962634, 0, 0, 
        0 ]
      ikLinks: 
        - 
          name: LARM_JOINT6
          index: 12
          translation: [ -0.0253275452, 0.352476822, 0.919298399 ]
          rotation: [ 
            0.730689592, 0.152244556, -0.66551808, 
            -0.322602371, 0.936116807, -0.140046544, 
            0.601681336, 0.317028263, 0.733125263 ]
        - 
          name: RARM_JOINT6
          index: 19
          translation: [ -0.0253275452, -0.332080676, 0.919298399 ]
          rotation: [ 
            0.730689592, -0.152244556, -0.66551808, 
            0.322602371, 0.936116807, 0.140046544, 
            0.601681336, -0.317028263, 0.733125263 ]
        - 
          name: LLEG_JOINT5
          index: 25
          translation: [ 5.559127e-22, 0.1, 0.103500005 ]
          rotation: [ 
            1, 3.50329129e-14, 1.09634524e-13, 
            -3.50329129e-14, 1, 5.97252824e-14, 
            -1.09634524e-13, -5.97252824e-14, 1 ]
          isTouching: true
          partingDirection: [ 0, 0, 1 ]
        - 
          name: RLEG_JOINT5
          index: 31
          translation: [ -1.58552069e-07, -0.0999998981, 0.103500027 ]
          rotation: [ 
            1, 3.453178e-14, 8.75965966e-14, 
            -3.45314055e-14, 1, 7.3642481e-14, 
            -8.75965966e-14, -7.36407463e-14, 1 ]
          isTouching: true
          partingDirection: [ 0, 0, 1 ]
  - 
    time: 1.35
    refer: 
      type: Pose
      name: ""
      joints: [ 
        0, 1, 2, 3, 4, 5, 6, 7, 8, 9, 
        10, 11 ]
      q: [ 
        0, 0, -0.34906585, 0.698131701, -0.34906585, 0, 0, 0, -0.34906585, 0.698131701, 
        -0.34906585, 0 ]
      ikLinks: 
        - 
          name: LLEG_JOINT5
          index: 25
          translation: [ 5.559127e-22, 0.1, 0.103500005 ]
          rotation: [ 
            1, 3.50329129e-14, 1.09634524e-13, 
            -3.50329129e-14, 1, 5.97252824e-14, 
            -1.09634524e-13, -5.97252824e-14, 1 ]
          isTouching: true
          partingDirection: [ 0, 0, 1 ]
        - 
          name: RLEG_JOINT5
          index: 31
          translation: [ -1.58552069e-07, -0.0999998981, 0.103500027 ]
          rotation: [ 
            1, 3.453178e-14, 8.75965966e-14, 
            -3.45314055e-14, 1, 7.3642481e-14, 
            -8.75965966e-14, -7.36407463e-14, 1 ]
          isTouching: true
          partingDirection: [ 0, 0, 1 ]
  - 
    time: 1.5
    refer: 
      type: Pose
      name: ""
      ikLinks: 
        - 
          name: WAIST
          index: 0
          isBaseLink: true
          translation: [ 0.085, -0.03, 0.9775 ]
          rotation: [ 
            1, 3.45314054e-14, 8.75410747e-14, 
            -3.45314054e-14, 1, 7.36424803e-14, 
            -8.75410747e-14, -7.36424803e-14, 1 ]
  - 
    time: 2
    refer: 
      type: Pose
      name: ""
      joints: [ 
        0, 1, 2, 3, 4, 5, 6, 7, 8, 9, 
        10, 11 ]
      q: [ 
        0, 0, -0.34906585, 0.698131701, -0.34906585, 0, 0, 0, -0.34906585, 0.698131701, 
        -0.34906585, -1.84144284e-13 ]
      ikLinks: 
        - 
          name: LLEG_JOINT5
          index: 25
          translation: [ 0.200000509, 0.1, 0.103500209 ]
          rotation: [ 
            1, 3.45288454e-14, 9.99953037e-10, 
            -3.45288456e-14, 1, 1.66169561e-13, 
            -9.99953037e-10, -1.66169561e-13, 1 ]
          isTouching: true
          partingDirection: [ 0, 0, 1 ]
        - 
          name: RLEG_JOINT5
          index: 31
          translation: [ -1.58552069e-07, -0.0999998981, 0.103500027 ]
          rotation: [ 
            1, 3.453178e-14, 8.75965966e-14, 
            -3.45314055e-14, 1, 7.3642481e-14, 
            -8.75965966e-14, -7.36407463e-14, 1 ]
          isTouching: true
          partingDirection: [ 0, 0, 1 ]
  - 
    time: 2.35
    refer: 
      type: Pose
      name: ""
      joints: [ 
        0, 1, 2, 3, 4, 5, 6, 7, 8, 9, 
        10, 11 ]
      q: [ 
        0, 0, -0.34906585, 0.698131701, -0.34906585, 0, 0, 0, -0.34906585, 0.698131701, 
        -0.34906585, 0.0359394981 ]
      ikLinks: 
        - 
          name: LLEG_JOINT5
          index: 25
          translation: [ 0.200000508, 0.100000006, 0.103500186 ]
          rotation: [ 
            1, 2.93015078e-14, 9.99483935e-10, 
            -2.93046837e-14, 1, 2.02109163e-13, 
            -9.99484107e-10, -2.02102224e-13, 1 ]
          isTouching: true
          partingDirection: [ 0, 0, 1 ]
        - 
          name: RLEG_JOINT5
          index: 31
          translation: [ -1.58552069e-07, -0.0999998981, 0.103500027 ]
          rotation: [ 
            1, 3.453178e-14, 8.75965966e-14, 
            -3.45314055e-14, 1, 7.3642481e-14, 
            -8.75965966e-14, -7.36407463e-14, 1 ]
          isTouching: true
          partingDirection: [ 0, 0, 1 ]
  - 
    time: 2.5
    refer: 
      type: Pose
      name: ""
      ikLinks: 
        - 
          name: WAIST
          index: 0
          isBaseLink: true
          translation: [ 0.235, 0.03, 0.9775 ]
          rotation: [ 
            1, 3.45314055e-14, 8.75410855e-14, 
            -3.45314055e-14, 1, 7.3642481e-14, 
            -8.75410855e-14, -7.3642481e-14, 1 ]
  - 
    time: 3
    refer: 
      type: Pose
      name: ""
      joints: [ 
        0, 1, 2, 3, 4, 5, 6, 7, 8, 9, 
        10, 11 ]
      q: [ 
        0, 0, -0.34906585, 0.698131701, -0.34906585, -2.77684103e-13, 0, 0, -0.34906585, 0.698131701, 
        -0.34906585, -1.75753864e-13 ]
      ikLinks: 
        - 
          name: LLEG_JOINT5
          index: 25
          translation: [ 0.200000487, 0.1, 0.103500186 ]
          rotation: [ 
            1, 3.45307318e-14, 1.00018649e-09, 
            -3.45307319e-14, 1, 1.66181474e-13, 
            -1.00018649e-09, -1.66181475e-13, 1 ]
          isTouching: true
          partingDirection: [ 0, 0, 1 ]
        - 
          name: RLEG_JOINT5
          index: 31
          translation: [ 0.400000077, -0.1, 0.103500192 ]
          rotation: [ 
            1, 3.45192384e-14, 9.99913013e-10, 
            -3.45192387e-14, 1, 2.58716855e-13, 
            -9.99913013e-10, -2.58716855e-13, 1 ]
          isTouching: true
          partingDirection: [ 0, 0, 1 ]
  - 
    time: 3.35
    refer: 
      type: Pose
      name: ""
      joints: [ 
        0, 1, 2, 3, 4, 5, 6, 7, 8, 9, 
        10, 11 ]
      q: [ 
        0, 0, -0.34906585, 0.698131701, -0.34906585, -0.0359394981, 0, 0, -0.34906585, 0.698131701, 
        -0.34906585, -0.0359394981 ]
      ikLinks: 
        - 
          name: LLEG_JOINT5
          index: 25
          translation: [ 0.200000499, 0.0999999894, 0.1035003 ]
          rotation: [ 
            1, 3.08751361e-14, 9.99695955e-10, 
            -3.08728737e-14, 1, 1.30243039e-13, 
            -9.99696048e-10, -1.30243039e-13, 1 ]
          isTouching: true
          partingDirection: [ 0, 0, 1 ]
        - 
          name: RLEG_JOINT5
          index: 31
          translation: [ 0.4000001, -0.100000003, 0.103500096 ]
          rotation: [ 
            1, 3.54923481e-14, 9.99535701e-10, 
            -3.54907076e-14, 1, 2.22787067e-13, 
            -9.99535732e-10, -2.22773189e-13, 1 ]
          isTouching: true
          partingDirection: [ 0, 0, 1 ]
  - 
    time: 3.5
    refer: 
      type: Pose
      name: ""
      ikLinks: 
        - 
          name: WAIST
          index: 0
          isBaseLink: true
          translation: [ 0.385, -0.03, 0.9775 ]
          rotation: [ 
            1, 3.45314055e-14, 8.75410855e-14, 
            -3.45314055e-14, 1, 7.3642481e-14, 
            -8.75410855e-14, -7.3642481e-14, 1 ]
  - 
    time: 4
    refer: 
      type: Pose
      name: ""
      joints: [ 
        0, 1, 2, 3, 4, 5, 6, 7, 8, 9, 
        10, 11 ]
      q: [ 
        0, 0, -0.34906585, 0.698131701, -0.34906585, -2.66784062e-13, 0, 0, -0.34906585, 0.698131701, 
        -0.34906585, -3.68736948e-13 ]
      ikLinks: 
        - 
          name: LLEG_JOINT5
          index: 25
          translation: [ 0.600000001, 0.1, 0.103500897 ]
          rotation: [ 
            1, 3.4511163e-14, 9.99968469e-10, 
            -3.45111634e-14, 1, 3.51231721e-13, 
            -9.99968469e-10, -3.51231721e-13, 1 ]
          isTouching: true
          partingDirection: [ 0, 0, 1 ]
        - 
          name: RLEG_JOINT5
          index: 31
          translation: [ 0.400000098, -0.1, 0.103500097 ]
          rotation: [ 
            1, 3.45323911e-14, 1.00020886e-09, 
            -3.45323913e-14, 1, 2.58705534e-13, 
            -1.00020886e-09, -2.58705534e-13, 1 ]
          isTouching: true
          partingDirection: [ 0, 0, 1 ]
  - 
    time: 4.348
    refer: 
      type: Pose
      name: ""
      joints: [ 
        0, 1, 2, 3, 4, 5, 6, 7, 8, 9, 
        10, 11 ]
      q: [ 
        0, 0, -0.34906585, 0.698131701, -0.34906585, 0.0358137351, 0, 0, -0.34906585, 0.698131701, 
        -0.34906585, 0.0358137351 ]
      ikLinks: 
        - 
          name: LLEG_JOINT5
          index: 25
          translation: [ 0.600000145, 0.10000001, 0.103500277 ]
          rotation: [ 
            1, 3.8295824e-14, 9.9959753e-10, 
            -3.82940207e-14, 1, 3.87079258e-13, 
            -9.99597571e-10, -3.87086196e-13, 1 ]
          isTouching: true
          partingDirection: [ 0, 0, 1 ]
        - 
          name: RLEG_JOINT5
          index: 31
          translation: [ 0.40000015, -0.0999999902, 0.103500278 ]
          rotation: [ 
            1, 4.27349304e-14, 9.99675359e-10, 
            -4.27366476e-14, 1, 2.94514413e-13, 
            -9.99675398e-10, -2.94507474e-13, 1 ]
          isTouching: true
          partingDirection: [ 0, 0, 1 ]
  - 
    time: 4.5
    refer: 
      type: Pose
      name: ""
      ikLinks: 
        - 
          name: WAIST
          index: 0
          isBaseLink: true
          translation: [ 0.585, 0.03, 0.9775 ]
          rotation: [ 
            1, 3.45314055e-14, 8.75410855e-14, 
            -3.45314055e-14, 1, 7.3642481e-14, 
            -8.75410855e-14, -7.3642481e-14, 1 ]
  - 
    time: 5
    refer: 
      type: Pose
      name: ""
      joints: [ 
        0, 1, 2, 3, 4, 5, 6, 7, 8, 9, 
        10, 11 ]
      q: [ 
        0, 0, -0.34906585, 0.698131701, -0.34906585, -4.59872937e-13, 0, 0, -0.34906585, 0.698131701, 
        -0.34906585, -3.57989592e-13 ]
      ikLinks: 
        - 
          name: LLEG_JOINT5
          index: 25
          translation: [ 0.600000163, 0.1, 0.103500292 ]
          rotation: [ 
            1, 3.45303079e-14, 1.00022279e-09, 
            -3.45303083e-14, 1, 3.51272758e-13, 
            -1.00022279e-09, -3.51272758e-13, 1 ]
          isTouching: true
          partingDirection: [ 0, 0, 1 ]
        - 
          name: RLEG_JOINT5
          index: 31
          translation: [ 0.799999948, -0.1, 0.103500539 ]
          rotation: [ 
            1, 3.45883237e-14, 1.00001613e-09, 
            -3.45883242e-14, 1, 4.43731391e-13, 
            -1.00001613e-09, -4.43731391e-13, 1 ]
          isTouching: true
          partingDirection: [ 0, 0, 1 ]
  - 
    time: 5.35
    refer: 
      type: Pose
      name: ""
      joints: [ 
        0, 1, 2, 3, 4, 5, 6, 7, 8, 9, 
        10, 11 ]
      q: [ 
        0, 0, -0.34906585, 0.698131701, -0.34906585, -0.0359394981, 0, 0, -0.34906585, 0.698131701, 
        -0.34906585, -0.0359394981 ]
      ikLinks: 
        - 
          name: LLEG_JOINT5
          index: 25
          translation: [ 0.600000159, 0.0999999902, 0.103500278 ]
          rotation: [ 
            1, 2.65410146e-14, 9.9968569e-10, 
            -2.65395345e-14, 1, 3.15338033e-13, 
            -9.99685723e-10, -3.15351911e-13, 1 ]
          isTouching: true
          partingDirection: [ 0, 0, 1 ]
        - 
          name: RLEG_JOINT5
          index: 31
          translation: [ 0.800000206, -0.100000024, 0.103500678 ]
          rotation: [ 
            1, 2.59784681e-14, 9.99644454e-10, 
            -2.59809535e-14, 1, 4.07819611e-13, 
            -9.99644423e-10, -4.07819611e-13, 1 ]
          isTouching: true
          partingDirection: [ 0, 0, 1 ]
  - 
    time: 5.5
    refer: 
      type: Pose
      name: ""
      ikLinks: 
        - 
          name: WAIST
          index: 0
          isBaseLink: true
          translation: [ 0.785, -0.03, 0.9775 ]
          rotation: [ 
            1, 3.45314055e-14, 8.75410855e-14, 
            -3.45314055e-14, 1, 7.3642481e-14, 
            -8.75410855e-14, -7.3642481e-14, 1 ]
  - 
    time: 6
    refer: 
      type: Pose
      name: ""
      joints: [ 
        0, 1, 2, 3, 4, 5, 6, 7, 8, 9, 
        10, 11 ]
      q: [ 
        0, 0, -0.34906585, 0.698131701, -0.34906585, -0.00687811918, 0, 0, -0.34906585, 0.698131701, 
        -0.34906585, -0.00687811918 ]
      ikLinks: 
        - 
          name: LLEG_JOINT5
          index: 25
          translation: [ 0.800000041, 0.0999999992, 0.103500115 ]
          rotation: [ 
            1, 3.09082921e-14, 1.00020092e-09, 
            -3.09084355e-14, 1, 4.36956027e-13, 
            -1.00020092e-09, -4.36956027e-13, 1 ]
          isTouching: true
          partingDirection: [ 0, 0, 1 ]
        - 
          name: RLEG_JOINT5
          index: 31
          translation: [ 0.800000041, -0.100000001, 0.103500115 ]
          rotation: [ 
            1, 3.09104815e-14, 1.00020015e-09, 
            -3.09110376e-14, 1, 4.36838933e-13, 
            -1.00019998e-09, -4.36841535e-13, 1 ]
          isTouching: true
          partingDirection: [ 0, 0, 1 ]
  - 
    time: 6.176
    refer: 
      type: Pose
      name: ""
      ikLinks: 
        - 
          name: WAIST
          index: 0
          isBaseLink: true
          translation: [ 0.855, 0, 0.9775 ]
          rotation: [ 
            1, 3.45314055e-14, 8.75410855e-14, 
            -3.45314055e-14, 1, 7.3642481e-14, 
            -8.75410855e-14, -7.3642481e-14, 1 ]
  - 
    time: 6.35
    refer: 
      type: Pose
      name: ""
      joints: [ 
        0, 1, 2, 3, 4, 5, 6, 7, 8, 9, 
        10, 11, 12, 13, 14, 15, 16, 17, 18, 19, 
        20, 21, 22, 23, 24, 25, 26, 27, 28, 29, 
        30 ]
      q: [ 
        0, 0, -0.34906585, 0.698131701, -0.34906585, -4.4589982e-13, 0, 0, -0.34906585, 0.698131701, 
        -0.34906585, -4.46042005e-13, 0, 0, 0, 0, 0, 0.698131701, -0.34906585, -0.0872664626, 
        -1.3962634, 0, 0, 0, 0.698131701, 0.34906585, 0.0872664626, -1.3962634, 0, 0, 
        0 ]
      ikLinks: 
        - 
          name: WAIST
          index: 0
          isBaseLink: true
          translation: [ 0.855, 0, 0.9775 ]
          rotation: [ 
            1, 3.45314055e-14, 8.75410855e-14, 
            -3.45314055e-14, 1, 7.3642481e-14, 
            -8.75410855e-14, -7.3642481e-14, 1 ]
        - 
          name: LARM_JOINT6
          index: 12
          translation: [ -0.0253275452, 0.352476822, 0.919298399 ]
          rotation: [ 
            0.730689592, 0.152244556, -0.66551808, 
            -0.322602371, 0.936116807, -0.140046544, 
            0.601681336, 0.317028263, 0.733125263 ]
        - 
          name: RARM_JOINT6
          index: 19
          translation: [ -0.0253275452, -0.332080676, 0.919298399 ]
          rotation: [ 
            0.730689592, -0.152244556, -0.66551808, 
            0.322602371, 0.936116807, 0.140046544, 
            0.601681336, -0.317028263, 0.733125263 ]
        - 
          name: LLEG_JOINT5
          index: 25
          translation: [ 0.800000123, 0.1, 0.103500344 ]
          rotation: [ 
            1, 3.4525234e-14, 1.0001705e-09, 
            -3.45252345e-14, 1, 4.43869786e-13, 
            -1.0001705e-09, -4.43869786e-13, 1 ]
          isTouching: true
          partingDirection: [ 0, 0, 1 ]
        - 
          name: RLEG_JOINT5
          index: 31
          translation: [ 0.800000123, -0.1, 0.103500344 ]
          rotation: [ 
            1, 3.45235153e-14, 1.00017017e-09, 
            -3.45235158e-14, 1, 4.43718802e-13, 
            -1.00017017e-09, -4.43718802e-13, 1 ]
          isTouching: true
          partingDirection: [ 0, 0, 1 ]
