# Body pose sequence format version 1.0 defined by cnoid-Robotics

type: PoseSeq
name: "lf-rb-toe-turn"
targetBody: "JAXON_BLUE"
refs: 
  - 
    time: 0
    refer: 
      type: Pose
      name: ""
      joints: [ 
        0, 1, 2, 3, 4, 5, 6, 7, 8, 9, 
        10, 11, 12, 13, 14, 15, 16, 17, 18, 19, 
        20, 21, 22, 23, 24, 25, 26, 27, 28, 29, 
        30 ]
      q: [ 
        3.41441847e-14, 4.2552593e-07, -0.457565233, 0.637139371, -0.179574136, -4.62477802e-11, -3.14148656e-16, 4.08249819e-07, -0.17957813, 0.637145266, 
        -0.457567136, -4.43984063e-11, 0, 0, 0, 0, 0, 0.698132, -0.349066, -0.087266, 
        -1.396263, 0, 0, 0, 0.698132, 0.349066, 0.087266, -1.396263, 0, 0, 
        0 ]
      ikLinks: 
        - 
          name: WAIST
          index: 0
          isBaseLink: true
          translation: [ 0, 0, 0.9815 ]
          rotation: [ 
            1, 3.50329129e-14, 1.09523501e-13, 
            -3.50329129e-14, 1, 5.97252824e-14, 
            -1.09523501e-13, -5.97252824e-14, 1 ]
        - 
          name: LARM_JOINT6
          index: 12
          translation: [ -0.0162930225, 0.342278723, 0.919338074 ]
          rotation: [ 
            0.730689996, 0.152245103, -0.665517511, 
            -0.322602529, 0.936116794, -0.140046267, 
            0.601680761, 0.317028039, 0.733125832 ]
        - 
          name: RARM_JOINT6
          index: 19
          translation: [ -0.0162930225, -0.342278723, 0.919338074 ]
          rotation: [ 
            0.730689996, -0.152245103, -0.665517511, 
            0.322602529, 0.936116794, 0.140046267, 
            0.601680761, -0.317028039, 0.733125832 ]
        - 
          name: LLEG_JOINT5
          index: 25
          translation: [ -0.0999999853, 0.1, 0.103499701 ]
          rotation: [ 
            1, 3.53465029e-14, 8.47655279e-14, 
            -3.53465029e-14, 1, 5.97291063e-14, 
            -8.47655279e-14, -5.97291063e-14, 1 ]
          isTouching: true
          partingDirection: [ 0, 0, 1 ]
        - 
          name: RLEG_JOINT5
          index: 31
          translation: [ 0.099999982, -0.1, 0.103499701 ]
          rotation: [ 
            1, 3.68667207e-17, 2.00009287e-09, 
            -3.68667201e-17, 1, -2.74754642e-16, 
            -2.00009287e-09, 2.74754642e-16, 1 ]
          isTouching: true
          partingDirection: [ 0, 0, 1 ]
  - 
    time: 1
    refer: 
      type: Pose
      name: ""
      joints: [ 
        0, 1, 2, 3, 4, 5, 6, 7, 8, 9, 
        10, 11 ]
      q: [ 
        -9.52118734e-16, 3.84331385e-07, -0.45757054, 0.637138917, -0.179568375, -4.17605523e-11, -6.66926875e-16, 3.87120246e-07, -0.179578571, 0.637145264, 
        -0.457566692, -4.20586119e-11 ]
      ikLinks: 
        - 
          name: WAIST
          index: 0
          isBaseLink: true
          translation: [ 0, 0, 0.9815 ]
          rotation: [ 
            1, 0, 0, 
            0, 1, 0, 
            -0, 0, 1 ]
        - 
          name: LLEG_JOINT5
          index: 25
          translation: [ -0.0999999853, 0.1, 0.103499701 ]
          rotation: [ 
            1, 2.77126952e-16, 9.99975325e-10, 
            -2.77126952e-16, 1, 7.13887353e-18, 
            -9.99975325e-10, -7.13887381e-18, 1 ]
          isTouching: true
          partingDirection: [ 0, 0, 1 ]
        - 
          name: RLEG_JOINT5
          index: 31
          translation: [ 0.0999999824, -0.1, 0.103499701 ]
          rotation: [ 
            1, 1.84028801e-16, 1.99998343e-09, 
            -1.84028801e-16, 1, -2.82466799e-20, 
            -1.99998343e-09, 2.82462986e-20, 1 ]
          isTouching: true
          partingDirection: [ 0, 0, 1 ]
  - 
    time: 1.25
    refer: 
      type: Pose
      name: ""
      joints: [ 
        0, 1, 2, 3, 4, 5, 6, 7, 8, 9, 
        10, 11 ]
      q: [ 
        0.0485915653, -0.0377142602, -0.378476088, 0.685879702, -0.307478078, 0.0462254305, 0.0485936247, 0.0271384903, -0.142966544, 0.612316323, 
        -0.469275402, -0.0223362093 ]
      ikLinks: 
        - 
          name: LLEG_JOINT5
          index: 25
          translation: [ -0.0898999875, 0.0796000031, 0.103499697 ]
          rotation: [ 
            0.957082963, -0.289814061, -0.000113798414, 
            0.289814073, 0.957082757, 0.000632347374, 
            -7.434866e-05, -0.00063818928, 0.999999794 ]
          isTouching: true
          partingDirection: [ 0, 0, 1 ]
        - 
          name: RLEG_JOINT5
          index: 31
          translation: [ 0.11009999, -0.120399996, 0.103499696 ]
          rotation: [ 
            0.957083331, -0.289812845, 0.00011373666, 
            0.289812858, 0.957083125, -0.000632355287, 
            7.4409247e-05, 0.00063817905, 0.999999794 ]
          isTouching: true
          partingDirection: [ 0, 0, 1 ]
  - 
    time: 1.5
    refer: 
      type: Pose
      name: ""
      joints: [ 
        0, 1, 2, 3, 4, 5, 6, 7, 8, 9, 
        10, 11 ]
      q: [ 
        6.14968446e-11, -0.061947339, -0.305589566, 0.679282026, -0.373692458, 0.0655817908, -5.46290491e-11, 0.0462739149, -0.308115781, 0.684396252, 
        -0.376280471, -0.0493230685 ]
      ikLinks: 
        - 
          name: LLEG_JOINT5
          index: 25
          translation: [ -0.0709999963, 0.0504999968, 0.103499693 ]
          rotation: [ 
            0.707106781, -0.707106172, -0.000928146115, 
            0.707106781, 0.707106172, 0.000928146115, 
            3.54161145e-14, -0.00131259682, 0.999999139 ]
          isTouching: true
          partingDirection: [ 0, 0, 1 ]
        - 
          name: RLEG_JOINT5
          index: 31
          translation: [ 0.128999996, -0.149499995, 0.103499695 ]
          rotation: [ 
            0.707106781, -0.707106172, 0.000928130414, 
            0.707106781, 0.707106172, -0.000928127591, 
            -1.99612504e-09, 0.00131257262, 0.999999139 ]
          isTouching: true
          partingDirection: [ 0, 0, 1 ]
  - 
    time: 1.75
    refer: 
      type: Pose
      name: ""
      joints: [ 
        0, 1, 2, 3, 4, 5, 6, 7, 8, 9, 
        10, 11 ]
      q: [ 
        -0.0363863714, -0.0330214669, -0.135071676, 0.606049493, -0.470977724, 0.0291711864, -0.036381001, 0.0295453514, -0.37560366, 0.688286859, 
        -0.312770364, -0.0370453295 ]
      ikLinks: 
        - 
          name: LLEG_JOINT5
          index: 25
          translation: [ -0.0455999971, 0.035299991, 0.103499695 ]
          rotation: [ 
            0.278104792, -0.960550527, -0.000639404458, 
            0.960550736, 0.27810479, 9.44209493e-05, 
            8.71253497e-05, -0.000640439342, 0.999999791 ]
          isTouching: true
          partingDirection: [ 0, 0, 1 ]
        - 
          name: RLEG_JOINT5
          index: 31
          translation: [ 0.154400002, -0.164699986, 0.103499698 ]
          rotation: [ 
            0.278107481, -0.960549755, 0.000630405544, 
            0.960549962, 0.278107421, -0.000182424191, 
            -9.29484044e-08, 0.000656269553, 0.999999785 ]
          isTouching: true
          partingDirection: [ 0, 0, 1 ]
  - 
    time: 2
    refer: 
      type: Pose
      name: ""
      joints: [ 
        0, 1, 2, 3, 4, 5, 6, 7, 8, 9, 
        10, 11 ]
      q: [ 
        -3.01059861e-15, -2.60720352e-07, -0.179573631, 0.637142161, -0.457568531, 3.63672781e-11, 3.14685766e-13, -2.60791746e-07, -0.457567383, 0.637139919, 
        -0.179572538, 3.24699797e-11 ]
      ikLinks: 
        - 
          name: WAIST
          index: 0
          isBaseLink: true
          translation: [ 0.07, -0.07, 0.9815 ]
          rotation: [ 
            6.123234e-17, -1, 0, 
            1, 6.123234e-17, 0, 
            -0, 0, 1 ]
        - 
          name: LLEG_JOINT5
          index: 25
          translation: [ -0.03, 0.0299999821, 0.103499701 ]
          rotation: [ 
            -3.15146276e-13, -1, 4.07999853e-12, 
            1, -3.15146285e-13, -2.00001629e-09, 
            2.00001629e-09, 4.07999853e-12, 1 ]
          isTouching: true
          partingDirection: [ 0, 0, 1 ]
        - 
          name: RLEG_JOINT5
          index: 31
          translation: [ 0.17, -0.169999986, 0.103499701 ]
          rotation: [ 
            2.81092041e-15, -1, 8.09099825e-12, 
            1, 2.81091232e-15, -1.00002462e-09, 
            1.00002462e-09, 8.09099825e-12, 1 ]
          isTouching: true
          partingDirection: [ 0, 0, 1 ]
  - 
    time: 3
    refer: 
      type: Pose
      name: ""
      joints: [ 
        0, 1, 2, 3, 4, 5, 6, 7, 8, 9, 
        10, 11, 12, 13, 14, 15, 16, 17, 18, 19, 
        20, 21, 22, 23, 24, 25, 26, 27, 28, 29, 
        30 ]
      q: [ 
        -1.63349384e-14, -8.54272183e-07, -0.179579458, 0.637154235, -0.457574777, 1.00875567e-10, 4.86933129e-13, -8.75157847e-07, -0.457571983, 0.637148656, 
        -0.179576675, 9.92469453e-11, 0, 0, 0, 0, 0, 0.698132, -0.349066, -0.087266, 
        -1.396263, 0, 0, 0, 0.698132, 0.349066, 0.087266, -1.396263, 0, 0, 
        0 ]
      ikLinks: 
        - 
          name: WAIST
          index: 0
          isBaseLink: true
          translation: [ 0.07, -0.07, 0.9815 ]
          rotation: [ 
            6.123234e-17, -1, 0, 
            1, 6.123234e-17, -0, 
            0, 0, 1 ]
        - 
          name: LARM_JOINT6
          index: 12
          translation: [ -0.272278723, -0.0862930225, 0.918638074 ]
          rotation: [ 
            0.322602529, -0.936116794, 0.140046267, 
            0.730689996, 0.152245103, -0.665517511, 
            0.601680761, 0.317028039, 0.733125832 ]
        - 
          name: RARM_JOINT6
          index: 19
          translation: [ 0.412278723, -0.0862930225, 0.918638074 ]
          rotation: [ 
            -0.322602529, -0.936116794, -0.140046267, 
            0.730689996, -0.152245103, -0.665517511, 
            0.601680761, -0.317028039, 0.733125832 ]
        - 
          name: LLEG_JOINT5
          index: 25
          translation: [ -0.0299999999, 0.0299999821, 0.103499701 ]
          rotation: [ 
            -4.88623064e-13, -1, 4.08000247e-12, 
            1, -4.88623072e-13, -2.00001624e-09, 
            2.00001624e-09, 4.08000246e-12, 1 ]
          isTouching: true
          partingDirection: [ 0, 0, 1 ]
        - 
          name: RLEG_JOINT5
          index: 31
          translation: [ 0.17, -0.169999986, 0.103499701 ]
          rotation: [ 
            1.63971851e-14, -1, 8.08999884e-12, 
            1, 1.63971851e-14, -2.45359288e-14, 
            2.45359288e-14, 8.08999884e-12, 1 ]
          isTouching: true
          partingDirection: [ 0, 0, 1 ]
