# Body pose sequence format version 1.0 defined by cnoid-Robotics

type: PoseSeq
name: "left-toe-turn-90deg"
targetBody: "JAXON_RED"
refs: 
  - 
    time: 0
    refer: 
      type: Pose
      name: ""
      joints: [ 
        0, 1, 2, 3, 4, 5, 6, 7, 8, 9, 
        10, 11, 12, 13, 14, 15, 16, 17, 18, 19, 
        20, 21, 22, 23, 24, 25, 26, 27, 28, 29, 
        30, 31, 32, 33, 34, 35, 36 ]
      q: [ 
        0.000776758784, 0.0382057419, -0.429148415, 0.661179776, -0.232031362, -0.0382057419, 0.000776758784, -0.0382057419, -0.232031362, 0.661179776, 
        -0.429148415, 0.0382057419, 0, 0, 0, 0, 0, 0, 0.698131701, -0.34906585, 
        -0.0872664626, -1.3962634, 0, 0, -0.34906585, 0, 0.698131701, 0.34906585, 0.0872664626, -1.3962634, 
        0, 0, -0.34906585, 0, 0, 0, 0 ]
      ikLinks: 
        - 
          name: WAIST
          index: 0
          isBaseLink: true
          translation: [ 0, 0.06, 0.9768 ]
          rotation: [ 
            0.707106781, 0.707106781, 0, 
            -0.707106781, 0.707106781, 0, 
            0, 0, 1 ]
        - 
          name: LARM_JOINT7
          index: 13
          translation: [ 0.276689937, 0.308628301, 0.976314795 ]
          rotation: [ 
            0.0763372855, 0.7695877, -0.633961663, 
            -0.572791026, 0.554281384, 0.60388955, 
            0.816139118, 0.317028262, 0.483125264 ]
        - 
          name: RARM_JOINT7
          index: 23
          translation: [ -0.248628301, -0.216689937, 0.976314795 ]
          rotation: [ 
            0.572791026, 0.554281384, -0.60388955, 
            -0.0763372855, 0.7695877, 0.633961663, 
            0.816139118, -0.317028262, 0.483125264 ]
        - 
          name: LLEG_JOINT5
          index: 31
          translation: [ -4.09898241e-09, 0.1600006, 0.0995002736 ]
          rotation: [ 
            0.707655819, 0.706557317, 4.96477859e-15, 
            -0.706557317, 0.707655819, 7.33024752e-14, 
            4.82947016e-14, -5.53862511e-14, 1 ]
          isTouching: true
          partingDirection: [ 0, 0, 1 ]
        - 
          name: RLEG_JOINT5
          index: 37
          translation: [ 4.09898819e-09, -0.0400005997, 0.0995002736 ]
          rotation: [ 
            0.707655819, 0.706557317, 1.0413545e-13, 
            -0.706557317, 0.707655819, -1.81972493e-13, 
            -2.0225488e-13, 5.51919621e-14, 1 ]
          isTouching: true
          partingDirection: [ 0, 0, 1 ]
  - 
    time: 1
    refer: 
      type: Pose
      name: ""
      joints: [ 
        0, 1, 2, 3, 4, 5, 6, 7, 8, 9, 
        10, 11 ]
      q: [ 
        0.000863937116, 0.0381981133, -0.429151973, 0.661180731, -0.232028758, -0.0381981133, 0.000863937116, -0.0381981133, -0.232028758, 0.661180731, 
        -0.429151973, 0.0381981133 ]
      ikLinks: 
        - 
          name: WAIST
          index: 0
          isBaseLink: true
          translation: [ 0, 0.06, 0.9768 ]
          rotation: [ 
            0.707106781, 0.707106781, 0, 
            -0.707106781, 0.707106781, -0, 
            -0, 0, 1 ]
        - 
          name: LLEG_JOINT5
          index: 31
          translation: [ 2.20691971e-08, 0.160000122, 0.0995003854 ]
          rotation: [ 
            0.707717413, 0.706495622, 2.08166817e-17, 
            -0.706495622, 0.707717413, 4.16333634e-17, 
            5.55111512e-17, 6.9388939e-18, 1 ]
          isTouching: true
          partingDirection: [ 0, 0, 1 ]
        - 
          name: RLEG_JOINT5
          index: 37
          translation: [ -2.20691976e-08, -0.0400001222, 0.0995003854 ]
          rotation: [ 
            0.707717413, 0.706495622, -5.65519853e-16, 
            -0.706495622, 0.707717413, 6.69603262e-16, 
            9.15933995e-16, -1.04083409e-16, 1 ]
          isTouching: true
          partingDirection: [ 0, 0, 1 ]
  - 
    time: 2
    refer: 
      type: Pose
      name: ""
      joints: [ 
        0, 1, 2, 3, 4, 5, 6, 7, 8, 9, 
        10, 11 ]
      q: [ 
        -0.000864024382, 0.0381987841, -0.232029118, 0.661181803, -0.429152685, -0.0381987841, -0.000864024373, -0.0381985255, -0.429152034, 0.661181818, 
        -0.232029784, 0.0381985255 ]
      ikLinks: 
        - 
          name: WAIST
          index: 0
          isBaseLink: true
          translation: [ 0, -0.06, 0.9768 ]
          rotation: [ 
            0.707106781, -0.707106781, 0, 
            0.707106781, 0.707106781, 0, 
            -0, 0, 1 ]
        - 
          name: LLEG_JOINT5
          index: 31
          translation: [ -5.30468368e-08, 0.0399996425, 0.0995004967 ]
          rotation: [ 
            0.707717475, -0.70649556, -1.04083409e-17, 
            0.70649556, 0.707717475, -2.42861287e-17, 
            2.77555756e-17, 0, 1 ]
          isTouching: true
          partingDirection: [ 0, 0, 1 ]
        - 
          name: RLEG_JOINT5
          index: 37
          translation: [ -4.18833534e-07, -0.159999837, 0.099500549 ]
          rotation: [ 
            0.707717475, -0.70649556, 6.38378239e-16, 
            0.70649556, 0.707717475, -1.23859256e-15, 
            3.33066907e-16, 1.33920652e-15, 1 ]
          isTouching: true
          partingDirection: [ 0, 0, 1 ]
  - 
    time: 3
    refer: 
      type: Pose
      name: ""
      joints: [ 
        0, 1, 2, 3, 4, 5, 6, 7, 8, 9, 
        10, 11, 12, 13, 14, 15, 16, 17, 18, 19, 
        20, 21, 22, 23, 24, 25, 26, 27, 28, 29, 
        30, 31, 32, 33, 34, 35, 36 ]
      q: [ 
        -0.000864024382, 0.0380397915, -0.219314777, 0.634881609, -0.415566832, -0.0380397915, -0.000864024373, -0.038039534, -0.415566184, 0.634881624, 
        -0.21931544, 0.038039534, 0, 0, 0, 0, 0, 0, 0.698131701, -0.34906585, 
        -0.0872664626, -1.3962634, 0, 0, -0.34906585, 0, 0.698131701, 0.34906585, 0.0872664626, -1.3962634, 
        0, 0, -0.34906585, 0, 0, 0, 0 ]
      ikLinks: 
        - 
          name: WAIST
          index: 0
          isBaseLink: true
          translation: [ 0, -0.06, 0.98 ]
          rotation: [ 
            0.707106781, -0.707106781, 0, 
            0.707106781, 0.707106781, -0, 
            0, 0, 1 ]
        - 
          name: LARM_JOINT7
          index: 13
          translation: [ -0.248628301, 0.216689937, 0.979514795 ]
          rotation: [ 
            0.572791026, -0.554281384, -0.60388955, 
            0.0763372855, 0.7695877, -0.633961663, 
            0.816139118, 0.317028262, 0.483125264 ]
        - 
          name: RARM_JOINT7
          index: 23
          translation: [ 0.276689937, -0.308628301, 0.979514795 ]
          rotation: [ 
            0.0763372855, -0.7695877, -0.633961663, 
            0.572791026, 0.554281384, -0.60388955, 
            0.816139118, -0.317028262, 0.483125264 ]
        - 
          name: LLEG_JOINT5
          index: 31
          translation: [ -5.94786732e-08, 0.0399996397, 0.0995008726 ]
          rotation: [ 
            0.707717475, -0.70649556, 2.08166817e-17, 
            0.70649556, 0.707717475, 4.16333634e-17, 
            -1.11022302e-16, 0, 1 ]
          isTouching: true
          partingDirection: [ 0, 0, 1 ]
        - 
          name: RLEG_JOINT5
          index: 37
          translation: [ -4.12398463e-07, -0.159999834, 0.0995009247 ]
          rotation: [ 
            0.707717475, -0.70649556, 5.20417043e-16, 
            0.70649556, 0.707717475, -1.45022883e-15, 
            5.55111512e-16, 1.34614542e-15, 1 ]
          isTouching: true
          partingDirection: [ 0, 0, 1 ]
