# Body pose sequence format version 1.0 defined by cnoid-Robotics

type: PoseSeq
name: "left-crab-short"
targetBody: "JAXON_RED"
refs: 
  - 
    time: 0
    refer: 
      type: Pose
      name: ""
      joints: [ 
        0, 1, 2, 3, 4, 5, 6, 7, 8, 9, 
        10, 11, 12, 13, 14, 15, 16, 17, 18, 19, 
        20, 21, 22, 23, 24, 25, 26, 27, 28, 29, 
        30, 31, 32, 33, 34, 35, 36 ]
      q: [ 
        7.83100736e-11, -0.0782907814, -0.337401743, 0.674803487, -0.337401742, 0.0782907814, -7.83100736e-11, 0.0782907814, -0.337401743, 0.674803487, 
        -0.337401742, -0.0782907814, 0, 0, 0, 0, 0, 0, 0.698131701, -0.34906585, 
        -0.0872664626, -1.3962634, 0, 0, -0.34906585, 0, 0.698131701, 0.34906585, 0.0872664626, -1.3962634, 
        0, 0, -0.34906585, 0, 0, 0, 0 ]
      ikLinks: 
        - 
          name: WAIST
          index: 0
          isBaseLink: true
          translation: [ 0, 0, 0.9768 ]
          rotation: [ 
            1, 0, 0, 
            0, 1, 0, 
            -0, 0, 1 ]
        - 
          name: LARM_JOINT7
          index: 13
          translation: [ 0.0198425732, 0.371456088, 0.976314795 ]
          rotation: [ 
            0.459003031, 0.152244556, -0.875292987, 
            -0.351045806, 0.936116807, -0.0212641954, 
            0.816139118, 0.317028262, 0.483125264 ]
        - 
          name: RARM_JOINT7
          index: 23
          translation: [ 0.0198425732, -0.371456088, 0.976314795 ]
          rotation: [ 
            0.459003031, -0.152244556, -0.875292987, 
            0.351045806, 0.936116807, 0.0212641954, 
            0.816139118, -0.317028262, 0.483125264 ]
        - 
          name: LLEG_JOINT5
          index: 31
          translation: [ 1.48769885e-16, 0.159999408, 0.0995002455 ]
          rotation: [ 
            1, 5.70596371e-14, 9.97474602e-10, 
            -5.7061994e-14, 1, -7.82707232e-14, 
            -9.97474658e-10, 7.82707232e-14, 1 ]
          isTouching: true
          partingDirection: [ 0, 0, 1 ]
        - 
          name: RLEG_JOINT5
          index: 37
          translation: [ 1.48769885e-16, -0.159999408, 0.0995002455 ]
          rotation: [ 
            1, -5.70596371e-14, 9.97474602e-10, 
            5.7061994e-14, 1, 7.82707232e-14, 
            -9.97474658e-10, -7.82707232e-14, 1 ]
          isTouching: true
          partingDirection: [ 0, 0, 1 ]
  - 
    time: 1
    refer: 
      type: Pose
      name: ""
      joints: [ 
        0, 1, 2, 3, 4, 5, 6, 7, 8, 9, 
        10, 11, 12, 13, 14, 15, 16, 17, 18, 19, 
        20, 21, 22, 23, 24, 25, 26, 27, 28, 29, 
        30, 31, 32, 33, 34, 35, 36 ]
      q: [ 
        7.84049729e-11, -0.0782902379, -0.337401164, 0.674802329, -0.337401163, 0.0782902379, -7.84049717e-11, 0.0782902379, -0.337401164, 0.674802329, 
        -0.337401163, -0.0782902379, 0, 0, 0, 0, 0, 0, 0.698131701, -0.34906585, 
        -0.0872664626, -1.3962634, 0, 0, -0.34906585, 0, 0.698131701, 0.34906585, 0.0872664626, -1.3962634, 
        0, 0, -0.34906585, 0, 0, 0, 0 ]
      ikLinks: 
        - 
          name: WAIST
          index: 0
          isBaseLink: true
          translation: [ 0, 0, 0.9768 ]
          rotation: [ 
            1, 0, 0, 
            0, 1, 0, 
            -0, 0, 1 ]
        - 
          name: LARM_JOINT7
          index: 13
          translation: [ 0.0198425732, 0.371456088, 0.976314795 ]
          rotation: [ 
            0.459003031, 0.152244556, -0.875292987, 
            -0.351045806, 0.936116807, -0.0212641954, 
            0.816139118, 0.317028262, 0.483125264 ]
        - 
          name: RARM_JOINT7
          index: 23
          translation: [ 0.0198425732, -0.371456088, 0.976314795 ]
          rotation: [ 
            0.459003031, -0.152244556, -0.875292987, 
            0.351045806, 0.936116807, 0.0212641954, 
            0.816139118, -0.317028262, 0.483125264 ]
        - 
          name: LLEG_JOINT5
          index: 31
          translation: [ 8.21565038e-17, 0.159999004, 0.0995000677 ]
          rotation: [ 
            1, -1.19923045e-14, 9.99571406e-10, 
            1.19904087e-14, 1, -7.83401122e-14, 
            -9.99571315e-10, 7.83401122e-14, 1 ]
          isTouching: true
          partingDirection: [ 0, 0, 1 ]
        - 
          name: RLEG_JOINT5
          index: 37
          translation: [ 1.69864123e-16, -0.159999004, 0.0995000677 ]
          rotation: [ 
            1, 1.19824124e-14, 9.99571295e-10, 
            -1.19730614e-14, 1, 7.83123566e-14, 
            -9.99571259e-10, -7.83123566e-14, 1 ]
          isTouching: true
          partingDirection: [ 0, 0, 1 ]
  - 
    time: 1.7
    refer: 
      type: Pose
      name: ""
      joints: [ 
        0, 1, 2, 3, 4, 5, 6, 7, 8, 9, 
        10, 11 ]
      q: [ 
        0.348366837, -0.0620663977, -0.315945611, 0.680080343, -0.364134732, 0.0620663977, -0.349947213, 0.0850751998, -0.300961642, 0.668245471, 
        -0.36728383, -0.0850751998 ]
      ikLinks: 
        - 
          name: LLEG_JOINT5
          index: 31
          translation: [ -1.94406198e-09, 0.189999004, 0.0995000705 ]
          rotation: [ 
            0.939390812, 0.34284822, -9.39020674e-10, 
            -0.34284822, 0.939390812, 3.42628662e-10, 
            9.99576977e-10, 7.9269924e-14, 1 ]
          isTouching: true
          partingDirection: [ 0, 0, 1 ]
        - 
          name: RLEG_JOINT5
          index: 37
          translation: [ -1.37061362e-09, -0.129999003, 0.0995000664 ]
          rotation: [ 
            0.939931468, -0.341363203, -2.14064877e-15, 
            0.341363203, 0.939931468, 6.45108966e-14, 
            -2.00950367e-14, -6.13814555e-14, 1 ]
          isTouching: true
          partingDirection: [ 0, 0, 1 ]
  - 
    time: 1.9
    refer: 
      type: Pose
      name: ""
      ikLinks: 
        - 
          name: WAIST
          index: 0
          isBaseLink: true
          translation: [ 0, 0.03, 0.9768 ]
          rotation: [ 
            1, 0, 0, 
            0, 1, 0, 
            -0, 0, 1 ]
  - 
    time: 2
    refer: 
      type: Pose
      name: ""
      joints: [ 
        0, 1, 2, 3, 4, 5, 6, 7, 8, 9, 
        10, 11 ]
      q: [ 
        0.348367546, -0.0796168405, -0.304828859, 0.671434721, -0.366605862, 0.0796168405, -0.349240093, 0.0675675495, -0.312505063, 0.677603725, 
        -0.365098661, -0.0675675495 ]
      ikLinks: 
        - 
          name: LLEG_JOINT5
          index: 31
          translation: [ -1.89964721e-09, 0.189999407, 0.0995002518 ]
          rotation: [ 
            0.939633012, 0.342183873, 9.37526275e-10, 
            -0.342183873, 0.939633012, -3.41495027e-10, 
            -9.97784799e-10, 7.35939087e-14, 1 ]
          isTouching: true
          partingDirection: [ 0, 0, 1 ]
        - 
          name: RLEG_JOINT5
          index: 37
          translation: [ -1.75521388e-08, -0.129999569, 0.0995002736 ]
          rotation: [ 
            0.939931226, -0.341363868, 6.24500451e-16, 
            0.341363868, 0.939931226, -3.40005801e-15, 
            6.66133815e-16, 3.37230244e-15, 1 ]
          isTouching: true
          partingDirection: [ 0, 0, 1 ]
  - 
    time: 2.7
    refer: 
      type: Pose
      name: ""
      joints: [ 
        0, 1, 2, 3, 4, 5, 6, 7, 8, 9, 
        10, 11 ]
      q: [ 
        -0.348368416, -0.0589231221, -0.363573859, 0.681394429, -0.317820571, 0.0589231228, 0.348368417, 0.0882561802, -0.367395021, 0.666334378, 
        -0.298939358, -0.0882561802 ]
      ikLinks: 
        - 
          name: LLEG_JOINT5
          index: 31
          translation: [ 3.61717653e-09, 0.24999941, 0.0995002502 ]
          rotation: [ 
            0.939633092, -0.342183653, 1.14491749e-16, 
            0.342183653, 0.939633092, 2.77555756e-17, 
            -1.66533454e-16, -1.38777878e-17, 1 ]
          isTouching: true
          partingDirection: [ 0, 0, 1 ]
        - 
          name: RLEG_JOINT5
          index: 37
          translation: [ 1.41658361e-08, -0.0700000237, 0.0995002915 ]
          rotation: [ 
            0.939810782, 0.341695323, -1.45716772e-16, 
            -0.341695323, 0.939810782, -1.11022302e-16, 
            5.55111512e-17, 1.52655666e-16, 1 ]
          isTouching: true
          partingDirection: [ 0, 0, 1 ]
  - 
    time: 2.9
    refer: 
      type: Pose
      name: ""
      ikLinks: 
        - 
          name: WAIST
          index: 0
          translation: [ 0, 0.09, 0.9768 ]
          rotation: [ 
            1, 0, 0, 
            0, 1, 0, 
            -0, 0, 1 ]
  - 
    time: 3
    refer: 
      type: Pose
      name: ""
      joints: [ 
        0, 1, 2, 3, 4, 5, 6, 7, 8, 9, 
        10, 11 ]
      q: [ 
        -0.348368443, -0.0809357878, -0.366744983, 0.670692727, -0.303947744, 0.0809357882, 0.349239859, 0.0662464036, -0.364892175, 0.678216852, 
        -0.313324677, -0.0662464036 ]
      ikLinks: 
        - 
          name: LLEG_JOINT5
          index: 31
          translation: [ 1.78448158e-09, 0.249999407, 0.0995002478 ]
          rotation: [ 
            0.939633092, -0.342183653, 1.60648057e-10, 
            0.342183653, 0.939633092, 3.89665862e-10, 
            -2.84287538e-10, -3.11171852e-10, 1 ]
          isTouching: true
          partingDirection: [ 0, 0, 1 ]
        - 
          name: RLEG_JOINT5
          index: 37
          translation: [ 1.77231902e-08, -0.0699995715, 0.0995002753 ]
          rotation: [ 
            0.93993092, 0.341364711, -9.40948708e-14, 
            -0.341364711, 0.93993092, 1.20708998e-13, 
            1.29674049e-13, -8.13515921e-14, 1 ]
          isTouching: true
          partingDirection: [ 0, 0, 1 ]
  - 
    time: 3.7
    refer: 
      type: Pose
      name: ""
      joints: [ 
        0, 1, 2, 3, 4, 5, 6, 7, 8, 9, 
        10, 11 ]
      q: [ 
        0.348368417, -0.0589238289, -0.317819063, 0.681391964, -0.363572901, 0.0589238292, -0.348367545, 0.0882563256, -0.298939186, 0.66633396, 
        -0.367394774, -0.0882563256 ]
      ikLinks: 
        - 
          name: LLEG_JOINT5
          index: 31
          translation: [ -3.68023311e-09, 0.30999941, 0.0995002522 ]
          rotation: [ 
            0.939931226, 0.341363867, 1.60649088e-10, 
            -0.341363867, 0.939931226, 3.89685964e-10, 
            -1.79742887e-11, -4.21117766e-10, 1 ]
          isTouching: true
          partingDirection: [ 0, 0, 1 ]
        - 
          name: RLEG_JOINT5
          index: 37
          translation: [ -1.4924382e-08, -0.0100002195, 0.0995000278 ]
          rotation: [ 
            0.939930928, -0.341364687, 1.1647662e-12, 
            0.341364687, 0.939930928, -3.63972741e-13, 
            -9.70501457e-13, 7.39672212e-13, 1 ]
          isTouching: true
          partingDirection: [ 0, 0, 1 ]
  - 
    time: 3.9
    refer: 
      type: Pose
      name: ""
      ikLinks: 
        - 
          name: WAIST
          index: 0
          translation: [ 0, 0.15, 0.9768 ]
          rotation: [ 
            1, 0, 0, 
            0, 1, 0, 
            -0, 0, 1 ]
  - 
    time: 4
    refer: 
      type: Pose
      name: ""
      joints: [ 
        0, 1, 2, 3, 4, 5, 6, 7, 8, 9, 
        10, 11 ]
      q: [ 
        0.348368417, -0.0809367327, -0.303946261, 0.670690493, -0.366744232, 0.0809367327, -0.348367545, 0.0662672402, -0.313386922, 0.678217683, 
        -0.36483076, -0.0662672402 ]
      ikLinks: 
        - 
          name: LLEG_JOINT5
          index: 31
          translation: [ -1.77993784e-09, 0.309999407, 0.0995002455 ]
          rotation: [ 
            0.939931226, 0.341363867, -6.25541285e-15, 
            -0.341363867, 0.939931226, -4.33680869e-14, 
            -8.8817842e-15, 4.29378755e-14, 1 ]
          isTouching: true
          partingDirection: [ 0, 0, 1 ]
        - 
          name: RLEG_JOINT5
          index: 37
          translation: [ -2.05554973e-08, -0.0100002631, 0.0995000379 ]
          rotation: [ 
            0.939930928, -0.341364687, 4.71844785e-16, 
            0.341364687, 0.939930928, -3.56659147e-15, 
            8.32667268e-16, 3.46944695e-15, 1 ]
          isTouching: true
          partingDirection: [ 0, 0, 1 ]
  - 
    time: 4.7
    refer: 
      type: Pose
      name: ""
      joints: [ 
        0, 1, 2, 3, 4, 5, 6, 7, 8, 9, 
        10, 11 ]
      q: [ 
        -0.348368416, -0.0589231221, -0.363573859, 0.681394429, -0.317820571, 0.0589231228, 0.348368417, 0.0882561802, -0.367395021, 0.666334378, 
        -0.298939358, -0.0882561802 ]
      ikLinks: 
        - 
          name: LLEG_JOINT5
          index: 31
          translation: [ 3.6802305e-09, 0.36999941, 0.09950025 ]
          rotation: [ 
            0.939930928, -0.341364687, 2.07106901e-12, 
            0.341364687, 0.939930928, 7.19757587e-13, 
            -2.19246843e-12, 3.05172554e-14, 1 ]
          isTouching: true
          partingDirection: [ 0, 0, 1 ]
        - 
          name: RLEG_JOINT5
          index: 37
          translation: [ 1.39505968e-08, 0.0500004754, 0.0995002587 ]
          rotation: [ 
            0.939930929, 0.341364686, -2.18421461e-12, 
            -0.341364686, 0.939930929, -4.70734562e-13, 
            1.89231963e-12, 1.18808435e-12, 1 ]
          isTouching: true
          partingDirection: [ 0, 0, 1 ]
  - 
    time: 4.9
    refer: 
      type: Pose
      name: ""
      ikLinks: 
        - 
          name: WAIST
          index: 0
          translation: [ 0, 0.21, 0.9768 ]
          rotation: [ 
            1, 0, 0, 
            0, 1, 0, 
            -0, 0, 1 ]
  - 
    time: 5
    refer: 
      type: Pose
      name: ""
      joints: [ 
        0, 1, 2, 3, 4, 5, 6, 7, 8, 9, 
        10, 11 ]
      q: [ 
        -0.348368416, -0.0809360421, -0.366745266, 0.670693104, -0.303947838, 0.0809360421, 0.348368417, 0.0662670997, -0.36483096, 0.678218052, 
        -0.313387092, -0.0662670997 ]
      ikLinks: 
        - 
          name: LLEG_JOINT5
          index: 31
          translation: [ 1.77993377e-09, 0.369999407, 0.0995002455 ]
          rotation: [ 
            0.939930928, -0.341364687, -1.30936928e-14, 
            0.341364687, 0.939930928, -3.75324771e-14, 
            2.51465515e-14, 3.07809334e-14, 1 ]
          isTouching: true
          partingDirection: [ 0, 0, 1 ]
        - 
          name: RLEG_JOINT5
          index: 37
          translation: [ 1.77248968e-08, 0.0500004285, 0.0995002746 ]
          rotation: [ 
            0.939930929, 0.341364686, -1.1969592e-15, 
            -0.341364686, 0.939930929, -3.45556916e-15, 
            1.11022302e-16, 3.66373598e-15, 1 ]
          isTouching: true
          partingDirection: [ 0, 0, 1 ]
  - 
    time: 5.7
    refer: 
      type: Pose
      name: ""
      joints: [ 
        0, 1, 2, 3, 4, 5, 6, 7, 8, 9, 
        10, 11 ]
      q: [ 
        0.348368416, -0.058923251, -0.317820737, 0.681394859, -0.363574122, 0.058923251, -0.348368416, 0.088256065, -0.298939686, 0.666334943, 
        -0.367395257, -0.088256065 ]
      ikLinks: 
        - 
          name: LLEG_JOINT5
          index: 31
          translation: [ -3.68021912e-09, 0.42999941, 0.09950025 ]
          rotation: [ 
            0.939930929, 0.341364686, -1.42490186e-14, 
            -0.341364686, 0.939930929, -1.42524881e-14, 
            8.77076189e-15, 1.83325577e-14, 1 ]
          isTouching: true
          partingDirection: [ 0, 0, 1 ]
        - 
          name: RLEG_JOINT5
          index: 37
          translation: [ -1.39506136e-08, 0.110000475, 0.0995002587 ]
          rotation: [ 
            0.939930929, -0.341364686, 3.71230824e-16, 
            0.341364686, 0.939930929, -2.64371858e-15, 
            6.66133815e-16, 2.56045185e-15, 1 ]
          isTouching: true
          partingDirection: [ 0, 0, 1 ]
  - 
    time: 5.9
    refer: 
      type: Pose
      name: ""
      ikLinks: 
        - 
          name: WAIST
          index: 0
          translation: [ 0, 0.27, 0.9768 ]
          rotation: [ 
            1, 0, 0, 
            0, 1, 0, 
            -0, 0, 1 ]
  - 
    time: 6
    refer: 
      type: Pose
      name: ""
      joints: [ 
        0, 1, 2, 3, 4, 5, 6, 7, 8, 9, 
        10, 11 ]
      q: [ 
        0.348368416, -0.0809361718, -0.303947974, 0.670693474, -0.3667455, 0.0809361718, -0.348368416, 0.0662669813, -0.313387386, 0.678218545, 
        -0.364831159, -0.0662669813 ]
      ikLinks: 
        - 
          name: LLEG_JOINT5
          index: 31
          translation: [ -1.77992477e-09, 0.429999407, 0.0995002455 ]
          rotation: [ 
            0.939930929, 0.341364686, -1.20771448e-14, 
            -0.341364686, 0.939930929, -1.52239332e-14, 
            6.10622664e-15, 1.84574578e-14, 1 ]
          isTouching: true
          partingDirection: [ 0, 0, 1 ]
        - 
          name: RLEG_JOINT5
          index: 37
          translation: [ -1.77248978e-08, 0.110000429, 0.0995002746 ]
          rotation: [ 
            0.939930929, -0.341364686, 4.30211422e-16, 
            0.341364686, 0.939930929, -3.59434704e-15, 
            8.32667268e-16, 3.5249581e-15, 1 ]
          isTouching: true
          partingDirection: [ 0, 0, 1 ]
  - 
    time: 6.7
    refer: 
      type: Pose
      name: ""
      joints: [ 
        0, 1, 2, 3, 4, 5, 6, 7, 8, 9, 
        10, 11 ]
      q: [ 
        -0.000348368137, -0.101637034, -0.330951156, 0.661826807, -0.330875651, 0.101637034, 0.000348368695, 0.0548611509, -0.342150487, 0.684260159, 
        -0.342109673, -0.0548611509 ]
      ikLinks: 
        - 
          name: LLEG_JOINT5
          index: 31
          translation: [ -1.81801613e-08, 0.46000054, 0.0995000795 ]
          rotation: [ 
            0.999999939, -0.000348368409, -5.38984005e-17, 
            0.000348368409, 0.999999939, 5.48172618e-16, 
            0, -5.06539255e-16, 1 ]
          isTouching: true
          partingDirection: [ 0, 0, 1 ]
        - 
          name: RLEG_JOINT5
          index: 37
          translation: [ -3.49738256e-08, 0.13999986, 0.0995001228 ]
          rotation: [ 
            0.999999939, 0.000348368409, -8.20558316e-13, 
            -0.000348368409, 0.999999939, 1.75046089e-12, 
            8.21287482e-13, -1.7501417e-12, 1 ]
          isTouching: true
          partingDirection: [ 0, 0, 1 ]
  - 
    time: 6.9
    refer: 
      type: Pose
      name: ""
      ikLinks: 
        - 
          name: WAIST
          index: 0
          translation: [ 0, 0.3, 0.9768 ]
          rotation: [ 
            1, 0, 0, 
            0, 1, 0, 
            -0, 0, 1 ]
  - 
    time: 7
    refer: 
      type: Pose
      name: ""
      joints: [ 
        0, 1, 2, 3, 4, 5, 6, 7, 8, 9, 
        10, 11 ]
      q: [ 
        -0.000348368137, -0.0782915822, -0.337430061, 0.674801906, -0.337371845, 0.0782915822, 0.000348368695, 0.0782919223, -0.337429894, 0.674801495, 
        -0.337371602, -0.0782919223 ]
      ikLinks: 
        - 
          name: WAIST
          index: 0
          translation: [ -0, 0.3, 0.9768 ]
          rotation: [ 
            1, 2.79337109e-10, -8.77914812e-15, 
            -2.79337109e-10, 1, -3.66373598e-14, 
            8.77914811e-15, 3.66373598e-14, 1 ]
        - 
          name: LLEG_JOINT5
          index: 31
          translation: [ 1.6898738e-12, 0.460000304, 0.0995000645 ]
          rotation: [ 
            0.999999939, -0.000348368409, 1.22566819e-14, 
            0.000348368409, 0.999999939, 3.97876176e-14, 
            -1.22124533e-14, -3.97737399e-14, 1 ]
          isTouching: true
          partingDirection: [ 0, 0, 1 ]
        - 
          name: RLEG_JOINT5
          index: 37
          translation: [ -2.712117e-08, 0.13999996, 0.0995000956 ]
          rotation: [ 
            0.999999939, 0.000348368409, -1.00102354e-16, 
            -0.000348368409, 0.999999939, -7.21644966e-16, 
            1.66533454e-16, 7.21644966e-16, 1 ]
          isTouching: true
          partingDirection: [ 0, 0, 1 ]
  - 
    time: 7.5
    refer: 
      type: Pose
      name: ""
      joints: [ 
        0, 1, 2, 3, 4, 5, 6, 7, 8, 9, 
        10, 11, 12, 13, 14, 15, 16, 17, 18, 19, 
        20, 21, 22, 23, 24, 25, 26, 27, 28, 29, 
        30, 31, 32, 33, 34, 35, 36 ]
      q: [ 
        -0.000348368137, -0.0782915822, -0.337430061, 0.674801906, -0.337371845, 0.0782915822, 0.000348368695, 0.0782919223, -0.337429894, 0.674801495, 
        -0.337371602, -0.0782919223, 0, 0, 0, 0, 0, 0, 0.698131701, -0.34906585, 
        -0.0872664626, -1.3962634, 0, 0, -0.34906585, 0, 0.698131701, 0.34906585, 0.0872664626, -1.3962634, 
        0, 0, -0.34906585, 0, 0, 0, 0 ]
      ikLinks: 
        - 
          name: WAIST
          index: 0
          translation: [ -0, 0.3, 0.9768 ]
          rotation: [ 
            1, 2.79337109e-10, -8.77914812e-15, 
            -2.79337109e-10, 1, -3.66373598e-14, 
            8.77914811e-15, 3.66373598e-14, 1 ]
        - 
          name: LARM_JOINT7
          index: 13
          translation: [ 0.0198425733, 0.671456088, 0.976314795 ]
          rotation: [ 
            0.459003031, 0.152244556, -0.875292987, 
            -0.351045806, 0.936116807, -0.0212641952, 
            0.816139118, 0.317028262, 0.483125264 ]
        - 
          name: RARM_JOINT7
          index: 23
          translation: [ 0.0198425731, -0.0714560878, 0.976314795 ]
          rotation: [ 
            0.459003031, -0.152244556, -0.875292987, 
            0.351045806, 0.936116807, 0.0212641956, 
            0.816139118, -0.317028262, 0.483125264 ]
        - 
          name: LLEG_JOINT5
          index: 31
          translation: [ 1.6898738e-12, 0.460000304, 0.0995000645 ]
          rotation: [ 
            0.999999939, -0.000348368409, 1.22566819e-14, 
            0.000348368409, 0.999999939, 3.97876176e-14, 
            -1.22124533e-14, -3.97737399e-14, 1 ]
          isTouching: true
          partingDirection: [ 0, 0, 1 ]
        - 
          name: RLEG_JOINT5
          index: 37
          translation: [ -2.712117e-08, 0.13999996, 0.0995000956 ]
          rotation: [ 
            0.999999939, 0.000348368409, -1.00102354e-16, 
            -0.000348368409, 0.999999939, -7.21644966e-16, 
            1.66533454e-16, 7.21644966e-16, 1 ]
          isTouching: true
          partingDirection: [ 0, 0, 1 ]
