# Body pose sequence format version 1.0 defined by cnoid-Robotics

type: PoseSeq
name: "left-leg-stand-rotate-left-slide"
targetBody: "JAXON_RED"
refs: 
  - 
    time: 0
    refer: 
      type: Pose
      name: ""
      joints: [ 
        0, 1, 2, 3, 4, 5, 6, 7, 8, 9, 
        10, 11, 12, 13, 14, 15, 16, 17, 18, 19, 
        20, 21, 22, 23, 24, 25, 26, 27, 28, 29, 
        30, 31, 32, 33, 34, 35, 36 ]
      q: [ 
        1.33673827e-10, -0.133554688, -0.29384126, 0.772606393, -0.478765131, 0.133554688, 1.30139393e-10, -0.130015629, -0.218146379, 0.616033734, 
        -0.397887354, 0.130015629, 0, 0, 0, 0, 0, 0, 0.698131701, -0.34906585, 
        -0.0872664626, -1.3962634, 0, 0, -0.34906585, 0, 0.698131701, 0.34906585, 0.0872664626, -1.3962634, 
        0, 0, -0.34906585, 0, 0, 0, 0 ]
      ikLinks: 
        - 
          name: WAIST
          index: 0
          isBaseLink: true
          translation: [ 0.065, 0.1, 0.9768 ]
          rotation: [ 
            1, 2.6271844e-13, 6.48847642e-12, 
            -2.6271844e-13, 1, 9.10660436e-14, 
            -6.48847642e-12, -9.10660436e-14, 1 ]
        - 
          name: LARM_JOINT7
          index: 13
          translation: [ 0.0848425732, 0.471456088, 0.976314795 ]
          rotation: [ 
            0.459003031, 0.152244556, -0.875292987, 
            -0.351045806, 0.936116807, -0.0212641954, 
            0.816139118, 0.317028262, 0.483125264 ]
        - 
          name: RARM_JOINT7
          index: 23
          translation: [ 0.0848425732, -0.271456088, 0.976314795 ]
          rotation: [ 
            0.459003031, -0.152244556, -0.875292987, 
            0.351045806, 0.936116807, 0.0212641954, 
            0.816139118, -0.317028262, 0.483125264 ]
        - 
          name: LLEG_JOINT5
          index: 31
          translation: [ 5.08146902e-07, 0.100000049, 0.0995008186 ]
          rotation: [ 
            1, 5.72312002e-14, 1.00022241e-09, 
            -5.72319969e-14, 1, 2.21017649e-13, 
            -1.00022235e-09, -2.21017649e-13, 1 ]
          isTouching: true
          partingDirection: [ 0, 0, 1 ]
        - 
          name: RLEG_JOINT5
          index: 37
          translation: [ 3.78946602e-08, -0.0999999464, 0.120000582 ]
          rotation: [ 
            1, 4.25105552e-14, 9.99783519e-10, 
            -4.25076641e-14, 1, -3.05311332e-15, 
            -9.99783534e-10, 3.05311332e-15, 1 ]
  - 
    time: 0.2
    refer: 
      type: Pose
      name: ""
      joints: [ 
        0, 1, 2, 3, 4, 5, 6, 7, 8, 9, 
        10, 11, 12, 13, 14, 15, 16, 17, 18, 19, 
        20, 21, 22, 23, 24, 25, 26, 27, 28, 29, 
        30, 31, 32, 33, 34, 35, 36 ]
      q: [ 
        1.33673827e-10, -0.133554688, -0.29384126, 0.772606393, -0.478765131, 0.133554688, 1.30139393e-10, -0.130015629, -0.218146379, 0.616033734, 
        -0.397887354, 0.130015629, 0, 0, 0, 0, 0, 0, 0.698131701, -0.34906585, 
        -0.0872664626, -1.3962634, 0, 0, -0.34906585, 0, 0.698131701, 0.34906585, 0.0872664626, -1.3962634, 
        0, 0, -0.34906585, 0, 0, 0, 0 ]
      ikLinks: 
        - 
          name: WAIST
          index: 0
          isBaseLink: true
          translation: [ 0.065, 0.1, 0.9768 ]
          rotation: [ 
            1, 2.6271844e-13, 6.48847642e-12, 
            -2.6271844e-13, 1, 9.10660436e-14, 
            -6.48847642e-12, -9.10660436e-14, 1 ]
        - 
          name: LARM_JOINT7
          index: 13
          translation: [ 0.0848425732, 0.471456088, 0.976314795 ]
          rotation: [ 
            0.459003031, 0.152244556, -0.875292987, 
            -0.351045806, 0.936116807, -0.0212641954, 
            0.816139118, 0.317028262, 0.483125264 ]
        - 
          name: RARM_JOINT7
          index: 23
          translation: [ 0.0848425732, -0.271456088, 0.976314795 ]
          rotation: [ 
            0.459003031, -0.152244556, -0.875292987, 
            0.351045806, 0.936116807, 0.0212641954, 
            0.816139118, -0.317028262, 0.483125264 ]
        - 
          name: LLEG_JOINT5
          index: 31
          translation: [ 5.08146902e-07, 0.100000049, 0.0995008186 ]
          rotation: [ 
            1, 5.72312002e-14, 1.00022241e-09, 
            -5.72319969e-14, 1, 2.21017649e-13, 
            -1.00022235e-09, -2.21017649e-13, 1 ]
          isTouching: true
          partingDirection: [ 0, 0, 1 ]
        - 
          name: RLEG_JOINT5
          index: 37
          translation: [ 3.78946602e-08, -0.0999999464, 0.120000582 ]
          rotation: [ 
            1, 4.25105552e-14, 9.99783519e-10, 
            -4.25076641e-14, 1, -3.05311332e-15, 
            -9.99783534e-10, 3.05311332e-15, 1 ]
  - 
    time: 0.6
    refer: 
      type: Pose
      name: ""
      joints: [ 
        0, 1, 2, 3, 4, 5, 6, 7, 8, 9, 
        10, 11 ]
      q: [ 
        1.48266387e-10, -0.149146627, -0.2882157, 0.760918761, -0.47270306, 0.149146627, -0.523075699, -0.167551207, -0.301141334, 0.603493947, 
        -0.302352613, 0.167551207 ]
      ikLinks: 
        - 
          name: LLEG_JOINT5
          index: 31
          translation: [ -6.45593898e-08, 0.140000239, 0.0995001631 ]
          rotation: [ 
            0.866286823, 0.499546934, -1.0921819e-14, 
            -0.499546934, 0.866286823, -1.44328993e-15, 
            8.65973959e-15, 6.63358257e-15, 1 ]
          isTouching: true
          partingDirection: [ 0, 0, 1 ]
        - 
          name: RLEG_JOINT5
          index: 37
          translation: [ 6.48316581e-09, -0.0600003082, 0.120000295 ]
          rotation: [ 
            1, 6.35432152e-13, 9.95684953e-10, 
            -6.35443087e-13, 1, 1.26287869e-14, 
            -9.95685034e-10, -1.26287869e-14, 1 ]
  - 
    time: 0.8
    refer: 
      type: Pose
      name: ""
      joints: [ 
        0, 1, 2, 3, 4, 5, 6, 7, 8, 9, 
        10, 11 ]
      q: [ 
        1.48266387e-10, -0.149146627, -0.2882157, 0.760918761, -0.47270306, 0.149146627, -0.523075699, -0.167551207, -0.301141334, 0.603493947, 
        -0.302352613, 0.167551207 ]
      ikLinks: 
        - 
          name: LLEG_JOINT5
          index: 31
          translation: [ -6.45593898e-08, 0.140000239, 0.0995001631 ]
          rotation: [ 
            0.866286823, 0.499546934, -1.0921819e-14, 
            -0.499546934, 0.866286823, -1.44328993e-15, 
            8.65973959e-15, 6.63358257e-15, 1 ]
          isTouching: true
          partingDirection: [ 0, 0, 1 ]
        - 
          name: RLEG_JOINT5
          index: 37
          translation: [ 6.48316581e-09, -0.0600003082, 0.120000295 ]
          rotation: [ 
            1, 6.35432152e-13, 9.95684953e-10, 
            -6.35443087e-13, 1, 1.26287869e-14, 
            -9.95685034e-10, -1.26287869e-14, 1 ]
  - 
    time: 1.2
    refer: 
      type: Pose
      name: ""
      joints: [ 
        0, 1, 2, 3, 4, 5, 6, 7, 8, 9, 
        10, 11, 12, 13, 14, 15, 16, 17, 18, 19, 
        20, 21, 22, 23, 24, 25, 26, 27, 28, 29, 
        30, 31, 32, 33, 34, 35, 36 ]
      q: [ 
        1.32335306e-10, -0.133555217, -0.293839456, 0.772602747, -0.47876329, 0.133555217, -0.000522552102, -0.130058762, -0.21821733, 0.616032074, 
        -0.397814744, 0.130058762, 0, 0, 0, 0, 0, 0, 0.698131701, -0.34906585, 
        -0.0872664626, -1.3962634, 0, 0, -0.34906585, 0, 0.698131701, 0.34906585, 0.0872664626, -1.3962634, 
        0, 0, -0.34906585, 0, 0, 0, 0 ]
      ikLinks: 
        - 
          name: WAIST
          index: 0
          isBaseLink: true
          translation: [ 0.065, 0.18, 0.9768 ]
          rotation: [ 
            1, 2.6271844e-13, 6.48847642e-12, 
            -2.6271844e-13, 1, 9.10660436e-14, 
            -6.48847642e-12, -9.10660436e-14, 1 ]
        - 
          name: LARM_JOINT7
          index: 13
          translation: [ 0.0848425732, 0.551456088, 0.976314795 ]
          rotation: [ 
            0.459003031, 0.152244556, -0.875292987, 
            -0.351045806, 0.936116807, -0.0212641954, 
            0.816139118, 0.317028262, 0.483125264 ]
        - 
          name: RARM_JOINT7
          index: 23
          translation: [ 0.0848425732, -0.191456088, 0.976314795 ]
          rotation: [ 
            0.459003031, -0.152244556, -0.875292987, 
            0.351045806, 0.936116807, 0.0212641954, 
            0.816139118, -0.317028262, 0.483125264 ]
        - 
          name: LLEG_JOINT5
          index: 31
          translation: [ 3.51569765e-09, 0.180000383, 0.0995003192 ]
          rotation: [ 
            0.999999863, 0.000522552078, -4.43992987e-15, 
            -0.000522552078, 0.999999863, 4.77118345e-14, 
            4.38538095e-15, -4.76840789e-14, 1 ]
          isTouching: true
          partingDirection: [ 0, 0, 1 ]
        - 
          name: RLEG_JOINT5
          index: 37
          translation: [ 2.6381124e-09, -0.0200004096, 0.120000119 ]
          rotation: [ 
            1, 7.52881854e-13, 9.95104239e-10, 
            -7.52876927e-13, 1, -3.02535774e-15, 
            -9.95104332e-10, 3.02535774e-15, 1 ]
  - 
    time: 1.8
    refer: 
      type: Pose
      name: ""
      joints: [ 
        0, 1, 2, 3, 4, 5, 6, 7, 8, 9, 
        10, 11, 12, 13, 14, 15, 16, 17, 18, 19, 
        20, 21, 22, 23, 24, 25, 26, 27, 28, 29, 
        30, 31, 32, 33, 34, 35, 36 ]
      q: [ 
        -2.09581916e-12, -4.6732696e-12, -0.244326768, 0.670025357, -0.425698587, 4.80695929e-12, -0.000522552102, -4.39926511e-05, -0.24433028, 0.670028094, 
        -0.425697814, 4.39926513e-05, 0, 0, 0, 0, 0, 0, 0.698131701, -0.34906585, 
        -0.0872664626, -1.3962634, 0, 0, -0.34906585, 0, 0.698131701, 0.34906585, 0.0872664626, -1.3962634, 
        0, 0, -0.34906585, 0, 0, 0, 0 ]
      ikLinks: 
        - 
          name: WAIST
          index: 0
          isBaseLink: true
          translation: [ 0.065, 0.08, 0.9768 ]
          rotation: [ 
            1, 2.6271844e-13, 6.48847642e-12, 
            -2.6271844e-13, 1, 9.10660436e-14, 
            -6.48847642e-12, -9.10660436e-14, 1 ]
        - 
          name: LARM_JOINT7
          index: 13
          translation: [ 0.0848425732, 0.451456088, 0.976314795 ]
          rotation: [ 
            0.459003031, 0.152244556, -0.875292987, 
            -0.351045806, 0.936116807, -0.0212641954, 
            0.816139118, 0.317028262, 0.483125264 ]
        - 
          name: RARM_JOINT7
          index: 23
          translation: [ 0.0848425732, -0.291456088, 0.976314795 ]
          rotation: [ 
            0.459003031, -0.152244556, -0.875292987, 
            0.351045806, 0.936116807, 0.0212641954, 
            0.816139118, -0.317028262, 0.483125264 ]
        - 
          name: LLEG_JOINT5
          index: 31
          translation: [ 1.04215097e-06, 0.18000032, 0.0995008714 ]
          rotation: [ 
            0.999999863, 0.000522552079, 6.50231761e-12, 
            -0.000522552079, 0.999999863, -3.89869953e-14, 
            -6.50235421e-12, 3.55892006e-14, 1 ]
          isTouching: true
          partingDirection: [ 0, 0, 1 ]
        - 
          name: RLEG_JOINT5
          index: 37
          translation: [ -5.12184093e-07, -0.02, 0.0995006694 ]
          rotation: [ 
            1, 2.3585376e-12, 9.90345417e-10, 
            -2.3585376e-12, 1, -4.26236525e-14, 
            -9.90345417e-10, 4.26236501e-14, 1 ]
          isTouching: true
          partingDirection: [ 0, 0, 1 ]
  - 
    time: 2.5
    refer: 
      type: Pose
      name: ""
      joints: [ 
        0, 1, 2, 3, 4, 5, 6, 7, 8, 9, 
        10, 11, 12, 13, 14, 15, 16, 17, 18, 19, 
        20, 21, 22, 23, 24, 25, 26, 27, 28, 29, 
        30, 31, 32, 33, 34, 35, 36 ]
      q: [ 
        -2.0478764e-12, -8.31412392e-08, -0.244326971, 0.670025238, -0.425698265, 8.31413727e-08, -0.000522552102, -4.3965324e-05, -0.244328619, 0.670025685, 
        -0.425697066, 4.39653241e-05, 0, 0, 0, 0, 0, 0, 0.698131701, -0.34906585, 
        -0.0872664626, -1.3962634, 0, 0, -0.34906585, 0, 0.698131701, 0.34906585, 0.0872664626, -1.3962634, 
        0, 0, -0.34906585, 0, 0, 0, 0 ]
      ikLinks: 
        - 
          name: WAIST
          index: 0
          isBaseLink: true
          translation: [ 0.065, 0.08, 0.9768 ]
          rotation: [ 
            1, 2.6271844e-13, 6.48847642e-12, 
            -2.6271844e-13, 1, 9.10660436e-14, 
            -6.48847642e-12, -9.10660436e-14, 1 ]
        - 
          name: LARM_JOINT7
          index: 13
          translation: [ 0.0848425732, 0.451456088, 0.976314795 ]
          rotation: [ 
            0.459003031, 0.152244556, -0.875292987, 
            -0.351045806, 0.936116807, -0.0212641954, 
            0.816139118, 0.317028262, 0.483125264 ]
        - 
          name: RARM_JOINT7
          index: 23
          translation: [ 0.0848425732, -0.291456088, 0.976314795 ]
          rotation: [ 
            0.459003031, -0.152244556, -0.875292987, 
            0.351045806, 0.936116807, 0.0212641954, 
            0.816139118, -0.317028262, 0.483125264 ]
        - 
          name: LLEG_JOINT5
          index: 31
          translation: [ 6.88050322e-07, 0.180000341, 0.0995006015 ]
          rotation: [ 
            0.999999863, 0.000522552079, 6.50643728e-12, 
            -0.000522552079, 0.999999863, -3.88666286e-14, 
            -6.50646204e-12, 3.54666857e-14, 1 ]
          isTouching: true
          partingDirection: [ 0, 0, 1 ]
        - 
          name: RLEG_JOINT5
          index: 37
          translation: [ -3.26051494e-07, -0.0200000636, 0.0995006376 ]
          rotation: [ 
            1, 2.31067665e-12, 9.90475202e-10, 
            -2.31067665e-12, 1, -4.24408426e-14, 
            -9.90475146e-10, 4.24408403e-14, 1 ]
          isTouching: true
          partingDirection: [ 0, 0, 1 ]
