# Body pose sequence format version 1.0 defined by cnoid-Robotics

type: PoseSeq
name: "lf-rb-toe-turn"
targetBody: "JAXON_RED"
refs: 
  - 
    time: 0
    refer: 
      type: Pose
      name: ""
      joints: [ 
        0, 1, 2, 3, 4, 5, 6, 7, 8, 9, 
        10, 11, 12, 13, 14, 15, 16, 17, 18, 19, 
        20, 21, 22, 23, 24, 25, 26, 27, 28, 29, 
        30, 31, 32, 33, 34, 35, 36 ]
      q: [ 
        3.41441847e-14, 4.2552593e-07, -0.457565233, 0.637139371, -0.179574136, -4.2552587e-07, -3.14148656e-16, 4.08249819e-07, -0.17957813, 0.637145266, 
        -0.457567136, -4.08249819e-07, 0, 0, 0, 0, 0, 0, 0.698131701, -0.34906585, 
        -0.0872664626, -1.3962634, 0, 0, -0.34906585, 0, 0.698131701, 0.34906585, 0.0872664626, -1.3962634, 
        0, 0, -0.34906585, 0, 0, 0, 0 ]
      ikLinks: 
        - 
          name: WAIST
          index: 0
          isBaseLink: true
          translation: [ 0, 0, 0.9768 ]
          rotation: [ 
            1, 3.50329129e-14, 1.09523501e-13, 
            -3.50329129e-14, 1, 5.97252824e-14, 
            -1.09523501e-13, -5.97252824e-14, 1 ]
        - 
          name: LARM_JOINT7
          index: 13
          translation: [ 0.0198425732, 0.371456088, 0.976314795 ]
          rotation: [ 
            0.459003031, 0.152244556, -0.875292987, 
            -0.351045806, 0.936116807, -0.0212641954, 
            0.816139118, 0.317028262, 0.483125264 ]
        - 
          name: RARM_JOINT7
          index: 23
          translation: [ 0.0198425732, -0.371456088, 0.976314795 ]
          rotation: [ 
            0.459003031, -0.152244556, -0.875292987, 
            0.351045806, 0.936116807, 0.0212641954, 
            0.816139118, -0.317028262, 0.483125264 ]
        - 
          name: LLEG_JOINT5
          index: 31
          translation: [ -0.0999978808, 0.100000312, 0.0995013638 ]
          rotation: [ 
            1, 3.51837804e-14, 4.00063538e-10, 
            -3.51837804e-14, 1, 5.97253979e-14, 
            -4.00063427e-10, -5.9725398e-14, 1 ]
          isTouching: true
          partingDirection: [ 0, 0, 1 ]
        - 
          name: RLEG_JOINT5
          index: 37
          translation: [ 0.0999987246, -0.0999996746, 0.0995007734 ]
          rotation: [ 
            1, 3.77190032e-17, 2.0000096e-09, 
            -3.77190257e-17, 1, -2.74738842e-16, 
            -2.00000955e-09, 2.74738895e-16, 1 ]
          isTouching: true
          partingDirection: [ 0, 0, 1 ]
  - 
    time: 1
    refer: 
      type: Pose
      name: ""
      joints: [ 
        0, 1, 2, 3, 4, 5, 6, 7, 8, 9, 
        10, 11 ]
      q: [ 
        -9.52118734e-16, 3.84331385e-07, -0.45757054, 0.637138917, -0.179568375, -3.84331385e-07, -6.66926875e-16, 3.87120246e-07, -0.179578571, 0.637145264, 
        -0.457566692, -3.87120246e-07 ]
      ikLinks: 
        - 
          name: WAIST
          index: 0
          isBaseLink: true
          translation: [ 0, 0, 0.9768 ]
          rotation: [ 
            1, 0, 0, 
            0, 1, 0, 
            -0, 0, 1 ]
        - 
          name: LLEG_JOINT5
          index: 31
          translation: [ -0.0999975651, 0.100000296, 0.0995013195 ]
          rotation: [ 
            1, -2.98716602e-17, 1.79995374e-09, 
            2.98716492e-17, 1, -1.48283705e-19, 
            -1.79995358e-09, 1.48336645e-19, 1 ]
          isTouching: true
          partingDirection: [ 0, 0, 1 ]
        - 
          name: RLEG_JOINT5
          index: 37
          translation: [ 0.100002688, -0.0999997061, 0.0995012733 ]
          rotation: [ 
            1, 1.83494334e-16, 1.99990016e-09, 
            -1.83494375e-16, 1, 3.38813179e-21, 
            -1.99990005e-09, -3.44107135e-21, 1 ]
          isTouching: true
          partingDirection: [ 0, 0, 1 ]
  - 
    time: 1.25
    refer: 
      type: Pose
      name: ""
      joints: [ 
        0, 1, 2, 3, 4, 5, 6, 7, 8, 9, 
        10, 11 ]
      q: [ 
        0.0485915653, -0.0377142602, -0.378476088, 0.685879702, -0.307478078, 0.0383524394, 0.0485936247, 0.0271384903, -0.142966544, 0.612316323, 
        -0.469275402, -0.0277766797 ]
      ikLinks: 
        - 
          name: LLEG_JOINT5
          index: 31
          translation: [ -0.0898734702, 0.0796248272, 0.0995508077 ]
          rotation: [ 
            0.957082963, -0.289814061, -0.00011379711, 
            0.289814073, 0.957082757, 0.000632347755, 
            -7.43500183e-05, -0.000638189267, 0.999999794 ]
          isTouching: true
          partingDirection: [ 0, 0, 1 ]
        - 
          name: RLEG_JOINT5
          index: 37
          translation: [ 0.110126738, -0.120374793, 0.0995507369 ]
          rotation: [ 
            0.957083331, -0.289812845, 0.000113735592, 
            0.289812858, 0.957083125, -0.000632355559, 
            7.44103482e-05, 0.000638179001, 0.999999794 ]
          isTouching: true
          partingDirection: [ 0, 0, 1 ]
  - 
    time: 1.5
    refer: 
      type: Pose
      name: ""
      joints: [ 
        0, 1, 2, 3, 4, 5, 6, 7, 8, 9, 
        10, 11 ]
      q: [ 
        6.14968446e-11, -0.061947339, -0.305589566, 0.679282026, -0.373692458, 0.063259912, -5.46290491e-11, 0.0462739149, -0.308115781, 0.684396252, 
        -0.376280471, -0.0475865121 ]
      ikLinks: 
        - 
          name: LLEG_JOINT5
          index: 31
          translation: [ -0.0710005614, 0.0504993938, 0.0996005241 ]
          rotation: [ 
            0.707106781, -0.707106172, -0.000928146114, 
            0.707106781, 0.707106172, 0.000928146115, 
            -3.20854454e-14, -0.00131259682, 0.999999139 ]
          isTouching: true
          partingDirection: [ 0, 0, 1 ]
        - 
          name: RLEG_JOINT5
          index: 37
          translation: [ 0.128999422, -0.149500609, 0.0996005215 ]
          rotation: [ 
            0.707106781, -0.707106172, 0.000928129708, 
            0.707106781, 0.707106172, -0.000928128297, 
            -9.97770477e-10, 0.00131257262, 0.999999139 ]
          isTouching: true
          partingDirection: [ 0, 0, 1 ]
  - 
    time: 1.75
    refer: 
      type: Pose
      name: ""
      joints: [ 
        0, 1, 2, 3, 4, 5, 6, 7, 8, 9, 
        10, 11 ]
      q: [ 
        -0.0363863714, -0.0330214669, -0.135071676, 0.606049493, -0.470977724, 0.0336777365, -0.036381001, 0.0295453514, -0.37560366, 0.688286859, 
        -0.312770364, -0.0301857909 ]
      ikLinks: 
        - 
          name: LLEG_JOINT5
          index: 31
          translation: [ -0.0455784843, 0.0353282125, 0.0995506831 ]
          rotation: [ 
            0.278104792, -0.960550527, -0.000639404932, 
            0.960550736, 0.27810479, 9.44192994e-05, 
            8.71270664e-05, -0.000640439338, 0.999999791 ]
          isTouching: true
          partingDirection: [ 0, 0, 1 ]
        - 
          name: RLEG_JOINT5
          index: 37
          translation: [ 0.154421459, -0.164671762, 0.0995507899 ]
          rotation: [ 
            0.278107481, -0.960549755, 0.000630405515, 
            0.960549962, 0.278107421, -0.000182424201, 
            -9.29303463e-08, 0.000656269528, 0.999999785 ]
          isTouching: true
          partingDirection: [ 0, 0, 1 ]
  - 
    time: 2
    refer: 
      type: Pose
      name: ""
      joints: [ 
        0, 1, 2, 3, 4, 5, 6, 7, 8, 9, 
        10, 11 ]
      q: [ 
        -3.01059861e-15, -2.60720352e-07, -0.179573631, 0.637142161, -0.457568531, 2.60728443e-07, 3.14685766e-13, -2.60791746e-07, -0.457567383, 0.637139919, 
        -0.179572538, 2.60795826e-07 ]
      ikLinks: 
        - 
          name: WAIST
          index: 0
          isBaseLink: true
          translation: [ 0.07, -0.07, 0.9768 ]
          rotation: [ 
            6.123234e-17, -1, 0, 
            1, 6.123234e-17, 0, 
            -0, 0, 1 ]
        - 
          name: LLEG_JOINT5
          index: 31
          translation: [ -0.0299998005, 0.0300000564, 0.0995010256 ]
          rotation: [ 
            -3.15146143e-13, -1, 4.08000451e-12, 
            1, -3.15146151e-13, -2.00010014e-09, 
            2.00010022e-09, 4.08000451e-12, 1 ]
          isTouching: true
          partingDirection: [ 0, 0, 1 ]
        - 
          name: RLEG_JOINT5
          index: 37
          translation: [ 0.170000199, -0.170000038, 0.0995012925 ]
          rotation: [ 
            2.73288249e-15, -1, 8.09100914e-12, 
            1, 2.73287196e-15, -1.30004607e-09, 
            1.30004602e-09, 8.09100914e-12, 1 ]
          isTouching: true
          partingDirection: [ 0, 0, 1 ]
  - 
    time: 3
    refer: 
      type: Pose
      name: ""
      joints: [ 
        0, 1, 2, 3, 4, 5, 6, 7, 8, 9, 
        10, 11, 12, 13, 14, 15, 16, 17, 18, 19, 
        20, 21, 22, 23, 24, 25, 26, 27, 28, 29, 
        30, 31, 32, 33, 34, 35, 36 ]
      q: [ 
        -1.63349384e-14, -8.54272183e-07, -0.179579458, 0.637154235, -0.457574777, 8.54280273e-07, 4.86933129e-13, -8.75157847e-07, -0.457571983, 0.637148656, 
        -0.179576675, 8.75161927e-07, 0, 0, 0, 0, 0, 0, 0.698131701, -0.34906585, 
        -0.0872664626, -1.3962634, 0, 0, -0.34906585, 0, 0.698131701, 0.34906585, 0.0872664626, -1.3962634, 
        0, 0, -0.34906585, 0, 0, 0, 0 ]
      ikLinks: 
        - 
          name: WAIST
          index: 0
          isBaseLink: true
          translation: [ 0.07, -0.07, 0.9768 ]
          rotation: [ 
            6.123234e-17, -1, 0, 
            1, 6.123234e-17, -0, 
            0, 0, 1 ]
        - 
          name: LARM_JOINT7
          index: 13
          translation: [ -0.301456088, -0.0501574268, 0.976314795 ]
          rotation: [ 
            0.351045806, -0.936116807, 0.0212641954, 
            0.459003031, 0.152244556, -0.875292987, 
            0.816139118, 0.317028262, 0.483125264 ]
        - 
          name: RARM_JOINT7
          index: 23
          translation: [ 0.441456088, -0.0501574268, 0.976314795 ]
          rotation: [ 
            -0.351045806, -0.936116807, -0.0212641954, 
            0.459003031, -0.152244556, -0.875292987, 
            0.816139118, -0.317028262, 0.483125264 ]
        - 
          name: LLEG_JOINT5
          index: 31
          translation: [ -0.0299993307, 0.0300000783, 0.0995020786 ]
          rotation: [ 
            -4.886223e-13, -1, 4.08000691e-12, 
            1, -4.88622308e-13, -2.00009992e-09, 
            2.00009986e-09, 4.08000691e-12, 1 ]
          isTouching: true
          partingDirection: [ 0, 0, 1 ]
        - 
          name: RLEG_JOINT5
          index: 37
          translation: [ 0.170000653, -0.169999989, 0.0995027367 ]
          rotation: [ 
            1.61398494e-14, -1, 8.09000721e-12, 
            1, 1.61398469e-14, -3.00046488e-10, 
            3.00046321e-10, 8.09000721e-12, 1 ]
          isTouching: true
          partingDirection: [ 0, 0, 1 ]
