# Body pose sequence format version 1.0 defined by cnoid-Robotics

type: PoseSeq
name: "cross-leg-left-turn"
targetBody: "JAXON_RED"
refs: 
  - 
    time: 0
    refer: 
      type: Pose
      name: ""
      joints: [ 
        0, 1, 2, 3, 4, 5, 6, 7, 8, 9, 
        10, 11, 12, 13, 14, 15, 16, 17, 18, 19, 
        20, 21, 22, 23, 24, 25, 26, 27, 28, 29, 
        30, 31, 32, 33, 34, 35, 36 ]
      q: [ 
        -1.92196159e-21, -4.17800816e-20, -0.269959268, 0.679589135, -0.409629866, 5.39144353e-20, -1.92196159e-21, -4.17800816e-20, -0.269959268, 0.679589135, 
        -0.409629866, 5.39144353e-20, 0, 0, 0, 0, 0, 0, 0.698131701, -0.34906585, 
        -0.0872664626, -1.3962634, 0, 0, -0.34906585, 0, 0.698131701, 0.34906585, 0.0872664626, -1.3962634, 
        0, 0, -0.34906585, 0, 0, 0, 0 ]
      ikLinks: 
        - 
          name: WAIST
          index: 0
          isBaseLink: true
          translation: [ 0.05, 0, 0.9768 ]
          rotation: [ 
            1, 0, 0, 
            0, 1, 0, 
            -0, 0, 1 ]
        - 
          name: LARM_JOINT7
          index: 13
          translation: [ 0.0698425732, 0.371456088, 0.976314795 ]
          rotation: [ 
            0.459003031, 0.152244556, -0.875292987, 
            -0.351045806, 0.936116807, -0.0212641954, 
            0.816139118, 0.317028262, 0.483125264 ]
        - 
          name: RARM_JOINT7
          index: 23
          translation: [ 0.0698425732, -0.371456088, 0.976314795 ]
          rotation: [ 
            0.459003031, -0.152244556, -0.875292987, 
            0.351045806, 0.936116807, 0.0212641954, 
            0.816139118, -0.317028262, 0.483125264 ]
        - 
          name: LLEG_JOINT5
          index: 31
          translation: [ 4.87882853e-07, 0.1, 0.0995009778 ]
          rotation: [ 
            1, 1.92196164e-21, 1.00007125e-09, 
            -1.92196163e-21, 1, -1.21343538e-20, 
            -1.00007125e-09, 1.21343538e-20, 1 ]
          isTouching: true
          partingDirection: [ 0, 0, 1 ]
        - 
          name: RLEG_JOINT5
          index: 37
          translation: [ 4.87882853e-07, -0.1, 0.0995009778 ]
          rotation: [ 
            1, 1.92196164e-21, 1.00007125e-09, 
            -1.92196163e-21, 1, -1.21343538e-20, 
            -1.00007125e-09, 1.21343538e-20, 1 ]
          isTouching: true
          partingDirection: [ 0, 0, 1 ]
  - 
    time: 1
    refer: 
      type: Pose
      name: ""
      joints: [ 
        0, 1, 2, 3, 4, 5, 6, 7, 8, 9, 
        10, 11 ]
      q: [ 
        -2.28148702e-22, -6.69862814e-21, -0.269958694, 0.679587939, -0.409629244, 8.64660608e-21, -2.28148702e-22, -6.69862814e-21, -0.269958694, 0.679587939, 
        -0.409629244, 8.64660608e-21 ]
      ikLinks: 
        - 
          name: WAIST
          index: 0
          isBaseLink: true
          translation: [ 0.05, 0, 0.9768 ]
          rotation: [ 
            1, 0, 0, 
            0, 1, 0, 
            -0, 0, 1 ]
        - 
          name: LLEG_JOINT5
          index: 31
          translation: [ 4.94101212e-07, 0.1, 0.0995008254 ]
          rotation: [ 
            1, 2.28148711e-22, 1.00007136e-09, 
            -2.28148709e-22, 1, -1.94797795e-21, 
            -1.00007136e-09, 1.94797795e-21, 1 ]
          isTouching: true
          partingDirection: [ 0, 0, 1 ]
        - 
          name: RLEG_JOINT5
          index: 37
          translation: [ 4.94101212e-07, -0.1, 0.0995008254 ]
          rotation: [ 
            1, 2.28148711e-22, 1.00007136e-09, 
            -2.28148709e-22, 1, -1.94797795e-21, 
            -1.00007136e-09, 1.94797795e-21, 1 ]
          isTouching: true
          partingDirection: [ 0, 0, 1 ]
  - 
    time: 1.5
    refer: 
      type: Pose
      name: ""
      joints: [ 
        0, 1, 2, 3, 4, 5, 6, 7, 8, 9, 
        10, 11 ]
      q: [ 
        -0.245191489, -0.0391748119, -0.506815756, 1.01154049, -0.504724734, 0.0391748119, -0.245190901, -0.0938376532, -0.164426597, 0.607520148, 
        -0.443089818, 0.0938404516 ]
      ikLinks: 
        - 
          name: LLEG_JOINT5
          index: 31
          translation: [ 6.85455612e-07, 0.100000072, 0.0995016388 ]
          rotation: [ 
            0.99999997, -0.000245675033, 3.71661166e-06, 
            0.000245675043, 0.99999997, -2.7974081e-06, 
            -3.71592429e-06, 2.7983211e-06, 1 ]
          isTouching: true
          partingDirection: [ 0, 0, 1 ]
        - 
          name: RLEG_JOINT5
          index: 37
          translation: [ 0.149999996, -0.0499998599, 0.149999631 ]
          rotation: [ 
            0.99999997, -0.000245436927, 9.62431515e-10, 
            0.000245436927, 0.99999997, 2.68854383e-13, 
            -9.62431468e-10, -3.2633618e-14, 1 ]
  - 
    time: 2
    refer: 
      type: Pose
      name: ""
      joints: [ 
        0, 1, 2, 3, 4, 5, 6, 7, 8, 9, 
        10, 11 ]
      q: [ 
        -0.523075177, 0.176713986, -0.357138236, 0.576726959, -0.219588722, -0.176713986, -0.523075177, -0.176649121, -0.0131549969, 0.433501558, 
        -0.420346561, 0.176649121 ]
      ikLinks: 
        - 
          name: WAIST
          index: 0
          isBaseLink: true
          translation: [ 0.2, 0.15, 0.9768 ]
          rotation: [ 
            0.866025404, -0.5, 0, 
            0.5, 0.866025404, 0, 
            0, 0, 1 ]
        - 
          name: LLEG_JOINT5
          index: 31
          translation: [ 1.04848718e-06, 0.100000171, 0.0995026631 ]
          rotation: [ 
            0.999999863, -0.000523598923, 3.95115047e-10, 
            0.000523598923, 0.999999863, 2.07278639e-13, 
            -3.95115052e-10, -4.16333634e-16, 1 ]
          isTouching: true
          partingDirection: [ 0, 0, 1 ]
        - 
          name: RLEG_JOINT5
          index: 37
          translation: [ 0.299999653, 0.199998895, 0.0995013494 ]
          rotation: [ 
            0.999999863, -0.000523599142, 9.87773302e-10, 
            0.000523599142, 0.999999863, 5.17114129e-13, 
            -9.87773419e-10, 8.32667268e-17, 1 ]
          isTouching: true
          partingDirection: [ 0, 0, 1 ]
  - 
    time: 2.25
    refer: 
      type: Pose
      name: ""
      joints: [ 
        0, 1, 2, 3, 4, 5, 6, 7, 8, 9, 
        10, 11 ]
      q: [ 
        -0.523075177, 0.176713986, -0.357138236, 0.576726959, -0.219588722, -0.176713986, -0.523075177, -0.176649121, -0.0131549969, 0.433501558, 
        -0.420346561, 0.176649121 ]
      ikLinks: 
        - 
          name: LLEG_JOINT5
          index: 31
          translation: [ 1.04848718e-06, 0.100000171, 0.0995026631 ]
          rotation: [ 
            0.999999863, -0.000523598923, 3.95115047e-10, 
            0.000523598923, 0.999999863, 2.07278639e-13, 
            -3.95115052e-10, -4.16333634e-16, 1 ]
          isTouching: true
          partingDirection: [ 0, 0, 1 ]
        - 
          name: RLEG_JOINT5
          index: 37
          translation: [ 0.299999653, 0.199998895, 0.0995013494 ]
          rotation: [ 
            0.999999863, -0.000523599142, 9.87773302e-10, 
            0.000523599142, 0.999999863, 5.17114129e-13, 
            -9.87773419e-10, 8.32667268e-17, 1 ]
          isTouching: true
          partingDirection: [ 0, 0, 1 ]
  - 
    time: 2.5
    refer: 
      type: Pose
      name: ""
      joints: [ 
        0, 1, 2, 3, 4, 5, 6, 7, 8, 9, 
        10, 11 ]
      q: [ 
        -0.569557747, 0.0509689932, -0.415033821, 0.666434363, -0.25140194, -0.0509671273, -0.569203833, -0.0598258308, -0.0936157722, 0.569179428, 
        -0.475554867, 0.0598141684 ]
      ikLinks: 
        - 
          name: WAIST
          index: 0
          isBaseLink: true
          translation: [ 0.2, 0.15, 0.9768 ]
          rotation: [ 
            0.400526731, -0.916285074, 0, 
            0.916285074, 0.400526731, 0, 
            -0, 0, 1 ]
        - 
          name: LLEG_JOINT5
          index: 31
          translation: [ 0.0187507571, 0.0750002407, 0.099501405 ]
          rotation: [ 
            0.831218567, -0.555945765, 8.0942307e-07, 
            0.555945765, 0.831218567, 1.4571827e-05, 
            -8.77395297e-06, -1.16623778e-05, 1 ]
          isTouching: true
          partingDirection: [ 0, 0, 1 ]
        - 
          name: RLEG_JOINT5
          index: 37
          translation: [ 0.318749669, 0.174998794, 0.0995007796 ]
          rotation: [ 
            0.83141502, -0.555651928, -1.24390864e-07, 
            0.555651928, 0.83141502, -2.32729264e-06, 
            1.39658507e-06, 1.86582803e-06, 1 ]
          isTouching: true
          partingDirection: [ 0, 0, 1 ]
  - 
    time: 2.75
    refer: 
      type: Pose
      name: ""
      joints: [ 
        0, 1, 2, 3, 4, 5, 6, 7, 8, 9, 
        10, 11 ]
      q: [ 
        -0.000863953672, -0.0652834484, -0.340301182, 0.680481772, -0.34018059, 0.0652834484, -0.000156922553, 0.0652639112, -0.173006249, 0.623403295, 
        -0.450397045, -0.0652639112 ]
      ikLinks: 
        - 
          name: WAIST
          index: 0
          isBaseLink: true
          translation: [ 0.2, 0.15, 0.9768 ]
          rotation: [ 
            6.123234e-17, -1, 0, 
            1, 6.123234e-17, 0, 
            -0, 0, 1 ]
        - 
          name: LLEG_JOINT5
          index: 31
          translation: [ 0.0499994918, 0.0500000053, 0.0995001863 ]
          rotation: [ 
            0.000156922487, -0.999999988, 1.56624713e-13, 
            0.999999988, 0.000156922487, 9.97871119e-10, 
            -9.97871064e-10, 0, 1 ]
          isTouching: true
          partingDirection: [ 0, 0, 1 ]
        - 
          name: RLEG_JOINT5
          index: 37
          translation: [ 0.34999984, 0.15, 0.0995001891 ]
          rotation: [ 
            0.000863953565, -0.999999627, 1.52655666e-16, 
            0.999999627, 0.000863953565, 1.81529325e-16, 
            -2.77555756e-16, 1.52655666e-16, 1 ]
          isTouching: true
          partingDirection: [ 0, 0, 1 ]
  - 
    time: 3
    refer: 
      type: Pose
      name: ""
      joints: [ 
        0, 1, 2, 3, 4, 5, 6, 7, 8, 9, 
        10, 11 ]
      q: [ 
        0.442837385, -0.0370152515, -0.182513453, 0.635736723, -0.453160877, 0.0370395657, 0.443173333, 0.0472831719, -0.365665073, 0.685085361, 
        -0.319420299, -0.0472831762 ]
      ikLinks: 
        - 
          name: WAIST
          index: 0
          isBaseLink: true
          translation: [ 0.2, 0.15, 0.9768 ]
          rotation: [ 
            -0.53309047, -0.846058243, 0, 
            0.846058243, -0.53309047, 0, 
            -0, 0, 1 ]
        - 
          name: LLEG_JOINT5
          index: 31
          translation: [ 0.0820313709, 0.0749999589, 0.0995002938 ]
          rotation: [ 
            -0.844388387, -0.53573151, 6.52649392e-09, 
            0.53573151, -0.844388387, -9.18757354e-09, 
            1.04329684e-08, -4.26143198e-09, 1 ]
          isTouching: true
          partingDirection: [ 0, 0, 1 ]
        - 
          name: RLEG_JOINT5
          index: 37
          translation: [ 0.382030348, 0.174999878, 0.0995004491 ]
          rotation: [ 
            -0.844207123, -0.5360171, -3.96037025e-05, 
            0.536017098, -0.844207124, 5.39469487e-05, 
            -6.23502148e-05, 2.43141367e-05, 0.999999998 ]
          isTouching: true
          partingDirection: [ 0, 0, 1 ]
  - 
    time: 3.25
    refer: 
      type: Pose
      name: ""
      joints: [ 
        0, 1, 2, 3, 4, 5, 6, 7, 8, 9, 
        10, 11 ]
      q: [ 
        0.523703559, 0.0478430501, -0.069460259, 0.552110927, -0.482650668, -0.0478430501, 0.523703559, -0.0478296428, -0.406072488, 0.672654375, 
        -0.266581887, 0.0478296428 ]
      ikLinks: 
        - 
          name: LLEG_JOINT5
          index: 31
          translation: [ 0.100000076, 0.100000239, 0.0995002582 ]
          rotation: [ 
            -0.999999995, 0.00010478299, 2.72154396e-15, 
            -0.00010478299, -0.999999995, 4.71844785e-16, 
            2.66453526e-15, 4.71844785e-16, 1 ]
          isTouching: true
          partingDirection: [ 0, 0, 1 ]
        - 
          name: RLEG_JOINT5
          index: 37
          translation: [ 0.399999056, 0.199999983, 0.0995007036 ]
          rotation: [ 
            -0.999999995, 0.00010478299, -1.04816939e-15, 
            -0.00010478299, -0.999999995, -4.51028104e-16, 
            -1.11022302e-15, -4.57966998e-16, 1 ]
          isTouching: true
          partingDirection: [ 0, 0, 1 ]
  - 
    time: 3.5
    refer: 
      type: Pose
      name: ""
      joints: [ 
        0, 1, 2, 3, 4, 5, 6, 7, 8, 9, 
        10, 11 ]
      q: [ 
        0.523703559, 0.0538270427, -0.0354356501, 0.520602667, -0.485167017, -0.0538270427, 0.523703559, -0.0418434185, -0.391025977, 0.680841627, 
        -0.28981565, 0.0418434185 ]
      ikLinks: 
        - 
          name: WAIST
          index: 0
          translation: [ 0.186241085, 0.154586305, 0.9768 ]
          rotation: [ 
            -0.866025404, -0.5, 0, 
            0.5, -0.866025404, 0, 
            0, 0, 1 ]
        - 
          name: LLEG_JOINT5
          index: 31
          translation: [ 0.100000329, 0.100000492, 0.0995002903 ]
          rotation: [ 
            -0.999999995, 0.00010478299, 3.13851796e-15, 
            -0.00010478299, -0.999999995, 1.20042865e-15, 
            3.10862447e-15, 1.18655086e-15, 1 ]
          isTouching: true
          partingDirection: [ 0, 0, 1 ]
        - 
          name: RLEG_JOINT5
          index: 37
          translation: [ 0.399997994, 0.199999329, 0.0995009524 ]
          rotation: [ 
            -0.999999995, 0.00010478299, -1.3631928e-15, 
            -0.00010478299, -0.999999995, -1.92207361e-15, 
            -1.27675648e-15, -1.91513472e-15, 1 ]
          isTouching: true
          partingDirection: [ 0, 0, 1 ]
  - 
    time: 4
    refer: 
      type: Pose
      name: ""
      joints: [ 
        0, 1, 2, 3, 4, 5, 6, 7, 8, 9, 
        10, 11 ]
      q: [ 
        0.215346697, 0.011353407, -0.253551863, 0.790636629, -0.537084766, -0.011353407, 0.215346697, -0.0276977142, -0.344267139, 0.690963669, 
        -0.346696529, 0.0276977142 ]
      ikLinks: 
        - 
          name: WAIST
          index: 0
          isBaseLink: true
          translation: [ 0.120467907, 0.176510698, 0.9768 ]
          rotation: [ 
            -0.976990633, -0.213282213, 0, 
            0.213282213, -0.976990633, 0, 
            -0, 0, 1 ]
        - 
          name: LLEG_JOINT5
          index: 31
          translation: [ 0.099999545, 0.100000606, 0.0995005691 ]
          rotation: [ 
            -0.999999915, 0.000413448118, -2.24718502e-13, 
            -0.000413448118, -0.999999915, -2.85917123e-14, 
            -2.2470914e-13, -2.85119151e-14, 1 ]
          isTouching: true
          partingDirection: [ 0, 0, 1 ]
        - 
          name: RLEG_JOINT5
          index: 37
          translation: [ 0.240899644, 0.265800031, 0.12000003 ]
          rotation: [ 
            -0.999999915, 0.000413448118, 1.30406555e-13, 
            -0.000413448118, -0.999999915, -1.0761704e-13, 
            1.30229161e-13, -1.07669082e-13, 1 ]
  - 
    time: 4.5
    refer: 
      type: Pose
      name: ""
      joints: [ 
        0, 1, 2, 3, 4, 5, 6, 7, 8, 9, 
        10, 11, 12, 13, 14, 15, 16, 17, 18, 19, 
        20, 21, 22, 23, 24, 25, 26, 27, 28, 29, 
        30, 31, 32, 33, 34, 35, 36 ]
      q: [ 
        0.000628381378, 4.04952354e-05, -0.26996049, 0.679591544, -0.409631054, -4.04952356e-05, 0.000628381378, 3.97441159e-05, -0.269959574, 0.679588667, 
        -0.409629093, -3.97441159e-05, 0, 0, 0, 0, 0, 0, 0.698131701, -0.34906585, 
        -0.0872664626, -1.3962634, 0, 0, -0.34906585, 0, 0.698131701, 0.34906585, 0.0872664626, -1.3962634, 
        0, 0, -0.34906585, 0, 0, 0, 0 ]
      ikLinks: 
        - 
          name: WAIST
          index: 0
          isBaseLink: true
          translation: [ 0.05, 0.2, 0.9768 ]
          rotation: [ 
            -1, -1.2246468e-16, 0, 
            1.2246468e-16, -1, 0, 
            0, 0, 1 ]
        - 
          name: LARM_JOINT7
          index: 13
          translation: [ 0.0301574268, -0.171456088, 0.976314795 ]
          rotation: [ 
            -0.459003031, -0.152244556, 0.875292987, 
            0.351045806, -0.936116807, 0.0212641954, 
            0.816139118, 0.317028262, 0.483125264 ]
        - 
          name: RARM_JOINT7
          index: 23
          translation: [ 0.0301574268, 0.571456088, 0.976314795 ]
          rotation: [ 
            -0.459003031, 0.152244556, 0.875292987, 
            -0.351045806, -0.936116807, -0.0212641954, 
            0.816139118, -0.317028262, 0.483125264 ]
        - 
          name: LLEG_JOINT5
          index: 31
          translation: [ 0.0999991398, 0.100001022, 0.0995008922 ]
          rotation: [ 
            -0.999999803, 0.000628381337, -3.40553542e-13, 
            -0.000628381337, -0.999999803, 6.84750921e-15, 
            -3.40671935e-13, 7.06157138e-15, 1 ]
          isTouching: true
          partingDirection: [ 0, 0, 1 ]
        - 
          name: RLEG_JOINT5
          index: 37
          translation: [ 0.0999994884, 0.300000448, 0.0995012819 ]
          rotation: [ 
            -0.999999803, 0.000628381337, 3.4611083e-13, 
            -0.000628381337, -0.999999803, -1.42997139e-13, 
            3.46001006e-13, -1.43214596e-13, 1 ]
          isTouching: true
          partingDirection: [ 0, 0, 1 ]
  - 
    time: 5
    refer: 
      type: Pose
      name: ""
      joints: [ 
        0, 1, 2, 3, 4, 5, 6, 7, 8, 9, 
        10, 11, 12, 13, 14, 15, 16, 17, 18, 19, 
        20, 21, 22, 23, 24, 25, 26, 27, 28, 29, 
        30, 31, 32, 33, 34, 35, 36 ]
      q: [ 
        0.000628381378, 4.04952354e-05, -0.26996049, 0.679591544, -0.409631054, -4.04952356e-05, 0.000628381378, 3.97441159e-05, -0.269959574, 0.679588667, 
        -0.409629093, -3.97441159e-05, 0, 0, 0, 0, 0, 0, 0.698131701, -0.34906585, 
        -0.0872664626, -1.3962634, 0, 0, -0.34906585, 0, 0.698131701, 0.34906585, 0.0872664626, -1.3962634, 
        0, 0, -0.34906585, 0, 0, 0, 0 ]
      ikLinks: 
        - 
          name: WAIST
          index: 0
          isBaseLink: true
          translation: [ 0.05, 0.2, 0.9768 ]
          rotation: [ 
            -1, -1.2246468e-16, 0, 
            1.2246468e-16, -1, 0, 
            0, 0, 1 ]
        - 
          name: LARM_JOINT7
          index: 13
          translation: [ 0.0301574268, -0.171456088, 0.976314795 ]
          rotation: [ 
            -0.459003031, -0.152244556, 0.875292987, 
            0.351045806, -0.936116807, 0.0212641954, 
            0.816139118, 0.317028262, 0.483125264 ]
        - 
          name: RARM_JOINT7
          index: 23
          translation: [ 0.0301574268, 0.571456088, 0.976314795 ]
          rotation: [ 
            -0.459003031, 0.152244556, 0.875292987, 
            -0.351045806, -0.936116807, -0.0212641954, 
            0.816139118, -0.317028262, 0.483125264 ]
        - 
          name: LLEG_JOINT5
          index: 31
          translation: [ 0.0999991398, 0.100001022, 0.0995008922 ]
          rotation: [ 
            -0.999999803, 0.000628381337, -3.40553542e-13, 
            -0.000628381337, -0.999999803, 6.84750921e-15, 
            -3.40671935e-13, 7.06157138e-15, 1 ]
          isTouching: true
          partingDirection: [ 0, 0, 1 ]
        - 
          name: RLEG_JOINT5
          index: 37
          translation: [ 0.0999994884, 0.300000448, 0.0995012819 ]
          rotation: [ 
            -0.999999803, 0.000628381337, 3.4611083e-13, 
            -0.000628381337, -0.999999803, -1.42997139e-13, 
            3.46001006e-13, -1.43214596e-13, 1 ]
          isTouching: true
          partingDirection: [ 0, 0, 1 ]
