# Body pose sequence format version 1.0 defined by cnoid-Robotics

type: PoseSeq
name: "left-leg-stand-rotate-left-slide-full"
targetBody: "JAXON_RED"
refs: 
  - 
    time: 0
    refer: 
      type: Pose
      name: ""
      joints: [ 
        0, 1, 2, 3, 4, 5, 6, 7, 8, 9, 
        10, 11, 12, 13, 14, 15, 16, 17, 18, 19, 
        20, 21, 22, 23, 24, 25, 26, 27, 28, 29, 
        30, 31, 32, 33, 34, 35, 36 ]
      q: [ 
        -1.35440242e-10, -1.12364424e-11, -0.244325718, 0.670021671, -0.425695951, 1.13698753e-11, -6.61953084e-13, -6.76285556e-08, -0.244329467, 0.670027975, 
        -0.425698506, 6.76286856e-08, 0, 0, 0, 0, 0, 0, 0.698131701, -0.34906585, 
        -0.0872664626, -1.3962634, 0, 0, -0.34906585, 0, 0.698131701, 0.34906585, 0.0872664626, -1.3962634, 
        0, 0, -0.34906585, 0, 0, 0, 0 ]
      ikLinks: 
        - 
          name: WAIST
          index: 0
          isBaseLink: true
          translation: [ 0.065, 0, 0.9768 ]
          rotation: [ 
            1, 2.6271844e-13, 6.48847642e-12, 
            -2.6271844e-13, 1, 9.10660436e-14, 
            -6.48847642e-12, -9.10660436e-14, 1 ]
        - 
          name: LARM_JOINT7
          index: 13
          translation: [ 0.0848425732, 0.371456088, 0.976314795 ]
          rotation: [ 
            0.459003031, 0.152244556, -0.875292987, 
            -0.351045806, 0.936116807, -0.0212641954, 
            0.816139118, 0.317028262, 0.483125264 ]
        - 
          name: RARM_JOINT7
          index: 23
          translation: [ 0.0848425732, -0.371456088, 0.976314795 ]
          rotation: [ 
            0.459003031, -0.152244556, -0.875292987, 
            0.351045806, 0.936116807, 0.0212641954, 
            0.816139118, -0.317028262, 0.483125264 ]
        - 
          name: LLEG_JOINT5
          index: 31
          translation: [ 5.10999855e-07, 0.0999999483, 0.0995009048 ]
          rotation: [ 
            1, 9.24738119e-13, 9.9119879e-10, 
            -9.24738119e-13, 1, -3.89044679e-14, 
            -9.9119879e-10, 3.8904467e-14, 1 ]
          isTouching: true
          partingDirection: [ 0, 0, 1 ]
        - 
          name: RLEG_JOINT5
          index: 37
          translation: [ 1.25464439e-08, -0.1, 0.0995001593 ]
          rotation: [ 
            1, 1.35702961e-10, 1.97287137e-09, 
            -1.35702961e-10, 1, -4.23671922e-14, 
            -1.97287137e-09, 4.23669245e-14, 1 ]
          isTouching: true
          partingDirection: [ 0, 0, 1 ]
  - 
    time: 1
    refer: 
      type: Pose
      name: ""
      joints: [ 
        0, 1, 2, 3, 4, 5, 6, 7, 8, 9, 
        10, 11, 12, 13, 14, 15, 16, 17, 18, 19, 
        20, 21, 22, 23, 24, 25, 26, 27, 28, 29, 
        30, 31, 32, 33, 34, 35, 36 ]
      q: [ 
        1.24787677e-10, -0.130015468, -0.218143137, 0.616028465, -0.397885326, 0.130015468, 2.59566229e-10, -0.13001566, -0.218147091, 0.616035186, 
        -0.397888093, 0.13001566, 0, 0, 0, 0, 0, 0, 0.698131701, -0.34906585, 
        -0.0872664626, -1.3962634, 0, 0, -0.34906585, 0, 0.698131701, 0.34906585, 0.0872664626, -1.3962634, 
        0, 0, -0.34906585, 0, 0, 0, 0 ]
      ikLinks: 
        - 
          name: WAIST
          index: 0
          isBaseLink: true
          translation: [ 0.065, 0.1, 0.9768 ]
          rotation: [ 
            1, 2.6271844e-13, 6.48847642e-12, 
            -2.6271844e-13, 1, 9.10660436e-14, 
            -6.48847642e-12, -9.10660436e-14, 1 ]
        - 
          name: LARM_JOINT7
          index: 13
          translation: [ 0.0848425732, 0.471456088, 0.976314795 ]
          rotation: [ 
            0.459003031, 0.152244556, -0.875292987, 
            -0.351045806, 0.936116807, -0.0212641954, 
            0.816139118, 0.317028262, 0.483125264 ]
        - 
          name: RARM_JOINT7
          index: 23
          translation: [ 0.0848425732, -0.271456088, 0.976314795 ]
          rotation: [ 
            0.459003031, -0.152244556, -0.875292987, 
            0.351045806, 0.936116807, 0.0212641954, 
            0.816139118, -0.317028262, 0.483125264 ]
        - 
          name: LLEG_JOINT5
          index: 31
          translation: [ 5.13232466e-07, 0.100000047, 0.0995009877 ]
          rotation: [ 
            1, 3.74160489e-13, 1.99250166e-09, 
            -3.74152098e-13, 1, 9.1038288e-14, 
            -1.99250161e-09, -9.10660436e-14, 1 ]
          isTouching: true
          partingDirection: [ 0, 0, 1 ]
        - 
          name: RLEG_JOINT5
          index: 37
          translation: [ 1.51715705e-08, -0.0999999016, 0.0995002422 ]
          rotation: [ 
            1, 1.35152317e-10, 1.99250161e-09, 
            -1.35152313e-10, 1, 8.75688411e-14, 
            -1.99250166e-09, -8.75965966e-14, 1 ]
          isTouching: true
          partingDirection: [ 0, 0, 1 ]
  - 
    time: 1.5
    refer: 
      type: Pose
      name: ""
      joints: [ 
        0, 1, 2, 3, 4, 5, 6, 7, 8, 9, 
        10, 11, 12, 13, 14, 15, 16, 17, 18, 19, 
        20, 21, 22, 23, 24, 25, 26, 27, 28, 29, 
        30, 31, 32, 33, 34, 35, 36 ]
      q: [ 
        1.44864182e-10, -0.139092444, -0.382644323, 0.958349562, -0.575705237, 0.139092444, 1.30139393e-10, -0.130015629, -0.218146379, 0.616033734, 
        -0.397887354, 0.130015629, 0, 0, 0, 0, 0, 0, 0.698131701, -0.34906585, 
        -0.0872664626, -1.3962634, 0, 0, -0.34906585, 0, 0.698131701, 0.34906585, 0.0872664626, -1.3962634, 
        0, 0, -0.34906585, 0, 0, 0, 0 ]
      ikLinks: 
        - 
          name: WAIST
          index: 0
          isBaseLink: true
          translation: [ 0.065, 0.1, 0.9768 ]
          rotation: [ 
            1, 2.6271844e-13, 6.48847642e-12, 
            -2.6271844e-13, 1, 9.10660436e-14, 
            -6.48847642e-12, -9.10660436e-14, 1 ]
        - 
          name: LARM_JOINT7
          index: 13
          translation: [ 0.0848425732, 0.471456088, 0.976314795 ]
          rotation: [ 
            0.459003031, 0.152244556, -0.875292987, 
            -0.351045806, 0.936116807, -0.0212641954, 
            0.816139118, 0.317028262, 0.483125264 ]
        - 
          name: RARM_JOINT7
          index: 23
          translation: [ 0.0848425732, -0.271456088, 0.976314795 ]
          rotation: [ 
            0.459003031, -0.152244556, -0.875292987, 
            0.351045806, 0.936116807, 0.0212641954, 
            0.816139118, -0.317028262, 0.483125264 ]
        - 
          name: LLEG_JOINT5
          index: 31
          translation: [ 5.08015058e-07, 0.100000049, 0.0995008185 ]
          rotation: [ 
            1, -2.27014498e-13, 9.980485e-10, 
            2.27019792e-13, 1, 9.1038288e-14, 
            -9.98048477e-10, -9.1038288e-14, 1 ]
          isTouching: true
          partingDirection: [ 0, 0, 1 ]
        - 
          name: RLEG_JOINT5
          index: 37
          translation: [ 3.8145074e-07, -0.0999994595, 0.149999954 ]
          rotation: [ 
            1, 1.32907404e-10, 1.98874516e-09, 
            -1.32907393e-10, 1, 9.66171587e-14, 
            -1.98874517e-09, -9.66449143e-14, 1 ]
  - 
    time: 3.1
    refer: 
      type: Pose
      name: ""
      joints: [ 
        0, 1, 2, 3, 4, 5, 6, 7, 8, 9, 
        10, 11, 12, 13, 14, 15, 16, 17, 18, 19, 
        20, 21, 22, 23, 24, 25, 26, 27, 28, 29, 
        30, 31, 32, 33, 34, 35, 36 ]
      q: [ 
        1.44864182e-10, -0.139092444, -0.382644323, 0.958349562, -0.575705237, 0.139092444, 1.30139393e-10, -0.130015629, -0.218146379, 0.616033734, 
        -0.397887354, 0.130015629, 0, 0, 0, 0, 0, 0, 0.698131701, -0.34906585, 
        -0.0872664626, -1.3962634, 0, 0, -0.34906585, 0, 0.698131701, 0.34906585, 0.0872664626, -1.3962634, 
        0, 0, -0.34906585, 0, 0, 0, 0 ]
      ikLinks: 
        - 
          name: WAIST
          index: 0
          isBaseLink: true
          translation: [ 0.065, 0.1, 0.9768 ]
          rotation: [ 
            1, 2.6271844e-13, 6.48847642e-12, 
            -2.6271844e-13, 1, 9.10660436e-14, 
            -6.48847642e-12, -9.10660436e-14, 1 ]
        - 
          name: LARM_JOINT7
          index: 13
          translation: [ 0.0848425732, 0.471456088, 0.976314795 ]
          rotation: [ 
            0.459003031, 0.152244556, -0.875292987, 
            -0.351045806, 0.936116807, -0.0212641954, 
            0.816139118, 0.317028262, 0.483125264 ]
        - 
          name: RARM_JOINT7
          index: 23
          translation: [ 0.0848425732, -0.271456088, 0.976314795 ]
          rotation: [ 
            0.459003031, -0.152244556, -0.875292987, 
            0.351045806, 0.936116807, 0.0212641954, 
            0.816139118, -0.317028262, 0.483125264 ]
        - 
          name: LLEG_JOINT5
          index: 31
          translation: [ 5.08015058e-07, 0.100000049, 0.0995008185 ]
          rotation: [ 
            1, -2.27014498e-13, 9.980485e-10, 
            2.27019792e-13, 1, 9.1038288e-14, 
            -9.98048477e-10, -9.1038288e-14, 1 ]
          isTouching: true
          partingDirection: [ 0, 0, 1 ]
        - 
          name: RLEG_JOINT5
          index: 37
          translation: [ 3.8145074e-07, -0.0999994595, 0.149999954 ]
          rotation: [ 
            1, 1.32907404e-10, 1.98874516e-09, 
            -1.32907393e-10, 1, 9.66171587e-14, 
            -1.98874517e-09, -9.66449143e-14, 1 ]
  - 
    time: 3.5
    refer: 
      type: Pose
      name: ""
      joints: [ 
        0, 1, 2, 3, 4, 5, 6, 7, 8, 9, 
        10, 11 ]
      q: [ 
        1.21615333e-10, -0.122799843, -0.386795929, 0.96709567, -0.58029974, 0.122799843, -0.523075699, -0.141365644, -0.298000426, 0.629958939, 
        -0.331958513, 0.141365644 ]
      ikLinks: 
        - 
          name: LLEG_JOINT5
          index: 31
          translation: [ -6.11250699e-08, 0.139999999, 0.0995002031 ]
          rotation: [ 
            0.866286824, 0.499546934, 6.50211829e-12, 
            -0.499546934, 0.866286824, 5.29576383e-14, 
            -5.60634872e-12, -3.2939762e-12, 1 ]
          isTouching: true
          partingDirection: [ 0, 0, 1 ]
        - 
          name: RLEG_JOINT5
          index: 37
          translation: [ 3.76609321e-07, -0.0599995301, 0.149999894 ]
          rotation: [ 
            1, 6.58858825e-13, 9.95069162e-10, 
            -6.58875732e-13, 1, 6.47815135e-14, 
            -9.9506936e-10, -6.47676357e-14, 1 ]
  - 
    time: 3.7
    refer: 
      type: Pose
      name: ""
      joints: [ 
        0, 1, 2, 3, 4, 5, 6, 7, 8, 9, 
        10, 11 ]
      q: [ 
        1.54516478e-10, -0.155311066, -0.37793524, 0.948436299, -0.570501058, 0.155311066, -0.523075699, -0.167551207, -0.301141334, 0.603493947, 
        -0.302352613, 0.167551207 ]
      ikLinks: 
        - 
          name: LLEG_JOINT5
          index: 31
          translation: [ -6.45164927e-08, 0.140000239, 0.099500163 ]
          rotation: [ 
            0.866286824, 0.499546934, 6.48857357e-12, 
            -0.499546934, 0.866286824, 9.09827769e-14, 
            -5.57542901e-12, -3.32017747e-12, 1 ]
          isTouching: true
          partingDirection: [ 0, 0, 1 ]
        - 
          name: RLEG_JOINT5
          index: 37
          translation: [ 3.87335602e-07, -0.0599993855, 0.150000027 ]
          rotation: [ 
            1, 5.92089712e-13, 9.95463739e-10, 
            -5.92095817e-13, 1, 9.72000258e-14, 
            -9.95463711e-10, -9.72000258e-14, 1 ]
  - 
    time: 4.1
    refer: 
      type: Pose
      name: ""
      joints: [ 
        0, 1, 2, 3, 4, 5, 6, 7, 8, 9, 
        10, 11, 12, 13, 14, 15, 16, 17, 18, 19, 
        20, 21, 22, 23, 24, 25, 26, 27, 28, 29, 
        30, 31, 32, 33, 34, 35, 36 ]
      q: [ 
        1.37936615e-10, -0.139092445, -0.382644323, 0.958349563, -0.575705238, 0.139092445, -0.000522552102, -0.130058762, -0.21821733, 0.616032074, 
        -0.397814744, 0.130058762, 0, 0, 0, 0, 0, 0, 0.698131701, -0.34906585, 
        -0.0872664626, -1.3962634, 0, 0, -0.34906585, 0, 0.698131701, 0.34906585, 0.0872664626, -1.3962634, 
        0, 0, -0.34906585, 0, 0, 0, 0 ]
      ikLinks: 
        - 
          name: WAIST
          index: 0
          isBaseLink: true
          translation: [ 0.065, 0.18, 0.9768 ]
          rotation: [ 
            1, 2.6271844e-13, 6.48847642e-12, 
            -2.6271844e-13, 1, 9.10660436e-14, 
            -6.48847642e-12, -9.10660436e-14, 1 ]
        - 
          name: LARM_JOINT7
          index: 13
          translation: [ 0.0848425732, 0.551456088, 0.976314795 ]
          rotation: [ 
            0.459003031, 0.152244556, -0.875292987, 
            -0.351045806, 0.936116807, -0.0212641954, 
            0.816139118, 0.317028262, 0.483125264 ]
        - 
          name: RARM_JOINT7
          index: 23
          translation: [ 0.0848425732, -0.191456088, 0.976314795 ]
          rotation: [ 
            0.459003031, -0.152244556, -0.875292987, 
            0.351045806, 0.936116807, 0.0212641954, 
            0.816139118, -0.317028262, 0.483125264 ]
        - 
          name: LLEG_JOINT5
          index: 31
          translation: [ 3.46846659e-09, 0.180000383, 0.0995003192 ]
          rotation: [ 
            0.999999863, 0.000522552078, 6.48853221e-12, 
            -0.000522552078, 0.999999863, 9.10660436e-14, 
            -6.48847642e-12, -9.44244682e-14, 1 ]
          isTouching: true
          partingDirection: [ 0, 0, 1 ]
        - 
          name: RLEG_JOINT5
          index: 37
          translation: [ 3.81461708e-07, -0.0199994596, 0.149999955 ]
          rotation: [ 
            1, 1.08689149e-12, 9.97662206e-10, 
            -1.08690834e-12, 1, 9.65061364e-14, 
            -9.97662397e-10, -9.65061364e-14, 1 ]
  - 
    time: 4.7
    refer: 
      type: Pose
      name: ""
      joints: [ 
        0, 1, 2, 3, 4, 5, 6, 7, 8, 9, 
        10, 11, 12, 13, 14, 15, 16, 17, 18, 19, 
        20, 21, 22, 23, 24, 25, 26, 27, 28, 29, 
        30, 31, 32, 33, 34, 35, 36 ]
      q: [ 
        -2.09581916e-12, -4.6732696e-12, -0.244326768, 0.670025357, -0.425698587, 4.80695929e-12, -0.000522552102, -4.39926511e-05, -0.24433028, 0.670028094, 
        -0.425697814, 4.39926513e-05, 0, 0, 0, 0, 0, 0, 0.698131701, -0.34906585, 
        -0.0872664626, -1.3962634, 0, 0, -0.34906585, 0, 0.698131701, 0.34906585, 0.0872664626, -1.3962634, 
        0, 0, -0.34906585, 0, 0, 0, 0 ]
      ikLinks: 
        - 
          name: WAIST
          index: 0
          isBaseLink: true
          translation: [ 0.065, 0.08, 0.9768 ]
          rotation: [ 
            1, 2.6271844e-13, 6.48847642e-12, 
            -2.6271844e-13, 1, 9.10660436e-14, 
            -6.48847642e-12, -9.10660436e-14, 1 ]
        - 
          name: LARM_JOINT7
          index: 13
          translation: [ 0.0848425732, 0.451456088, 0.976314795 ]
          rotation: [ 
            0.459003031, 0.152244556, -0.875292987, 
            -0.351045806, 0.936116807, -0.0212641954, 
            0.816139118, 0.317028262, 0.483125264 ]
        - 
          name: RARM_JOINT7
          index: 23
          translation: [ 0.0848425732, -0.291456088, 0.976314795 ]
          rotation: [ 
            0.459003031, -0.152244556, -0.875292987, 
            0.351045806, 0.936116807, 0.0212641954, 
            0.816139118, -0.317028262, 0.483125264 ]
        - 
          name: LLEG_JOINT5
          index: 31
          translation: [ 1.04215097e-06, 0.18000032, 0.0995008714 ]
          rotation: [ 
            0.999999863, 0.000522552079, 6.50231761e-12, 
            -0.000522552079, 0.999999863, -3.89869953e-14, 
            -6.50235421e-12, 3.55892006e-14, 1 ]
          isTouching: true
          partingDirection: [ 0, 0, 1 ]
        - 
          name: RLEG_JOINT5
          index: 37
          translation: [ -5.12184093e-07, -0.02, 0.0995006694 ]
          rotation: [ 
            1, 2.3585376e-12, 9.90345417e-10, 
            -2.3585376e-12, 1, -4.26236525e-14, 
            -9.90345417e-10, 4.26236501e-14, 1 ]
          isTouching: true
          partingDirection: [ 0, 0, 1 ]
  - 
    time: 5.4
    refer: 
      type: Pose
      name: ""
      joints: [ 
        0, 1, 2, 3, 4, 5, 6, 7, 8, 9, 
        10, 11, 12, 13, 14, 15, 16, 17, 18, 19, 
        20, 21, 22, 23, 24, 25, 26, 27, 28, 29, 
        30, 31, 32, 33, 34, 35, 36 ]
      q: [ 
        -2.0478764e-12, -8.31412392e-08, -0.244326971, 0.670025238, -0.425698265, 8.31413727e-08, -0.000522552102, -4.3965324e-05, -0.244328619, 0.670025685, 
        -0.425697066, 4.39653241e-05, 0, 0, 0, 0, 0, 0, 0.698131701, -0.34906585, 
        -0.0872664626, -1.3962634, 0, 0, -0.34906585, 0, 0.698131701, 0.34906585, 0.0872664626, -1.3962634, 
        0, 0, -0.34906585, 0, 0, 0, 0 ]
      ikLinks: 
        - 
          name: WAIST
          index: 0
          isBaseLink: true
          translation: [ 0.065, 0.08, 0.9768 ]
          rotation: [ 
            1, 2.6271844e-13, 6.48847642e-12, 
            -2.6271844e-13, 1, 9.10660436e-14, 
            -6.48847642e-12, -9.10660436e-14, 1 ]
        - 
          name: LARM_JOINT7
          index: 13
          translation: [ 0.0848425732, 0.451456088, 0.976314795 ]
          rotation: [ 
            0.459003031, 0.152244556, -0.875292987, 
            -0.351045806, 0.936116807, -0.0212641954, 
            0.816139118, 0.317028262, 0.483125264 ]
        - 
          name: RARM_JOINT7
          index: 23
          translation: [ 0.0848425732, -0.291456088, 0.976314795 ]
          rotation: [ 
            0.459003031, -0.152244556, -0.875292987, 
            0.351045806, 0.936116807, 0.0212641954, 
            0.816139118, -0.317028262, 0.483125264 ]
        - 
          name: LLEG_JOINT5
          index: 31
          translation: [ 6.88050322e-07, 0.180000341, 0.0995006015 ]
          rotation: [ 
            0.999999863, 0.000522552079, 6.50643728e-12, 
            -0.000522552079, 0.999999863, -3.88666286e-14, 
            -6.50646204e-12, 3.54666857e-14, 1 ]
          isTouching: true
          partingDirection: [ 0, 0, 1 ]
        - 
          name: RLEG_JOINT5
          index: 37
          translation: [ -3.26051494e-07, -0.0200000636, 0.0995006376 ]
          rotation: [ 
            1, 2.31067665e-12, 9.90475202e-10, 
            -2.31067665e-12, 1, -4.24408426e-14, 
            -9.90475146e-10, 4.24408403e-14, 1 ]
          isTouching: true
          partingDirection: [ 0, 0, 1 ]
