# Body pose sequence format version 1.0 defined by cnoid-Robotics

type: PoseSeq
name: "lf-rb-toe-turn"
targetBody: "JAXON_RED"
refs: 
  - 
    time: 0
    refer: 
      type: Pose
      name: ""
      joints: [ 
        0, 1, 2, 3, 4, 5, 6, 7, 8, 9, 
        10, 11, 12, 13, 14, 15, 16, 17, 18, 19, 
        20, 21, 22, 23, 24, 25, 26, 27, 28, 29, 
        30, 31, 32, 33, 34, 35, 36 ]
      q: [ 
        3.4143959e-14, 4.2552593e-07, -0.457563568, 0.63713625, -0.17957268, -4.2552587e-07, -3.13958171e-16, 4.08249819e-07, -0.179576317, 0.637141407, 
        -0.457565089, -4.08249819e-07, 0, 0, 0, 0, 0, 0, 0.698131701, -0.34906585, 
        -0.0872664626, -1.3962634, 0, 0, -0.34906585, 0, 0.698131701, 0.34906585, 0.0872664626, -1.3962634, 
        0, 0, -0.34906585, 0, 0, 0, 0 ]
      ikLinks: 
        - 
          name: WAIST
          index: 0
          isBaseLink: true
          translation: [ 0, 0, 0.9768 ]
          rotation: [ 
            1, 3.50329129e-14, 1.09523501e-13, 
            -3.50329129e-14, 1, 5.97252824e-14, 
            -1.09523501e-13, -5.97252824e-14, 1 ]
        - 
          name: LARM_JOINT7
          index: 13
          translation: [ 0.0198425732, 0.371456088, 0.976314795 ]
          rotation: [ 
            0.459003031, 0.152244556, -0.875292987, 
            -0.351045806, 0.936116807, -0.0212641954, 
            0.816139118, 0.317028262, 0.483125264 ]
        - 
          name: RARM_JOINT7
          index: 23
          translation: [ 0.0198425732, -0.371456088, 0.976314795 ]
          rotation: [ 
            0.459003031, -0.152244556, -0.875292987, 
            0.351045806, 0.936116807, 0.0212641954, 
            0.816139118, -0.317028262, 0.483125264 ]
        - 
          name: LLEG_JOINT5
          index: 31
          translation: [ -0.0999978612, 0.100000312, 0.0995008973 ]
          rotation: [ 
            1, 3.49386234e-14, 1.00010406e-09, 
            -3.49386235e-14, 1, 5.97246601e-14, 
            -1.00010406e-09, -5.97246601e-14, 1 ]
          isTouching: true
          partingDirection: [ 0, 0, 1 ]
        - 
          name: RLEG_JOINT5
          index: 37
          translation: [ 0.0999987016, -0.0999996746, 0.0995003952 ]
          rotation: [ 
            1, 3.80035009e-17, 1.99987124e-09, 
            -3.80034699e-17, 1, 4.25582758e-16, 
            -1.99987127e-09, -4.25582811e-16, 1 ]
          isTouching: true
          partingDirection: [ 0, 0, 1 ]
  - 
    time: 1
    refer: 
      type: Pose
      name: ""
      joints: [ 
        0, 1, 2, 3, 4, 5, 6, 7, 8, 9, 
        10, 11 ]
      q: [ 
        -9.51343403e-16, 3.84331385e-07, -0.457568875, 0.637135796, -0.179566919, -3.84331385e-07, -6.65778187e-16, 3.87120246e-07, -0.179576758, 0.637141405, 
        -0.457564645, -3.87120246e-07 ]
      ikLinks: 
        - 
          name: WAIST
          index: 0
          isBaseLink: true
          translation: [ 0, 0, 0.9768 ]
          rotation: [ 
            1, 0, 0, 
            0, 1, 0, 
            -0, 0, 1 ]
        - 
          name: LLEG_JOINT5
          index: 31
          translation: [ -0.0999975452, 0.100000296, 0.0995008528 ]
          rotation: [ 
            1, 2.78712793e-16, 9.99858307e-10, 
            -2.78712803e-16, 1, -2.9522804e-18, 
            -9.99858196e-10, 2.95238628e-18, 1 ]
          isTouching: true
          partingDirection: [ 0, 0, 1 ]
        - 
          name: RLEG_JOINT5
          index: 37
          translation: [ 0.100002665, -0.0999997061, 0.0995008951 ]
          rotation: [ 
            1, 1.8268122e-16, 1.99999847e-09, 
            -1.82681197e-16, 1, -3.86247024e-19, 
            -1.99999853e-09, 3.86299964e-19, 1 ]
          isTouching: true
          partingDirection: [ 0, 0, 1 ]
  - 
    time: 1.25
    refer: 
      type: Pose
      name: ""
      joints: [ 
        0, 1, 2, 3, 4, 5, 6, 7, 8, 9, 
        10, 11 ]
      q: [ 
        2.50333821e-06, -0.031235134, -0.427620448, 0.665040193, -0.236820808, 0.0318914212, -2.50295428e-06, 0.0312349168, -0.237503142, 0.665076325, 
        -0.426974228, -0.0318912162 ]
      ikLinks: 
        - 
          name: WAIST
          index: 0
          translation: [ 0.008125, -0.016625, 0.9768 ]
          rotation: [ 
            0.956940336, -0.290284677, 0, 
            0.290284677, 0.956940336, 0, 
            -0, 0, 1 ]
        - 
          name: LLEG_JOINT5
          index: 31
          translation: [ -0.0904217389, 0.080171731, 0.0995499967 ]
          rotation: [ 
            0.960425835, -0.278535568, 0.000392170984, 
            0.278535201, 0.96042569, 0.000797070405, 
            -0.000598663547, -0.000656293585, 0.999999605 ]
          isTouching: true
          partingDirection: [ 0, 0, 1 ]
        - 
          name: RLEG_JOINT5
          index: 37
          translation: [ 0.109577314, -0.119827994, 0.099549995 ]
          rotation: [ 
            0.96043486, -0.278503692, 0.000757736709, 
            0.278504079, 0.960434934, -0.000463590755, 
            -0.00059864507, 0.000656281486, 0.999999605 ]
          isTouching: true
          partingDirection: [ 0, 0, 1 ]
  - 
    time: 1.5
    refer: 
      type: Pose
      name: ""
      joints: [ 
        0, 1, 2, 3, 4, 5, 6, 7, 8, 9, 
        10, 11 ]
      q: [ 
        6.42908616e-11, -0.0647102542, -0.337276199, 0.681465453, -0.344189253, 0.0660228272, -5.46295624e-11, 0.0435054714, -0.340718552, 0.688358619, 
        -0.347640067, -0.0448180686 ]
      ikLinks: 
        - 
          name: WAIST
          index: 0
          translation: [ 0.025, -0.042, 0.9768 ]
          rotation: [ 
            0.707106781, -0.707106781, 0, 
            0.707106781, 0.707106781, 0, 
            -0, 0, 1 ]
        - 
          name: LLEG_JOINT5
          index: 31
          translation: [ -0.071000731, 0.0504992542, 0.0996004941 ]
          rotation: [ 
            0.707106781, -0.707106172, -0.000928146115, 
            0.707106781, 0.707106172, 0.000928146115, 
            -4.94049246e-15, -0.00131259682, 0.999999139 ]
          isTouching: true
          partingDirection: [ 0, 0, 1 ]
        - 
          name: RLEG_JOINT5
          index: 37
          translation: [ 0.128999252, -0.149500749, 0.0996004913 ]
          rotation: [ 
            0.707106781, -0.707106172, 0.000928129706, 
            0.707106781, 0.707106172, -0.0009281283, 
            -9.94285321e-10, 0.00131257262, 0.999999139 ]
          isTouching: true
          partingDirection: [ 0, 0, 1 ]
  - 
    time: 1.75
    refer: 
      type: Pose
      name: ""
      joints: [ 
        0, 1, 2, 3, 4, 5, 6, 7, 8, 9, 
        10, 11 ]
      q: [ 
        7.73101553e-11, -0.0323155493, -0.240050607, 0.666001049, -0.425950433, 0.0329718358, -8.20746158e-11, 0.0323160189, -0.425950279, 0.666001027, 
        -0.240050737, -0.0329723175 ]
      ikLinks: 
        - 
          name: WAIST
          index: 0
          translation: [ 0.0524220144, -0.0609221938, 0.976799995 ]
          rotation: [ 
            0.279698105, -0.960088001, -1.30871772e-11, 
            0.960088001, 0.279698105, -5.45271519e-11, 
            5.60113068e-11, 2.68628891e-12, 1 ]
        - 
          name: LLEG_JOINT5
          index: 31
          translation: [ -0.0461249324, 0.0358744699, 0.0995499809 ]
          rotation: [ 
            0.290284677, -0.95694013, -0.000628035527, 
            0.956940336, 0.290284614, 0.000190523397, 
            -1.04335573e-08, -0.000656298551, 0.999999785 ]
          isTouching: true
          partingDirection: [ 0, 0, 1 ]
        - 
          name: RLEG_JOINT5
          index: 37
          translation: [ 0.153874557, -0.16412447, 0.0995499821 ]
          rotation: [ 
            0.290284677, -0.95694013, 0.000628029757, 
            0.956940336, 0.290284615, -0.000190500755, 
            -9.55890089e-09, 0.000656286457, 0.999999785 ]
          isTouching: true
          partingDirection: [ 0, 0, 1 ]
  - 
    time: 2
    refer: 
      type: Pose
      name: ""
      joints: [ 
        0, 1, 2, 3, 4, 5, 6, 7, 8, 9, 
        10, 11 ]
      q: [ 
        -3.00481633e-15, -2.60720352e-07, -0.179571818, 0.637138302, -0.457566485, 2.60728443e-07, 3.14686855e-13, -2.60791746e-07, -0.457565718, 0.637136799, 
        -0.179571082, 2.60795826e-07 ]
      ikLinks: 
        - 
          name: WAIST
          index: 0
          isBaseLink: true
          translation: [ 0.07, -0.07, 0.9768 ]
          rotation: [ 
            6.123234e-17, -1, 0, 
            1, 6.123234e-17, 0, 
            -0, 0, 1 ]
        - 
          name: LLEG_JOINT5
          index: 31
          translation: [ -0.0299998005, 0.0300000333, 0.0995006474 ]
          rotation: [ 
            -3.14886414e-13, -1, 4.08000658e-12, 
            1, -3.14886418e-13, -9.99998057e-10, 
            9.9999814e-10, 4.08000658e-12, 1 ]
          isTouching: true
          partingDirection: [ 0, 0, 1 ]
        - 
          name: RLEG_JOINT5
          index: 37
          translation: [ 0.170000199, -0.170000018, 0.0995008259 ]
          rotation: [ 
            2.80532706e-15, -1, 8.09099966e-12, 
            1, 2.80531896e-15, -1.00000486e-09, 
            1.0000048e-09, 8.09099966e-12, 1 ]
          isTouching: true
          partingDirection: [ 0, 0, 1 ]
  - 
    time: 3
    refer: 
      type: Pose
      name: ""
      joints: [ 
        0, 1, 2, 3, 4, 5, 6, 7, 8, 9, 
        10, 11, 12, 13, 14, 15, 16, 17, 18, 19, 
        20, 21, 22, 23, 24, 25, 26, 27, 28, 29, 
        30, 31, 32, 33, 34, 35, 36 ]
      q: [ 
        -1.63284817e-14, -8.54272183e-07, -0.179577645, 0.637150376, -0.457572731, 8.54280273e-07, 4.86933009e-13, -8.75157847e-07, -0.457570319, 0.637145535, 
        -0.179575218, 8.75161927e-07, 0, 0, 0, 0, 0, 0, 0.698131701, -0.34906585, 
        -0.0872664626, -1.3962634, 0, 0, -0.34906585, 0, 0.698131701, 0.34906585, 0.0872664626, -1.3962634, 
        0, 0, -0.34906585, 0, 0, 0, 0 ]
      ikLinks: 
        - 
          name: WAIST
          index: 0
          isBaseLink: true
          translation: [ 0.07, -0.07, 0.9768 ]
          rotation: [ 
            6.123234e-17, -1, 0, 
            1, 6.123234e-17, -0, 
            0, 0, 1 ]
        - 
          name: LARM_JOINT7
          index: 13
          translation: [ -0.301456088, -0.0501574268, 0.976314795 ]
          rotation: [ 
            0.351045806, -0.936116807, 0.0212641954, 
            0.459003031, 0.152244556, -0.875292987, 
            0.816139118, 0.317028262, 0.483125264 ]
        - 
          name: RARM_JOINT7
          index: 23
          translation: [ 0.441456088, -0.0501574268, 0.976314795 ]
          rotation: [ 
            -0.351045806, -0.936116807, -0.0212641954, 
            0.459003031, -0.152244556, -0.875292987, 
            0.816139118, -0.317028262, 0.483125264 ]
        - 
          name: LLEG_JOINT5
          index: 31
          translation: [ -0.0299993307, 0.0300000559, 0.0995017004 ]
          rotation: [ 
            -4.88622091e-13, -1, 4.07999762e-12, 
            1, -4.886221e-13, -1.9999985e-09, 
            1.99999853e-09, 4.07999762e-12, 1 ]
          isTouching: true
          partingDirection: [ 0, 0, 1 ]
        - 
          name: RLEG_JOINT5
          index: 37
          translation: [ 0.170000653, -0.16999997, 0.0995022703 ]
          rotation: [ 
            1.63897099e-14, -1, 8.09001475e-12, 
            1, 1.63897098e-14, -4.94050646e-15, 
            4.94049246e-15, 8.09001475e-12, 1 ]
          isTouching: true
          partingDirection: [ 0, 0, 1 ]
