# Body pose sequence format version 1.0 defined by cnoid-Robotics

type: PoseSeq
name: "fast-one-step"
targetBody: "HRP2JSKNTS"
refs: 
  - 
    time: 0
    refer: 
      type: Pose
      name: ""
      joints: [ 
        0, 1, 2, 3, 4, 5, 6, 7, 8, 9, 
        10, 11, 12, 13, 14, 15, 16, 17, 18, 19, 
        20, 21, 22, 23, 24, 25, 26, 27, 28, 29, 
        30, 31, 32, 33, 34, 35, 36, 37, 38, 39, 
        40, 41, 42, 43 ]
      q: [ 
        2.90033969e-14, -8.35189143e-08, -0.609304185, 0.733742508, -0.124438322, 8.35189143e-08, 0, 2.92736999e-14, 1.27491362e-07, -0.176670692, 
        0.772150036, -0.595479343, -1.27491362e-07, 0, 0, 0, 0, 0, 0.174532925, -0.174532925, 
        0, -0.436332313, 0, 0, -0.174532925, 0, 0, 0, 0, 0, 
        0, 0.174532925, 0.174532925, 0, -0.436332313, 0, 0, -0.174532925, 0, 0, 
        0, 0, 0, 0 ]
      ikLinks: 
        - 
          name: WAIST
          index: 0
          isBaseLink: true
          translation: [ -0.00945404899, -1.63616724e-08, 0.648194414 ]
          rotation: [ 
            1, -4.58900843e-07, 2.68584588e-09, 
            4.58900843e-07, 1, -1.27652366e-10, 
            -2.68584582e-09, 1.27653599e-10, 1 ]
        - 
          name: RLEG_JOINT5
          index: 6
          translation: [ 0.124999867, -0.095, 0.104500227 ]
          rotation: [ 
            1, -4.58900872e-07, 2.68555158e-09, 
            4.58900872e-07, 1, -1.27652374e-10, 
            -2.68555155e-09, 1.27653607e-10, 1 ]
          isTouching: true
          partingDirection: [ 0, 0, 1 ]
        - 
          name: RLEG_JOINT6
          index: 7
          translation: [ 0.239999867, -0.0949999472, 0.0305002262 ]
          rotation: [ 
            1, -4.58900872e-07, 2.68555158e-09, 
            4.58900872e-07, 1, -1.27652374e-10, 
            -2.68555155e-09, 1.27653607e-10, 1 ]
          isTouching: true
          partingDirection: [ 0, 0, 1 ]
          isSlave: true
        - 
          name: LLEG_JOINT5
          index: 13
          translation: [ -0.124999871, 0.095, 0.104500215 ]
          rotation: [ 
            1, -4.58900872e-07, 2.68602224e-09, 
            4.58900872e-07, 1, -1.27652349e-10, 
            -2.68602224e-09, 1.27653582e-10, 1 ]
          isTouching: true
          partingDirection: [ 0, 0, 1 ]
        - 
          name: LLEG_JOINT6
          index: 14
          translation: [ -0.00999987083, 0.0950000528, 0.0305002151 ]
          rotation: [ 
            1, -4.58900872e-07, 2.68602224e-09, 
            4.58900872e-07, 1, -1.27652349e-10, 
            -2.68602224e-09, 1.27653582e-10, 1 ]
          isTouching: true
          partingDirection: [ 0, 0, 1 ]
          isSlave: true
        - 
          name: RARM_JOINT6
          index: 25
          translation: [ 0.0530960951, -0.362756706, 0.699341298 ]
          rotation: [ 
            0.904794587, -0.0301541419, -0.424779335, 
            0.0996009179, 0.984807739, 0.142244065, 
            0.414036728, -0.171010071, 0.894052092 ]
        - 
          name: LARM_JOINT6
          index: 38
          translation: [ 0.0530957621, 0.362756731, 0.699341298 ]
          rotation: [ 
            0.904794678, 0.0301532381, -0.424779204, 
            -0.0996000876, 0.984807767, -0.142244455, 
            0.414036728, 0.171010072, 0.894052092 ]
      zmp: [ -0.125, 0.09, 0 ]
      isZmpStationaryPoint: true
  - 
    time: 2
    refer: 
      type: Pose
      name: ""
      joints: [ 
        0, 1, 2, 3, 4, 5, 6, 7, 8, 9, 
        10, 11, 12, 13, 14, 15, 16, 17, 18, 19, 
        20, 21, 22, 23, 24, 25, 26, 27, 28, 29, 
        30, 31, 32, 33, 34, 35, 36, 37, 38, 39, 
        40, 41, 42, 43 ]
      q: [ 
        2.90033969e-14, -8.35189143e-08, -0.609304185, 0.733742508, -0.124438322, 8.35189143e-08, 0, 2.92736999e-14, 1.27491362e-07, -0.176670692, 
        0.772150036, -0.595479343, -1.27491362e-07, 0, 0, 0, 0, 0, 0.174532925, -0.174532925, 
        0, -0.436332313, 0, 0, -0.174532925, 0, 0, 0, 0, 0, 
        0, 0.174532925, 0.174532925, 0, -0.436332313, 0, 0, -0.174532925, 0, 0, 
        0, 0, 0, 0 ]
      ikLinks: 
        - 
          name: WAIST
          index: 0
          isBaseLink: true
          translation: [ -0.00945404899, -1.63616724e-08, 0.648194414 ]
          rotation: [ 
            1, -4.58900843e-07, 2.68584588e-09, 
            4.58900843e-07, 1, -1.27652366e-10, 
            -2.68584582e-09, 1.27653599e-10, 1 ]
        - 
          name: RLEG_JOINT5
          index: 6
          translation: [ 0.124999867, -0.095, 0.104500227 ]
          rotation: [ 
            1, -4.58900872e-07, 2.68555158e-09, 
            4.58900872e-07, 1, -1.27652374e-10, 
            -2.68555155e-09, 1.27653607e-10, 1 ]
          isTouching: true
          partingDirection: [ 0, 0, 1 ]
        - 
          name: RLEG_JOINT6
          index: 7
          translation: [ 0.239999867, -0.0949999472, 0.0305002262 ]
          rotation: [ 
            1, -4.58900872e-07, 2.68555158e-09, 
            4.58900872e-07, 1, -1.27652374e-10, 
            -2.68555155e-09, 1.27653607e-10, 1 ]
          isTouching: true
          partingDirection: [ 0, 0, 1 ]
          isSlave: true
        - 
          name: LLEG_JOINT5
          index: 13
          translation: [ -0.124999871, 0.095, 0.104500215 ]
          rotation: [ 
            1, -4.58900872e-07, 2.68602224e-09, 
            4.58900872e-07, 1, -1.27652349e-10, 
            -2.68602224e-09, 1.27653582e-10, 1 ]
          isTouching: true
          partingDirection: [ 0, 0, 1 ]
        - 
          name: LLEG_JOINT6
          index: 14
          translation: [ -0.00999987083, 0.0950000528, 0.0305002151 ]
          rotation: [ 
            1, -4.58900872e-07, 2.68602224e-09, 
            4.58900872e-07, 1, -1.27652349e-10, 
            -2.68602224e-09, 1.27653582e-10, 1 ]
          isTouching: true
          partingDirection: [ 0, 0, 1 ]
          isSlave: true
        - 
          name: RARM_JOINT6
          index: 25
          translation: [ 0.0530960951, -0.362756706, 0.699341298 ]
          rotation: [ 
            0.904794587, -0.0301541419, -0.424779335, 
            0.0996009179, 0.984807739, 0.142244065, 
            0.414036728, -0.171010071, 0.894052092 ]
        - 
          name: LARM_JOINT6
          index: 38
          translation: [ 0.0530957621, 0.362756731, 0.699341298 ]
          rotation: [ 
            0.904794678, 0.0301532381, -0.424779204, 
            -0.0996000876, 0.984807767, -0.142244455, 
            0.414036728, 0.171010072, 0.894052092 ]
      zmp: [ -0.125, 0.09, 0 ]
      isZmpStationaryPoint: true
  - 
    time: 2.004
    refer: 
      type: Pose
      name: ""
      joints: [ 
        0, 1, 2, 3, 4, 5, 6, 7, 8, 9, 
        10, 11, 12, 13, 14, 15, 16, 17, 18, 19, 
        20, 21, 22, 23, 24, 25, 26, 27, 28, 29, 
        30, 31, 32, 33, 34, 35, 36, 37, 38, 39, 
        40, 41, 42, 43 ]
      q: [ 
        2.90033969e-14, -8.35189143e-08, -0.609304185, 0.733742508, -0.124438322, 8.35189143e-08, 0, 2.92736999e-14, 1.27491362e-07, -0.176670692, 
        0.772150036, -0.595479343, -1.27491362e-07, 0, 0, 0, 0, 0, 0.174532925, -0.174532925, 
        0, -0.436332313, 0, 0, -0.174532925, 0, 0, 0, 0, 0, 
        0, 0.174532925, 0.174532925, 0, -0.436332313, 0, 0, -0.174532925, 0, 0, 
        0, 0, 0, 0 ]
      ikLinks: 
        - 
          name: WAIST
          index: 0
          isBaseLink: true
          translation: [ -0.00945404899, -1.63616724e-08, 0.648194414 ]
          rotation: [ 
            1, -4.58900843e-07, 2.68584588e-09, 
            4.58900843e-07, 1, -1.27652366e-10, 
            -2.68584582e-09, 1.27653599e-10, 1 ]
        - 
          name: RLEG_JOINT5
          index: 6
          translation: [ 0.124999867, -0.095, 0.104500227 ]
          rotation: [ 
            1, -4.58900872e-07, 2.68555158e-09, 
            4.58900872e-07, 1, -1.27652374e-10, 
            -2.68555155e-09, 1.27653607e-10, 1 ]
          isTouching: true
          partingDirection: [ 0, 0, 1 ]
        - 
          name: RLEG_JOINT6
          index: 7
          translation: [ 0.239999867, -0.0949999472, 0.0305002262 ]
          rotation: [ 
            1, -4.58900872e-07, 2.68555158e-09, 
            4.58900872e-07, 1, -1.27652374e-10, 
            -2.68555155e-09, 1.27653607e-10, 1 ]
          isTouching: true
          partingDirection: [ 0, 0, 1 ]
          isSlave: true
        - 
          name: LLEG_JOINT5
          index: 13
          translation: [ -0.124999871, 0.095, 0.104500215 ]
          rotation: [ 
            1, -4.58900872e-07, 2.68602224e-09, 
            4.58900872e-07, 1, -1.27652349e-10, 
            -2.68602224e-09, 1.27653582e-10, 1 ]
          isTouching: true
          partingDirection: [ 0, 0, 1 ]
        - 
          name: LLEG_JOINT6
          index: 14
          translation: [ -0.00999987083, 0.0950000528, 0.0305002151 ]
          rotation: [ 
            1, -4.58900872e-07, 2.68602224e-09, 
            4.58900872e-07, 1, -1.27652349e-10, 
            -2.68602224e-09, 1.27653582e-10, 1 ]
          isTouching: true
          partingDirection: [ 0, 0, 1 ]
          isSlave: true
        - 
          name: RARM_JOINT6
          index: 25
          translation: [ 0.0530960951, -0.362756706, 0.699341298 ]
          rotation: [ 
            0.904794587, -0.0301541419, -0.424779335, 
            0.0996009179, 0.984807739, 0.142244065, 
            0.414036728, -0.171010071, 0.894052092 ]
        - 
          name: LARM_JOINT6
          index: 38
          translation: [ 0.0530957621, 0.362756731, 0.699341298 ]
          rotation: [ 
            0.904794678, 0.0301532381, -0.424779204, 
            -0.0996000876, 0.984807767, -0.142244455, 
            0.414036728, 0.171010072, 0.894052092 ]
      zmp: [ 0.125, -0.09, 0 ]
      isZmpStationaryPoint: true
  - 
    time: 3
    refer: 
      type: Pose
      name: ""
      joints: [ 
        0, 1, 2, 3, 4, 5, 6, 7, 8, 9, 
        10, 11, 12, 13, 14, 15, 16, 17, 18, 19, 
        20, 21, 22, 23, 24, 25, 26, 27, 28, 29, 
        30, 31, 32, 33, 34, 35, 36, 37, 38, 39, 
        40, 41, 42, 43 ]
      q: [ 
        2.90033969e-14, -8.35189143e-08, -0.609304185, 0.733742508, -0.124438322, 8.35189143e-08, 0, 2.92736999e-14, 1.27491362e-07, -0.176670692, 
        0.772150036, -0.595479343, -1.27491362e-07, 0, 0, 0, 0, 0, 0.174532925, -0.174532925, 
        0, -0.436332313, 0, 0, -0.174532925, 0, 0, 0, 0, 0, 
        0, 0.174532925, 0.174532925, 0, -0.436332313, 0, 0, -0.174532925, 0, 0, 
        0, 0, 0, 0 ]
      ikLinks: 
        - 
          name: WAIST
          index: 0
          isBaseLink: true
          translation: [ -0.00945404899, -1.63616724e-08, 0.648194414 ]
          rotation: [ 
            1, -4.58900843e-07, 2.68584588e-09, 
            4.58900843e-07, 1, -1.27652366e-10, 
            -2.68584582e-09, 1.27653599e-10, 1 ]
        - 
          name: RLEG_JOINT5
          index: 6
          translation: [ 0.124999867, -0.095, 0.104500227 ]
          rotation: [ 
            1, -4.58900872e-07, 2.68555158e-09, 
            4.58900872e-07, 1, -1.27652374e-10, 
            -2.68555155e-09, 1.27653607e-10, 1 ]
          isTouching: true
          partingDirection: [ 0, 0, 1 ]
        - 
          name: RLEG_JOINT6
          index: 7
          translation: [ 0.239999867, -0.0949999472, 0.0305002262 ]
          rotation: [ 
            1, -4.58900872e-07, 2.68555158e-09, 
            4.58900872e-07, 1, -1.27652374e-10, 
            -2.68555155e-09, 1.27653607e-10, 1 ]
          isTouching: true
          partingDirection: [ 0, 0, 1 ]
          isSlave: true
        - 
          name: LLEG_JOINT5
          index: 13
          translation: [ -0.124999871, 0.095, 0.104500215 ]
          rotation: [ 
            1, -4.58900872e-07, 2.68602224e-09, 
            4.58900872e-07, 1, -1.27652349e-10, 
            -2.68602224e-09, 1.27653582e-10, 1 ]
          isTouching: true
          partingDirection: [ 0, 0, 1 ]
        - 
          name: LLEG_JOINT6
          index: 14
          translation: [ -0.00999987083, 0.0950000528, 0.0305002151 ]
          rotation: [ 
            1, -4.58900872e-07, 2.68602224e-09, 
            4.58900872e-07, 1, -1.27652349e-10, 
            -2.68602224e-09, 1.27653582e-10, 1 ]
          isTouching: true
          partingDirection: [ 0, 0, 1 ]
          isSlave: true
        - 
          name: RARM_JOINT6
          index: 25
          translation: [ 0.0530960951, -0.362756706, 0.699341298 ]
          rotation: [ 
            0.904794587, -0.0301541419, -0.424779335, 
            0.0996009179, 0.984807739, 0.142244065, 
            0.414036728, -0.171010071, 0.894052092 ]
        - 
          name: LARM_JOINT6
          index: 38
          translation: [ 0.0530957621, 0.362756731, 0.699341298 ]
          rotation: [ 
            0.904794678, 0.0301532381, -0.424779204, 
            -0.0996000876, 0.984807767, -0.142244455, 
            0.414036728, 0.171010072, 0.894052092 ]
      zmp: [ 0.125, -0.09, 0 ]
      isZmpStationaryPoint: true
