# Body pose sequence format version 1.0 defined by cnoid-Robotics

type: PoseSeq
name: "walk-2step-200step-len"
targetBody: "JAXON_BLUE"
refs: 
  - 
    time: 0
    refer: 
      type: Pose
      name: ""
      joints: [ 
        0, 1, 2, 3, 4, 5, 6, 7, 8, 9, 
        10, 11, 12, 13, 14, 15, 16, 17, 18, 19, 
        20, 21, 22, 23, 24, 25, 26, 27, 28, 29, 
        30 ]
      q: [ 
        1.90226153e-19, 4.6590047e-18, -0.291687718, 0.687644268, -0.395956552, -5.90674691e-18, 1.9399532e-19, 4.75821124e-18, -0.291687718, 0.687644268, 
        -0.395956552, -6.03253236e-18, 0, 0, 0, 0, 0, 0.698132, -0.349066, -0.087266, 
        -1.396263, 0, 0, 0, 0.698132, 0.349066, 0.087266, -1.396263, 0, 0, 
        0 ]
      ikLinks: 
        - 
          name: WAIST
          index: 0
          isBaseLink: true
          translation: [ 1.18237484e-07, 0, 0.977499991 ]
          rotation: [ 
            1, -2.40741243e-35, -3.33066907e-16, 
            7.22223729e-35, 1, 2.31111593e-33, 
            3.33066907e-16, -3.01687449e-33, 1 ]
        - 
          name: LARM_JOINT6
          index: 12
          translation: [ -0.0162929043, 0.342278723, 0.919338065 ]
          rotation: [ 
            0.730689996, 0.152245103, -0.665517511, 
            -0.322602529, 0.936116794, -0.140046267, 
            0.601680761, 0.317028039, 0.733125832 ]
        - 
          name: RARM_JOINT6
          index: 19
          translation: [ -0.0162929043, -0.342278723, 0.919338065 ]
          rotation: [ 
            0.730689996, -0.152245103, -0.665517511, 
            0.322602529, 0.936116794, 0.140046267, 
            0.601680761, -0.317028039, 0.733125832 ]
        - 
          name: LLEG_JOINT5
          index: 25
          translation: [ -0.045, 0.1, 0.103500006 ]
          rotation: [ 
            1, -1.93995308e-19, -2.00000033e-09, 
            1.9399531e-19, 1, 1.27432112e-18, 
            2.00000033e-09, -1.27432112e-18, 1 ]
          isTouching: true
          partingDirection: [ 0, 0, 1 ]
        - 
          name: RLEG_JOINT5
          index: 31
          translation: [ -0.045, -0.1, 0.103500006 ]
          rotation: [ 
            1, -1.90226141e-19, -2.00000033e-09, 
            1.90226144e-19, 1, 1.24774221e-18, 
            2.00000033e-09, -1.24774221e-18, 1 ]
          isTouching: true
          partingDirection: [ 0, 0, 1 ]
  - 
    time: 0.2
    refer: 
      type: Pose
      name: ""
      joints: [ 
        0, 1, 2, 3, 4, 5, 6, 7, 8, 9, 
        10, 11, 12, 13, 14, 15, 16, 17, 18, 19, 
        20, 21, 22, 23, 24, 25, 26, 27, 28, 29, 
        30 ]
      q: [ 
        1.90226153e-19, 4.6590047e-18, -0.291687718, 0.687644268, -0.395956552, -5.90674691e-18, 1.9399532e-19, 4.75821124e-18, -0.291687718, 0.687644268, 
        -0.395956552, -6.03253236e-18, 0, 0, 0, 0, 0, 0.698132, -0.349066, -0.087266, 
        -1.396263, 0, 0, 0, 0.698132, 0.349066, 0.087266, -1.396263, 0, 0, 
        0 ]
      ikLinks: 
        - 
          name: WAIST
          index: 0
          isBaseLink: true
          translation: [ 1.18237484e-07, 0, 0.977499991 ]
          rotation: [ 
            1, -2.40741243e-35, -3.33066907e-16, 
            7.22223729e-35, 1, 2.31111593e-33, 
            3.33066907e-16, -3.01687449e-33, 1 ]
        - 
          name: LARM_JOINT6
          index: 12
          translation: [ -0.0162929043, 0.342278723, 0.919338065 ]
          rotation: [ 
            0.730689996, 0.152245103, -0.665517511, 
            -0.322602529, 0.936116794, -0.140046267, 
            0.601680761, 0.317028039, 0.733125832 ]
        - 
          name: RARM_JOINT6
          index: 19
          translation: [ -0.0162929043, -0.342278723, 0.919338065 ]
          rotation: [ 
            0.730689996, -0.152245103, -0.665517511, 
            0.322602529, 0.936116794, 0.140046267, 
            0.601680761, -0.317028039, 0.733125832 ]
        - 
          name: LLEG_JOINT5
          index: 25
          translation: [ -0.045, 0.1, 0.103500006 ]
          rotation: [ 
            1, -1.93995308e-19, -2.00000033e-09, 
            1.9399531e-19, 1, 1.27432112e-18, 
            2.00000033e-09, -1.27432112e-18, 1 ]
          isTouching: true
          partingDirection: [ 0, 0, 1 ]
        - 
          name: RLEG_JOINT5
          index: 31
          translation: [ -0.045, -0.1, 0.103500006 ]
          rotation: [ 
            1, -1.90226141e-19, -2.00000033e-09, 
            1.90226144e-19, 1, 1.24774221e-18, 
            2.00000033e-09, -1.24774221e-18, 1 ]
          isTouching: true
          partingDirection: [ 0, 0, 1 ]
  - 
    time: 0.7
    refer: 
      type: Pose
      name: ""
      joints: [ 
        0, 1, 2, 3, 4, 5, 6, 7, 8, 9, 
        10, 11, 12, 13, 14, 15, 16, 17, 18, 19, 
        20, 21, 22, 23, 24, 25, 26, 27, 28, 29, 
        30 ]
      q: [ 
        1.36869997e-10, 0.0738851207, -0.463332166, 1.0303095, -0.56697734, -0.0738851207, 1.36870018e-10, 0.0738851207, -0.463332166, 1.0303095, 
        -0.56697734, -0.0738851207, 0, 0, 0, 0, 0, 0.698132, -0.349066, -0.087266, 
        -1.396263, 0, 0, 0, 0.698132, 0.349066, 0.087266, -1.396263, 0, 0, 
        0 ]
      ikLinks: 
        - 
          name: WAIST
          index: 0
          isBaseLink: true
          translation: [ -2.35345941e-08, -0.0500003603, 0.919999248 ]
          rotation: [ 
            1, 5.99018012e-18, -5.41994129e-16, 
            7.90924407e-19, 1, -4.16333634e-17, 
            3.88578059e-16, -1.38777878e-17, 1 ]
        - 
          name: LARM_JOINT6
          index: 12
          translation: [ -0.0162930461, 0.292278363, 0.861837322 ]
          rotation: [ 
            0.730689996, 0.152245103, -0.665517511, 
            -0.322602529, 0.936116794, -0.140046267, 
            0.601680761, 0.317028039, 0.733125832 ]
        - 
          name: RARM_JOINT6
          index: 19
          translation: [ -0.0162930461, -0.392279083, 0.861837322 ]
          rotation: [ 
            0.730689996, -0.152245103, -0.665517511, 
            0.322602529, 0.936116794, 0.140046267, 
            0.601680761, -0.317028039, 0.733125832 ]
        - 
          name: LLEG_JOINT5
          index: 25
          translation: [ -0.045, 0.1, 0.103500006 ]
          rotation: [ 
            1, 3.06037478e-10, -5.9836309e-09, 
            -3.06037473e-10, 1, -2.77555756e-17, 
            5.98363087e-09, 1.38777878e-17, 1 ]
          isTouching: true
          partingDirection: [ 0, 0, 1 ]
        - 
          name: RLEG_JOINT5
          index: 31
          translation: [ -0.045, -0.1, 0.103500006 ]
          rotation: [ 
            1, 3.06037503e-10, -5.98363095e-09, 
            -3.06037501e-10, 1, -5.55111512e-17, 
            5.98363087e-09, -2.77555756e-17, 1 ]
          isTouching: true
          partingDirection: [ 0, 0, 1 ]
  - 
    time: 1.1
    refer: 
      type: Pose
      name: ""
      joints: [ 
        0, 1, 2, 3, 4, 5, 6, 7, 8, 9, 
        10, 11, 12, 13, 14, 15, 16, 17, 18, 19, 
        20, 21, 22, 23, 24, 25, 26, 27, 28, 29, 
        30 ]
      q: [ 
        1.67103412e-09, 0.146971691, -0.448901367, 1.00130795, -0.552406582, -0.146971691, 1.69366627e-09, 0.150596197, -0.490614451, 1.08513248, 
        -0.594518038, -0.150596197, 0, 0, 0, 0, 0, 0.698132, -0.349066, -0.087266, 
        -1.396263, 0, 0, 0, 0.698132, 0.349066, 0.087266, -1.396263, 0, 0, 
        0 ]
      ikLinks: 
        - 
          name: WAIST
          index: 0
          isBaseLink: true
          translation: [ -2.33853943e-09, -0.0999999955, 0.919999884 ]
          rotation: [ 
            1, 9.67673739e-17, -3.89967245e-16, 
            -7.6596946e-17, 1, 0, 
            2.77555756e-16, -5.55111508e-17, 1 ]
        - 
          name: LARM_JOINT6
          index: 12
          translation: [ -0.0162930249, 0.242278728, 0.861837958 ]
          rotation: [ 
            0.730689996, 0.152245103, -0.665517511, 
            -0.322602529, 0.936116794, -0.140046267, 
            0.601680761, 0.317028039, 0.733125832 ]
        - 
          name: RARM_JOINT6
          index: 19
          translation: [ -0.0162930249, -0.442278719, 0.861837958 ]
          rotation: [ 
            0.730689996, -0.152245103, -0.665517511, 
            0.322602529, 0.936116794, 0.140046267, 
            0.601680761, -0.317028039, 0.733125832 ]
        - 
          name: LLEG_JOINT5
          index: 25
          translation: [ -0.045, 0.1, 0.12 ]
          rotation: [ 
            1, -3.43417704e-10, -8.89813663e-09, 
            3.43417697e-10, 1, 0, 
            8.89813667e-09, -2.77555756e-17, 1 ]
        - 
          name: RLEG_JOINT5
          index: 31
          translation: [ -0.0449840721, -0.100000275, 0.103504757 ]
          rotation: [ 
            1, -1.81747716e-09, 9.89218604e-10, 
            1.81747717e-09, 1, 0, 
            -9.89218762e-10, -8.32667268e-17, 1 ]
          isTouching: true
          partingDirection: [ 0, 0, 1 ]
  - 
    time: 1.5
    refer: 
      type: Pose
      name: ""
      joints: [ 
        0, 1, 2, 3, 4, 5, 6, 7, 8, 9, 
        10, 11, 12, 13, 14, 15, 16, 17, 18, 19, 
        20, 21, 22, 23, 24, 25, 26, 27, 28, 29, 
        30 ]
      q: [ 
        -8.77286302e-11, 0.0148024973, -0.324223128, 0.986778976, -0.662555851, -0.0148024973, -2.65088735e-10, 0.01494657, -0.656127659, 1.05898998, 
        -0.402862332, -0.01494657, 0, 0, 0, 0, 0, 0.698132, -0.349066, -0.087266, 
        -1.396263, 0, 0, 0, 0.698132, 0.349066, 0.087266, -1.396263, 0, 0, 
        0 ]
      ikLinks: 
        - 
          name: WAIST
          index: 0
          isBaseLink: true
          translation: [ 0.08, -0.01, 0.92 ]
          rotation: [ 
            1, -1.85285118e-17, -9.77162206e-16, 
            1.35735615e-17, 1, 1.38777878e-17, 
            1.38777878e-15, -1.90819586e-17, 1 ]
        - 
          name: LARM_JOINT6
          index: 12
          translation: [ 0.0637069775, 0.332278723, 0.861838074 ]
          rotation: [ 
            0.730689996, 0.152245103, -0.665517511, 
            -0.322602529, 0.936116794, -0.140046267, 
            0.601680761, 0.317028039, 0.733125832 ]
        - 
          name: RARM_JOINT6
          index: 19
          translation: [ 0.0637069775, -0.352278723, 0.861838074 ]
          rotation: [ 
            0.730689996, -0.152245103, -0.665517511, 
            0.322602529, 0.936116794, 0.140046267, 
            0.601680761, -0.317028039, 0.733125832 ]
        - 
          name: LLEG_JOINT5
          index: 25
          translation: [ 0.154998948, 0.0999999894, 0.110000711 ]
          rotation: [ 
            1, 4.29431343e-10, -1.09945226e-08, 
            -4.29431347e-10, 1, 1.38812573e-14, 
            1.09945228e-08, -1.38812573e-14, 1 ]
        - 
          name: RLEG_JOINT5
          index: 31
          translation: [ -0.044996034, -0.100000235, 0.103503533 ]
          rotation: [ 
            1, 1.32114878e-10, -2.99834803e-09, 
            -1.32114883e-10, 1, 1.27241967e-14, 
            2.9983484e-09, -1.27311356e-14, 1 ]
          isTouching: true
          partingDirection: [ 0, 0, 1 ]
  - 
    time: 1.55
    refer: 
      type: Pose
      name: ""
      joints: [ 
        0, 1, 2, 3, 4, 5, 6, 7, 8, 9, 
        10, 11 ]
      q: [ 
        4.91488351e-11, -0.00125833921, -0.468097712, 1.03987434, -0.571776713, 0.00125833921, -3.69889052e-11, -0.00125935938, -0.715630177, 0.953660576, 
        -0.238030406, 0.00125935938 ]
      ikLinks: 
        - 
          name: LLEG_JOINT5
          index: 25
          translation: [ 0.154999781, 0.100000001, 0.103500452 ]
          rotation: [ 
            1, 2.87634301e-11, -6.53146972e-09, 
            -2.876343e-11, 1, 5.68555619e-16, 
            6.53146967e-09, -5.67471417e-16, 1 ]
          isTouching: true
          partingDirection: [ 0, 0, 1 ]
        - 
          name: RLEG_JOINT5
          index: 31
          translation: [ -0.0449987879, -0.0999993091, 0.103501453 ]
          rotation: [ 
            1, -1.51047612e-10, -8.09787374e-08, 
            1.51047612e-10, 1, -6.73072709e-16, 
            8.09787374e-08, 6.61146485e-16, 1 ]
          isTouching: true
          partingDirection: [ 0, 0, 1 ]
  - 
    time: 1.6
    refer: 
      type: Pose
      name: ""
      joints: [ 
        0, 1, 2, 3, 4, 5, 6, 7, 8, 9, 
        10, 11, 12, 13, 14, 15, 16, 17, 18, 19, 
        20, 21, 22, 23, 24, 25, 26, 27, 28, 29, 
        30 ]
      q: [ 
        4.94695822e-11, -0.014946719, -0.259538378, 0.975439389, -0.715901011, 0.014946719, 8.49975637e-11, -0.0148027678, -0.587754146, 1.04254095, 
        -0.454786803, 0.0148027678, 0, 0, 0, 0, 0, 0.698132, -0.349066, -0.087266, 
        -1.396263, 0, 0, 0, 0.698132, 0.349066, 0.087266, -1.396263, 0, 0, 
        0 ]
      ikLinks: 
        - 
          name: WAIST
          index: 0
          isBaseLink: true
          translation: [ 0.12, 0.01, 0.92 ]
          rotation: [ 
            1, 6.62477579e-19, 1.15885985e-15, 
            -1.73272413e-18, 1, -9.71445147e-17, 
            -1.16573418e-15, 9.54097911e-17, 1 ]
        - 
          name: LARM_JOINT6
          index: 12
          translation: [ 0.103706977, 0.352278723, 0.861838074 ]
          rotation: [ 
            0.730689996, 0.152245103, -0.665517511, 
            -0.322602529, 0.936116794, -0.140046267, 
            0.601680761, 0.317028039, 0.733125832 ]
        - 
          name: RARM_JOINT6
          index: 19
          translation: [ 0.103706977, -0.332278723, 0.861838074 ]
          rotation: [ 
            0.730689996, -0.152245103, -0.665517511, 
            0.322602529, 0.936116794, 0.140046267, 
            0.601680761, -0.317028039, 0.733125832 ]
        - 
          name: LLEG_JOINT5
          index: 25
          translation: [ 0.154999193, 0.10000001, 0.103500661 ]
          rotation: [ 
            1, -1.29387715e-10, -2.99855359e-09, 
            1.29387715e-10, 1, -1.27831773e-14, 
            2.99855352e-09, 1.27831773e-14, 1 ]
          isTouching: true
          partingDirection: [ 0, 0, 1 ]
        - 
          name: RLEG_JOINT5
          index: 31
          translation: [ -0.0449979202, -0.100000091, 0.1100006 ]
          rotation: [ 
            1, -4.94666763e-11, 1.9551607e-13, 
            4.94666755e-11, 1, -1.39523809e-14, 
            -1.95399252e-13, 1.39506462e-14, 1 ]
  - 
    time: 2
    refer: 
      type: Pose
      name: ""
      joints: [ 
        0, 1, 2, 3, 4, 5, 6, 7, 8, 9, 
        10, 11, 12, 13, 14, 15, 16, 17, 18, 19, 
        20, 21, 22, 23, 24, 25, 26, 27, 28, 29, 
        30 ]
      q: [ 
        4.22064799e-07, -0.0738844796, -0.463332513, 1.03031046, -0.566972242, 0.0738844796, 9.24185515e-11, -0.0738845082, -0.46333256, 1.03031049, 
        -0.566977937, 0.0738845082, 0, 0, 0, 0, 0, 0.698132, -0.349066, -0.087266, 
        -1.396263, 0, 0, 0, 0.698132, 0.349066, 0.087266, -1.396263, 0, 0, 
        0 ]
      ikLinks: 
        - 
          name: WAIST
          index: 0
          isBaseLink: true
          translation: [ 0.2, 0.05, 0.92 ]
          rotation: [ 
            1, 5.49035835e-17, -8.49077154e-16, 
            -5.15858255e-17, 1, 1.38777878e-17, 
            7.21644966e-16, 4.16333635e-17, 1 ]
        - 
          name: LARM_JOINT6
          index: 12
          translation: [ 0.183706977, 0.392278723, 0.861838074 ]
          rotation: [ 
            0.730689996, 0.152245103, -0.665517511, 
            -0.322602529, 0.936116794, -0.140046267, 
            0.601680761, 0.317028039, 0.733125832 ]
        - 
          name: RARM_JOINT6
          index: 19
          translation: [ 0.183706977, -0.292278723, 0.861838074 ]
          rotation: [ 
            0.730689996, -0.152245103, -0.665517511, 
            0.322602529, 0.936116794, 0.140046267, 
            0.601680761, -0.317028039, 0.733125832 ]
        - 
          name: LLEG_JOINT5
          index: 25
          translation: [ 0.154999955, 0.100000068, 0.103500923 ]
          rotation: [ 
            1, -2.40053184e-10, -1.99454546e-09, 
            2.40053193e-10, 1, 4.16333634e-17, 
            1.99454536e-09, 0, 1 ]
          isTouching: true
          partingDirection: [ 0, 0, 1 ]
        - 
          name: RLEG_JOINT5
          index: 31
          translation: [ 0.154999955, -0.0999999321, 0.103500917 ]
          rotation: [ 
            1, -6.41959876e-10, 5.69342472e-06, 
            6.41959881e-10, 1, 1.2033291e-12, 
            -5.69342472e-06, -1.19962373e-12, 1 ]
          isTouching: true
          partingDirection: [ 0, 0, 1 ]
  - 
    time: 2.8
    refer: 
      type: Pose
      name: ""
      joints: [ 
        0, 1, 2, 3, 4, 5, 6, 7, 8, 9, 
        10, 11, 12, 13, 14, 15, 16, 17, 18, 19, 
        20, 21, 22, 23, 24, 25, 26, 27, 28, 29, 
        30 ]
      q: [ 
        -1.11433576e-17, 1.2206954e-17, -0.301130161, 0.70640347, -0.405273311, -3.52745648e-17, 2.70129391e-19, -1.44935521e-17, -0.301130161, 0.70640347, 
        -0.405273311, 2.77199427e-17, 0, 0, 0, 0, 0, 0.698132, -0.349066, -0.087266, 
        -1.396263, 0, 0, 0, 0.698132, 0.349066, 0.087266, -1.396263, 0, 0, 
        0 ]
      ikLinks: 
        - 
          name: WAIST
          index: 0
          isBaseLink: true
          translation: [ 0.2, 0, 0.975 ]
          rotation: [ 
            1, -1.35778061e-32, -4.99600361e-16, 
            1.21333586e-32, 1, -5.23852945e-32, 
            4.99600361e-16, 5.25202512e-32, 1 ]
        - 
          name: LARM_JOINT6
          index: 12
          translation: [ 0.183706977, 0.342278723, 0.916838074 ]
          rotation: [ 
            0.730689996, 0.152245103, -0.665517511, 
            -0.322602529, 0.936116794, -0.140046267, 
            0.601680761, 0.317028039, 0.733125832 ]
        - 
          name: RARM_JOINT6
          index: 19
          translation: [ 0.183706977, -0.342278723, 0.916838074 ]
          rotation: [ 
            0.730689996, -0.152245103, -0.665517511, 
            0.322602529, 0.936116794, 0.140046267, 
            0.601680761, -0.317028039, 0.733125832 ]
        - 
          name: LLEG_JOINT5
          index: 25
          translation: [ 0.154999909, 0.1, 0.103501411 ]
          rotation: [ 
            1, -2.70129446e-19, -2.0000005e-09, 
            2.7012942e-19, 1, -1.32263907e-17, 
            2.0000005e-09, 1.32263907e-17, 1 ]
          isTouching: true
          partingDirection: [ 0, 0, 1 ]
        - 
          name: RLEG_JOINT5
          index: 31
          translation: [ 0.154999909, -0.1, 0.103501411 ]
          rotation: [ 
            1, 1.11433577e-17, -2.00000033e-09, 
            -1.11433576e-17, 1, 2.30676108e-17, 
            2.00000033e-09, -2.30676108e-17, 1 ]
          isTouching: true
          partingDirection: [ 0, 0, 1 ]
  - 
    time: 3
    refer: 
      type: Pose
      name: ""
      joints: [ 
        0, 1, 2, 3, 4, 5, 6, 7, 8, 9, 
        10, 11, 12, 13, 14, 15, 16, 17, 18, 19, 
        20, 21, 22, 23, 24, 25, 26, 27, 28, 29, 
        30 ]
      q: [ 
        -1.11433576e-17, 1.2206954e-17, -0.301130161, 0.70640347, -0.405273311, -3.52745648e-17, 2.70129391e-19, -1.44935521e-17, -0.301130161, 0.70640347, 
        -0.405273311, 2.77199427e-17, 0, 0, 0, 0, 0, 0.698132, -0.349066, -0.087266, 
        -1.396263, 0, 0, 0, 0.698132, 0.349066, 0.087266, -1.396263, 0, 0, 
        0 ]
      ikLinks: 
        - 
          name: WAIST
          index: 0
          isBaseLink: true
          translation: [ 0.2, 0, 0.975 ]
          rotation: [ 
            1, -1.35778061e-32, -4.99600361e-16, 
            1.21333586e-32, 1, -5.23852945e-32, 
            4.99600361e-16, 5.25202512e-32, 1 ]
        - 
          name: LARM_JOINT6
          index: 12
          translation: [ 0.183706977, 0.342278723, 0.916838074 ]
          rotation: [ 
            0.730689996, 0.152245103, -0.665517511, 
            -0.322602529, 0.936116794, -0.140046267, 
            0.601680761, 0.317028039, 0.733125832 ]
        - 
          name: RARM_JOINT6
          index: 19
          translation: [ 0.183706977, -0.342278723, 0.916838074 ]
          rotation: [ 
            0.730689996, -0.152245103, -0.665517511, 
            0.322602529, 0.936116794, 0.140046267, 
            0.601680761, -0.317028039, 0.733125832 ]
        - 
          name: LLEG_JOINT5
          index: 25
          translation: [ 0.154999909, 0.1, 0.103501411 ]
          rotation: [ 
            1, -2.70129446e-19, -2.0000005e-09, 
            2.7012942e-19, 1, -1.32263907e-17, 
            2.0000005e-09, 1.32263907e-17, 1 ]
          isTouching: true
          partingDirection: [ 0, 0, 1 ]
        - 
          name: RLEG_JOINT5
          index: 31
          translation: [ 0.154999909, -0.1, 0.103501411 ]
          rotation: [ 
            1, 1.11433577e-17, -2.00000033e-09, 
            -1.11433576e-17, 1, 2.30676108e-17, 
            2.00000033e-09, -2.30676108e-17, 1 ]
          isTouching: true
          partingDirection: [ 0, 0, 1 ]
