# Body pose sequence format version 1.0 defined by cnoid-Robotics

type: PoseSeq
name: "walk-2step-0step-len"
targetBody: "JAXON_BLUE"
refs: 
  - 
    time: 0
    refer: 
      type: Pose
      name: ""
      joints: [ 
        0, 1, 2, 3, 4, 5, 6, 7, 8, 9, 
        10, 11, 12, 13, 14, 15, 16, 17, 18, 19, 
        20, 21, 22, 23, 24, 25, 26, 27, 28, 29, 
        30 ]
      q: [ 
        1.90226153e-19, 4.6590047e-18, -0.291687718, 0.687644268, -0.395956552, -5.90674691e-18, 1.9399532e-19, 4.75821124e-18, -0.291687718, 0.687644268, 
        -0.395956552, -6.03253236e-18, 0, 0, 0, 0, 0, 0.698132, -0.349066, -0.087266, 
        -1.396263, 0, 0, 0, 0.698132, 0.349066, 0.087266, -1.396263, 0, 0, 
        0 ]
      ikLinks: 
        - 
          name: WAIST
          index: 0
          isBaseLink: true
          translation: [ 1.18237484e-07, 0, 0.977499991 ]
          rotation: [ 
            1, -2.40741243e-35, -3.33066907e-16, 
            7.22223729e-35, 1, 2.31111593e-33, 
            3.33066907e-16, -3.01687449e-33, 1 ]
        - 
          name: LARM_JOINT6
          index: 12
          translation: [ -0.0162929043, 0.342278723, 0.919338065 ]
          rotation: [ 
            0.730689996, 0.152245103, -0.665517511, 
            -0.322602529, 0.936116794, -0.140046267, 
            0.601680761, 0.317028039, 0.733125832 ]
        - 
          name: RARM_JOINT6
          index: 19
          translation: [ -0.0162929043, -0.342278723, 0.919338065 ]
          rotation: [ 
            0.730689996, -0.152245103, -0.665517511, 
            0.322602529, 0.936116794, 0.140046267, 
            0.601680761, -0.317028039, 0.733125832 ]
        - 
          name: LLEG_JOINT5
          index: 25
          translation: [ -0.045, 0.1, 0.103500006 ]
          rotation: [ 
            1, -1.93995308e-19, -2.00000033e-09, 
            1.9399531e-19, 1, 1.27432112e-18, 
            2.00000033e-09, -1.27432112e-18, 1 ]
          isTouching: true
          partingDirection: [ 0, 0, 1 ]
        - 
          name: RLEG_JOINT5
          index: 31
          translation: [ -0.045, -0.1, 0.103500006 ]
          rotation: [ 
            1, -1.90226141e-19, -2.00000033e-09, 
            1.90226144e-19, 1, 1.24774221e-18, 
            2.00000033e-09, -1.24774221e-18, 1 ]
          isTouching: true
          partingDirection: [ 0, 0, 1 ]
  - 
    time: 0.2
    refer: 
      type: Pose
      name: ""
      joints: [ 
        0, 1, 2, 3, 4, 5, 6, 7, 8, 9, 
        10, 11, 12, 13, 14, 15, 16, 17, 18, 19, 
        20, 21, 22, 23, 24, 25, 26, 27, 28, 29, 
        30 ]
      q: [ 
        1.90226153e-19, 4.6590047e-18, -0.291687718, 0.687644268, -0.395956552, -5.90674691e-18, 1.9399532e-19, 4.75821124e-18, -0.291687718, 0.687644268, 
        -0.395956552, -6.03253236e-18, 0, 0, 0, 0, 0, 0.698132, -0.349066, -0.087266, 
        -1.396263, 0, 0, 0, 0.698132, 0.349066, 0.087266, -1.396263, 0, 0, 
        0 ]
      ikLinks: 
        - 
          name: WAIST
          index: 0
          isBaseLink: true
          translation: [ 1.18237484e-07, 0, 0.977499991 ]
          rotation: [ 
            1, -2.40741243e-35, -3.33066907e-16, 
            7.22223729e-35, 1, 2.31111593e-33, 
            3.33066907e-16, -3.01687449e-33, 1 ]
        - 
          name: LARM_JOINT6
          index: 12
          translation: [ -0.0162929043, 0.342278723, 0.919338065 ]
          rotation: [ 
            0.730689996, 0.152245103, -0.665517511, 
            -0.322602529, 0.936116794, -0.140046267, 
            0.601680761, 0.317028039, 0.733125832 ]
        - 
          name: RARM_JOINT6
          index: 19
          translation: [ -0.0162929043, -0.342278723, 0.919338065 ]
          rotation: [ 
            0.730689996, -0.152245103, -0.665517511, 
            0.322602529, 0.936116794, 0.140046267, 
            0.601680761, -0.317028039, 0.733125832 ]
        - 
          name: LLEG_JOINT5
          index: 25
          translation: [ -0.045, 0.1, 0.103500006 ]
          rotation: [ 
            1, -1.93995308e-19, -2.00000033e-09, 
            1.9399531e-19, 1, 1.27432112e-18, 
            2.00000033e-09, -1.27432112e-18, 1 ]
          isTouching: true
          partingDirection: [ 0, 0, 1 ]
        - 
          name: RLEG_JOINT5
          index: 31
          translation: [ -0.045, -0.1, 0.103500006 ]
          rotation: [ 
            1, -1.90226141e-19, -2.00000033e-09, 
            1.90226144e-19, 1, 1.24774221e-18, 
            2.00000033e-09, -1.24774221e-18, 1 ]
          isTouching: true
          partingDirection: [ 0, 0, 1 ]
  - 
    time: 0.7
    refer: 
      type: Pose
      name: ""
      joints: [ 
        0, 1, 2, 3, 4, 5, 6, 7, 8, 9, 
        10, 11, 12, 13, 14, 15, 16, 17, 18, 19, 
        20, 21, 22, 23, 24, 25, 26, 27, 28, 29, 
        30 ]
      q: [ 
        1.36869997e-10, 0.0738851207, -0.463332166, 1.0303095, -0.56697734, -0.0738851207, 1.36870018e-10, 0.0738851207, -0.463332166, 1.0303095, 
        -0.56697734, -0.0738851207, 0, 0, 0, 0, 0, 0.698132, -0.349066, -0.087266, 
        -1.396263, 0, 0, 0, 0.698132, 0.349066, 0.087266, -1.396263, 0, 0, 
        0 ]
      ikLinks: 
        - 
          name: WAIST
          index: 0
          isBaseLink: true
          translation: [ -2.35345941e-08, -0.0500003603, 0.919999248 ]
          rotation: [ 
            1, 5.99018012e-18, -5.41994129e-16, 
            7.90924407e-19, 1, -4.16333634e-17, 
            3.88578059e-16, -1.38777878e-17, 1 ]
        - 
          name: LARM_JOINT6
          index: 12
          translation: [ -0.0162930461, 0.292278363, 0.861837322 ]
          rotation: [ 
            0.730689996, 0.152245103, -0.665517511, 
            -0.322602529, 0.936116794, -0.140046267, 
            0.601680761, 0.317028039, 0.733125832 ]
        - 
          name: RARM_JOINT6
          index: 19
          translation: [ -0.0162930461, -0.392279083, 0.861837322 ]
          rotation: [ 
            0.730689996, -0.152245103, -0.665517511, 
            0.322602529, 0.936116794, 0.140046267, 
            0.601680761, -0.317028039, 0.733125832 ]
        - 
          name: LLEG_JOINT5
          index: 25
          translation: [ -0.045, 0.1, 0.103500006 ]
          rotation: [ 
            1, 3.06037478e-10, -5.9836309e-09, 
            -3.06037473e-10, 1, -2.77555756e-17, 
            5.98363087e-09, 1.38777878e-17, 1 ]
          isTouching: true
          partingDirection: [ 0, 0, 1 ]
        - 
          name: RLEG_JOINT5
          index: 31
          translation: [ -0.045, -0.1, 0.103500006 ]
          rotation: [ 
            1, 3.06037503e-10, -5.98363095e-09, 
            -3.06037501e-10, 1, -5.55111512e-17, 
            5.98363087e-09, -2.77555756e-17, 1 ]
          isTouching: true
          partingDirection: [ 0, 0, 1 ]
  - 
    time: 1.1
    refer: 
      type: Pose
      name: ""
      joints: [ 
        0, 1, 2, 3, 4, 5, 6, 7, 8, 9, 
        10, 11, 12, 13, 14, 15, 16, 17, 18, 19, 
        20, 21, 22, 23, 24, 25, 26, 27, 28, 29, 
        30 ]
      q: [ 
        1.67103412e-09, 0.146971691, -0.448901367, 1.00130795, -0.552406582, -0.146971691, 1.69366627e-09, 0.150596197, -0.490614451, 1.08513248, 
        -0.594518038, -0.150596197, 0, 0, 0, 0, 0, 0.698132, -0.349066, -0.087266, 
        -1.396263, 0, 0, 0, 0.698132, 0.349066, 0.087266, -1.396263, 0, 0, 
        0 ]
      ikLinks: 
        - 
          name: WAIST
          index: 0
          isBaseLink: true
          translation: [ -2.33853943e-09, -0.0999999955, 0.919999884 ]
          rotation: [ 
            1, 9.67673739e-17, -3.89967245e-16, 
            -7.6596946e-17, 1, 0, 
            2.77555756e-16, -5.55111508e-17, 1 ]
        - 
          name: LARM_JOINT6
          index: 12
          translation: [ -0.0162930249, 0.242278728, 0.861837958 ]
          rotation: [ 
            0.730689996, 0.152245103, -0.665517511, 
            -0.322602529, 0.936116794, -0.140046267, 
            0.601680761, 0.317028039, 0.733125832 ]
        - 
          name: RARM_JOINT6
          index: 19
          translation: [ -0.0162930249, -0.442278719, 0.861837958 ]
          rotation: [ 
            0.730689996, -0.152245103, -0.665517511, 
            0.322602529, 0.936116794, 0.140046267, 
            0.601680761, -0.317028039, 0.733125832 ]
        - 
          name: LLEG_JOINT5
          index: 25
          translation: [ -0.045, 0.1, 0.12 ]
          rotation: [ 
            1, -3.43417704e-10, -8.89813663e-09, 
            3.43417697e-10, 1, 0, 
            8.89813667e-09, -2.77555756e-17, 1 ]
        - 
          name: RLEG_JOINT5
          index: 31
          translation: [ -0.0449840721, -0.100000275, 0.103504757 ]
          rotation: [ 
            1, -1.81747716e-09, 9.89218604e-10, 
            1.81747717e-09, 1, 0, 
            -9.89218762e-10, -8.32667268e-17, 1 ]
          isTouching: true
          partingDirection: [ 0, 0, 1 ]
  - 
    time: 1.5
    refer: 
      type: Pose
      name: ""
      joints: [ 
        0, 1, 2, 3, 4, 5, 6, 7, 8, 9, 
        10, 11, 12, 13, 14, 15, 16, 17, 18, 19, 
        20, 21, 22, 23, 24, 25, 26, 27, 28, 29, 
        30 ]
      q: [ 
        -8.77307565e-11, 0.0148024973, -0.467914753, 1.03950362, -0.571588872, -0.0148024973, -2.65084536e-10, 0.014946719, -0.484342379, 1.07251919, 
        -0.588176817, -0.014946719, 0, 0, 0, 0, 0, 0.698132, -0.349066, -0.087266, 
        -1.396263, 0, 0, 0, 0.698132, 0.349066, 0.087266, -1.396263, 0, 0, 
        0 ]
      ikLinks: 
        - 
          name: WAIST
          index: 0
          isBaseLink: true
          translation: [ -2.58625783e-17, -0.01, 0.92 ]
          rotation: [ 
            1, -5.96677419e-18, -7.78198458e-16, 
            8.32088782e-18, 1, 3.46944695e-18, 
            6.66133815e-16, -1.0408341e-17, 1 ]
        - 
          name: LARM_JOINT6
          index: 12
          translation: [ -0.0162930225, 0.332278723, 0.861838074 ]
          rotation: [ 
            0.730689996, 0.152245103, -0.665517511, 
            -0.322602529, 0.936116794, -0.140046267, 
            0.601680761, 0.317028039, 0.733125832 ]
        - 
          name: RARM_JOINT6
          index: 19
          translation: [ -0.0162930225, -0.352278723, 0.861838074 ]
          rotation: [ 
            0.730689996, -0.152245103, -0.665517511, 
            0.322602529, 0.936116794, 0.140046267, 
            0.601680761, -0.317028039, 0.733125832 ]
        - 
          name: LLEG_JOINT5
          index: 25
          translation: [ -0.0449999917, 0.100000094, 0.110000364 ]
          rotation: [ 
            1, 4.29426028e-10, -1.09943374e-08, 
            -4.29426025e-10, 1, 1.386391e-14, 
            1.09943373e-08, -1.386391e-14, 1 ]
        - 
          name: RLEG_JOINT5
          index: 31
          translation: [ -0.0449976734, -0.100000226, 0.103502932 ]
          rotation: [ 
            1, 1.32118369e-10, -2.99843919e-09, 
            -1.32118366e-10, 1, 1.27259314e-14, 
            2.99843905e-09, -1.27311356e-14, 1 ]
          isTouching: true
          partingDirection: [ 0, 0, 1 ]
  - 
    time: 1.55
    refer: 
      type: Pose
      name: ""
      joints: [ 
        0, 1, 2, 3, 4, 5, 6, 7, 8, 9, 
        10, 11 ]
      q: [ 
        1.51028311e-10, -2.36475078e-07, -0.468099072, 1.03987708, -0.571778084, 2.3647508e-07, -2.87643352e-11, -1.91648669e-12, -0.468094864, 1.03987205, 
        -0.571777195, 1.91711504e-12 ]
      ikLinks: 
        - 
          name: LLEG_JOINT5
          index: 25
          translation: [ -0.0449999409, 0.1, 0.103500551 ]
          rotation: [ 
            1, 2.87643352e-11, -6.53114074e-09, 
            -2.87643352e-11, 1, -6.28167406e-16, 
            6.53114074e-09, 6.2835527e-16, 1 ]
          isTouching: true
          partingDirection: [ 0, 0, 1 ]
        - 
          name: RLEG_JOINT5
          index: 31
          translation: [ -0.0449987879, -0.10000016, 0.103501448 ]
          rotation: [ 
            1, -1.5104746e-10, -8.09787905e-08, 
            1.5104746e-10, 1, -1.87434661e-15, 
            8.09787905e-08, 1.86211498e-15, 1 ]
          isTouching: true
          partingDirection: [ 0, 0, 1 ]
  - 
    time: 1.6
    refer: 
      type: Pose
      name: ""
      joints: [ 
        0, 1, 2, 3, 4, 5, 6, 7, 8, 9, 
        10, 11, 12, 13, 14, 15, 16, 17, 18, 19, 
        20, 21, 22, 23, 24, 25, 26, 27, 28, 29, 
        30 ]
      q: [ 
        4.94729421e-11, -0.014946719, -0.484342379, 1.07251919, -0.588176806, 0.014946719, 8.49954661e-11, -0.0148028757, -0.467904595, 1.03948998, 
        -0.571585393, 0.0148028757, 0, 0, 0, 0, 0, 0.698132, -0.349066, -0.087266, 
        -1.396263, 0, 0, 0, 0.698132, 0.349066, 0.087266, -1.396263, 0, 0, 
        0 ]
      ikLinks: 
        - 
          name: WAIST
          index: 0
          isBaseLink: true
          translation: [ -2.13402101e-17, 0.01, 0.92 ]
          rotation: [ 
            1, 1.77347444e-18, 6.37300992e-16, 
            -3.15915872e-18, 1, -1.17961196e-16, 
            -7.21644966e-16, 1.16226473e-16, 1 ]
        - 
          name: LARM_JOINT6
          index: 12
          translation: [ -0.0162930225, 0.352278723, 0.861838074 ]
          rotation: [ 
            0.730689996, 0.152245103, -0.665517511, 
            -0.322602529, 0.936116794, -0.140046267, 
            0.601680761, 0.317028039, 0.733125832 ]
        - 
          name: RARM_JOINT6
          index: 19
          translation: [ -0.0162930225, -0.332278723, 0.861838074 ]
          rotation: [ 
            0.730689996, -0.152245103, -0.665517511, 
            0.322602529, 0.936116794, 0.140046267, 
            0.601680761, -0.317028039, 0.733125832 ]
        - 
          name: LLEG_JOINT5
          index: 25
          translation: [ -0.0449999481, 0.0999999336, 0.103500442 ]
          rotation: [ 
            1, -1.29384213e-10, -2.9984375e-09, 
            1.29384213e-10, 1, -1.28282801e-14, 
            2.99843744e-09, 1.28265454e-14, 1 ]
          isTouching: true
          partingDirection: [ 0, 0, 1 ]
        - 
          name: RLEG_JOINT5
          index: 31
          translation: [ -0.0449999917, -0.100000094, 0.110000364 ]
          rotation: [ 
            1, -4.94719406e-11, 6.75162291e-14, 
            4.94719387e-11, 1, -1.39697282e-14, 
            -6.77236045e-14, 1.39662587e-14, 1 ]
  - 
    time: 2.05
    refer: 
      type: Pose
      name: ""
      joints: [ 
        0, 1, 2, 3, 4, 5, 6, 7, 8, 9, 
        10, 11, 12, 13, 14, 15, 16, 17, 18, 19, 
        20, 21, 22, 23, 24, 25, 26, 27, 28, 29, 
        30 ]
      q: [ 
        4.22063289e-07, -0.0738842158, -0.463332332, 1.03030883, -0.566970789, 0.0738842158, 9.24190888e-11, -0.073884243, -0.463333386, 1.03031022, 
        -0.566976836, 0.073884243, 0, 0, 0, 0, 0, 0.698132, -0.349066, -0.087266, 
        -1.396263, 0, 0, 0, 0.698132, 0.349066, 0.087266, -1.396263, 0, 0, 
        0 ]
      ikLinks: 
        - 
          name: WAIST
          index: 0
          isBaseLink: true
          translation: [ -6.06973435e-07, 0.0499997601, 0.919999193 ]
          rotation: [ 
            1, 5.86176118e-17, -6.67105377e-16, 
            -6.15078212e-17, 1, -1.38777878e-17, 
            7.77156117e-16, 2.77555757e-17, 1 ]
        - 
          name: LARM_JOINT6
          index: 12
          translation: [ -0.0162936295, 0.392278483, 0.861837266 ]
          rotation: [ 
            0.730689996, 0.152245103, -0.665517511, 
            -0.322602529, 0.936116794, -0.140046267, 
            0.601680761, 0.317028039, 0.733125832 ]
        - 
          name: RARM_JOINT6
          index: 19
          translation: [ -0.0162936295, -0.292278963, 0.861837266 ]
          rotation: [ 
            0.730689996, -0.152245103, -0.665517511, 
            0.322602529, 0.936116794, 0.140046267, 
            0.601680761, -0.317028039, 0.733125832 ]
        - 
          name: LLEG_JOINT5
          index: 25
          translation: [ -0.045, 0.1, 0.103500006 ]
          rotation: [ 
            1, -2.40053111e-10, -1.99454427e-09, 
            2.40053116e-10, 1, -1.38777878e-17, 
            1.99454431e-09, 2.77555756e-17, 1 ]
          isTouching: true
          partingDirection: [ 0, 0, 1 ]
        - 
          name: RLEG_JOINT5
          index: 31
          translation: [ -0.0450002238, -0.100000019, 0.103499754 ]
          rotation: [ 
            1, -6.41959822e-10, 5.69342472e-06, 
            6.41959812e-10, 1, 1.20330135e-12, 
            -5.69342472e-06, -1.19963761e-12, 1 ]
          isTouching: true
          partingDirection: [ 0, 0, 1 ]
  - 
    time: 2.8
    refer: 
      type: Pose
      name: ""
      joints: [ 
        0, 1, 2, 3, 4, 5, 6, 7, 8, 9, 
        10, 11, 12, 13, 14, 15, 16, 17, 18, 19, 
        20, 21, 22, 23, 24, 25, 26, 27, 28, 29, 
        30 ]
      q: [ 
        3.77956273e-19, 9.41105277e-18, -0.301125512, 0.706393714, -0.405268204, 2.54306558e-18, 4.13379687e-18, -6.99737809e-18, -0.301125512, 0.706393714, 
        -0.405268204, 1.32197458e-17, 0, 0, 0, 0, 0, 0.698132, -0.349066, -0.087266, 
        -1.396263, 0, 0, 0, 0.698132, 0.349066, 0.087266, -1.396263, 0, 0, 
        0 ]
      ikLinks: 
        - 
          name: WAIST
          index: 0
          isBaseLink: true
          translation: [ -9.90173025e-08, 0, 0.974999925 ]
          rotation: [ 
            1, -1.00148357e-32, -5.55111512e-17, 
            1.07852077e-32, 1, -4.62223187e-32, 
            5.55111512e-17, 4.95332784e-32, 1 ]
        - 
          name: LARM_JOINT6
          index: 12
          translation: [ -0.0162931215, 0.342278723, 0.916837999 ]
          rotation: [ 
            0.730689996, 0.152245103, -0.665517511, 
            -0.322602529, 0.936116794, -0.140046267, 
            0.601680761, 0.317028039, 0.733125832 ]
        - 
          name: RARM_JOINT6
          index: 19
          translation: [ -0.0162931215, -0.342278723, 0.916837999 ]
          rotation: [ 
            0.730689996, -0.152245103, -0.665517511, 
            0.322602529, 0.936116794, 0.140046267, 
            0.601680761, -0.317028039, 0.733125832 ]
        - 
          name: LLEG_JOINT5
          index: 25
          translation: [ -0.045, 0.1, 0.103500006 ]
          rotation: [ 
            1, -4.1337969e-18, -2.00000005e-09, 
            4.13379688e-18, 1, -6.22236772e-18, 
            2.00000005e-09, 6.22236771e-18, 1 ]
          isTouching: true
          partingDirection: [ 0, 0, 1 ]
        - 
          name: RLEG_JOINT5
          index: 31
          translation: [ -0.045, -0.1, 0.103500006 ]
          rotation: [ 
            1, -3.77956278e-19, -2e-09, 
            3.77956254e-19, 1, -1.19541184e-17, 
            2e-09, 1.19541184e-17, 1 ]
          isTouching: true
          partingDirection: [ 0, 0, 1 ]
  - 
    time: 3
    refer: 
      type: Pose
      name: ""
      joints: [ 
        0, 1, 2, 3, 4, 5, 6, 7, 8, 9, 
        10, 11, 12, 13, 14, 15, 16, 17, 18, 19, 
        20, 21, 22, 23, 24, 25, 26, 27, 28, 29, 
        30 ]
      q: [ 
        3.77956273e-19, 9.41105277e-18, -0.301125512, 0.706393714, -0.405268204, 2.54306558e-18, 4.13379687e-18, -6.99737809e-18, -0.301125512, 0.706393714, 
        -0.405268204, 1.32197458e-17, 0, 0, 0, 0, 0, 0.698132, -0.349066, -0.087266, 
        -1.396263, 0, 0, 0, 0.698132, 0.349066, 0.087266, -1.396263, 0, 0, 
        0 ]
      ikLinks: 
        - 
          name: WAIST
          index: 0
          isBaseLink: true
          translation: [ -9.90173025e-08, 0, 0.974999925 ]
          rotation: [ 
            1, -1.00148357e-32, -5.55111512e-17, 
            1.07852077e-32, 1, -4.62223187e-32, 
            5.55111512e-17, 4.95332784e-32, 1 ]
        - 
          name: LARM_JOINT6
          index: 12
          translation: [ -0.0162931215, 0.342278723, 0.916837999 ]
          rotation: [ 
            0.730689996, 0.152245103, -0.665517511, 
            -0.322602529, 0.936116794, -0.140046267, 
            0.601680761, 0.317028039, 0.733125832 ]
        - 
          name: RARM_JOINT6
          index: 19
          translation: [ -0.0162931215, -0.342278723, 0.916837999 ]
          rotation: [ 
            0.730689996, -0.152245103, -0.665517511, 
            0.322602529, 0.936116794, 0.140046267, 
            0.601680761, -0.317028039, 0.733125832 ]
        - 
          name: LLEG_JOINT5
          index: 25
          translation: [ -0.045, 0.1, 0.103500006 ]
          rotation: [ 
            1, -4.1337969e-18, -2.00000005e-09, 
            4.13379688e-18, 1, -6.22236772e-18, 
            2.00000005e-09, 6.22236771e-18, 1 ]
          isTouching: true
          partingDirection: [ 0, 0, 1 ]
        - 
          name: RLEG_JOINT5
          index: 31
          translation: [ -0.045, -0.1, 0.103500006 ]
          rotation: [ 
            1, -3.77956278e-19, -2e-09, 
            3.77956254e-19, 1, -1.19541184e-17, 
            2e-09, 1.19541184e-17, 1 ]
          isTouching: true
          partingDirection: [ 0, 0, 1 ]
