# Body pose sequence format version 1.0 defined by cnoid-Robotics

type: PoseSeq
name: "walk"
targetBody: "JAXON_BLUE"
refs: 
  - 
    time: 0
    refer: 
      type: Pose
      name: ""
      joints: [ 
        0, 1, 2, 3, 4, 5, 6, 7, 8, 9, 
        10, 11, 12, 13, 14, 15, 16, 17, 18, 19, 
        20, 21, 22, 23, 24, 25, 26, 27, 28, 29, 
        30 ]
      q: [ 
        0, 0, -0.34906585, 0.698131701, -0.34906585, 0, 0, 0, -0.34906585, 0.698131701, 
        -0.34906585, 0, 0, 0, 0, 0, 0, 0.698131701, -0.34906585, -0.0872664626, 
        -1.3962634, 0, 0, 0, 0.698131701, 0.34906585, 0.0872664626, -1.3962634, 0, 0, 
        0 ]
      ikLinks: 
        - 
          name: WAIST
          index: 0
          isBaseLink: true
          translation: [ 0.00684040287, 0, 0.977460249 ]
          rotation: [ 
            1, -5.92072995e-34, -1.11022302e-16, 
            5.92072995e-34, 1, -1.92592994e-34, 
            1.11022302e-16, 1.92592994e-34, 1 ]
        - 
          name: LARM_JOINT6
          index: 12
          translation: [ -0.00945241157, 0.342278749, 0.919298399 ]
          rotation: [ 
            0.730689592, 0.152244556, -0.66551808, 
            -0.322602371, 0.936116807, -0.140046544, 
            0.601681336, 0.317028263, 0.733125263 ]
        - 
          name: RARM_JOINT6
          index: 19
          translation: [ -0.00945241157, -0.342278749, 0.919298399 ]
          rotation: [ 
            0.730689592, -0.152244556, -0.66551808, 
            0.322602371, 0.936116807, 0.140046544, 
            0.601681336, -0.317028263, 0.733125263 ]
        - 
          name: LLEG_JOINT5
          index: 25
          translation: [ -5.62483128e-25, 0.1, 0.103500005 ]
          rotation: [ 
            1, -5.92072995e-34, -1.11022302e-16, 
            5.92072995e-34, 1, -1.92592994e-34, 
            1.11022302e-16, 1.92592994e-34, 1 ]
          isTouching: true
          partingDirection: [ 0, 0, 1 ]
        - 
          name: RLEG_JOINT5
          index: 31
          translation: [ 2.77555756e-17, -0.1, 0.103500005 ]
          rotation: [ 
            1, -5.92072995e-34, -1.11022302e-16, 
            5.92072995e-34, 1, -1.92592994e-34, 
            1.11022302e-16, 1.92592994e-34, 1 ]
          isTouching: true
          partingDirection: [ 0, 0, 1 ]
  - 
    time: 0.5
    refer: 
      type: Pose
      name: ""
      joints: [ 
        0, 1, 2, 3, 4, 5, 6, 7, 8, 9, 
        10, 11, 12, 13, 14, 15, 16, 17, 18, 19, 
        20, 21, 22, 23, 24, 25, 26, 27, 28, 29, 
        30 ]
      q: [ 
        0, 0, -0.34906585, 0.698131701, -0.34906585, 0, 0, 0, -0.34906585, 0.698131701, 
        -0.34906585, 0, 0, 0, 0, 0, 0, 0.698131701, -0.34906585, -0.0872664626, 
        -1.3962634, 0, 0, 0, 0.698131701, 0.34906585, 0.0872664626, -1.3962634, 0, 0, 
        0 ]
      ikLinks: 
        - 
          name: WAIST
          index: 0
          isBaseLink: true
          translation: [ 0.00684040287, 0, 0.977460249 ]
          rotation: [ 
            1, -5.92072995e-34, -1.11022302e-16, 
            5.92072995e-34, 1, -1.92592994e-34, 
            1.11022302e-16, 1.92592994e-34, 1 ]
        - 
          name: LARM_JOINT6
          index: 12
          translation: [ -0.00945241157, 0.342278749, 0.919298399 ]
          rotation: [ 
            0.730689592, 0.152244556, -0.66551808, 
            -0.322602371, 0.936116807, -0.140046544, 
            0.601681336, 0.317028263, 0.733125263 ]
        - 
          name: RARM_JOINT6
          index: 19
          translation: [ -0.00945241157, -0.342278749, 0.919298399 ]
          rotation: [ 
            0.730689592, -0.152244556, -0.66551808, 
            0.322602371, 0.936116807, 0.140046544, 
            0.601681336, -0.317028263, 0.733125263 ]
        - 
          name: LLEG_JOINT5
          index: 25
          translation: [ -5.62483128e-25, 0.1, 0.103500005 ]
          rotation: [ 
            1, -5.92072995e-34, -1.11022302e-16, 
            5.92072995e-34, 1, -1.92592994e-34, 
            1.11022302e-16, 1.92592994e-34, 1 ]
          isTouching: true
          partingDirection: [ 0, 0, 1 ]
        - 
          name: RLEG_JOINT5
          index: 31
          translation: [ 2.77555756e-17, -0.1, 0.103500005 ]
          rotation: [ 
            1, -5.92072995e-34, -1.11022302e-16, 
            5.92072995e-34, 1, -1.92592994e-34, 
            1.11022302e-16, 1.92592994e-34, 1 ]
          isTouching: true
          partingDirection: [ 0, 0, 1 ]
  - 
    time: 0.75
    refer: 
      type: Pose
      name: ""
      joints: [ 
        0, 1, 2, 3, 4, 5, 6, 7, 8, 9, 
        10, 11 ]
      q: [ 
        5.42042007e-19, -1.23920279e-17, -0.625833239, 0.955350581, -0.329517342, 1.53004179e-17, 0, 0, -0.34906585, 0.698131701, 
        -0.34906585, 0 ]
      ikLinks: 
        - 
          name: LLEG_JOINT5
          index: 25
          translation: [ 8.32667268e-17, 0.1, 0.103500005 ]
          rotation: [ 
            1, -5.92072995e-34, -1.11022302e-16, 
            5.92072995e-34, 1, -1.92592994e-34, 
            1.11022302e-16, 1.92592994e-34, 1 ]
          isTouching: true
          partingDirection: [ 0, 0, 1 ]
        - 
          name: RLEG_JOINT5
          index: 31
          translation: [ 0.0999995149, -0.1, 0.150000177 ]
          rotation: [ 
            1, -5.42042007e-19, -2.00395256e-14, 
            5.42042007e-19, 1, -2.90839006e-18, 
            2.00395256e-14, 2.90839006e-18, 1 ]
  - 
    time: 1
    refer: 
      type: Pose
      name: ""
      joints: [ 
        0, 1, 2, 3, 4, 5, 6, 7, 8, 9, 
        10, 11 ]
      q: [ 
        -5.88252196e-18, 8.90925752e-18, -0.461322679, 0.652358606, -0.191035927, -1.58089801e-17, 2.70953434e-19, 3.86357267e-18, -0.182515299, 0.637474626, 
        -0.454959326, -4.87929715e-18 ]
      ikLinks: 
        - 
          name: WAIST
          index: 0
          isBaseLink: true
          translation: [ 0.1068, 0, 0.9775 ]
          rotation: [ 
            1, -5.77778983e-34, -1.66533454e-16, 
            6.25927232e-34, 1, 7.70371978e-34, 
            1.66533454e-16, 4.51228111e-35, 1 ]
        - 
          name: LLEG_JOINT5
          index: 25
          translation: [ 1.08184323e-06, 0.1, 0.103500137 ]
          rotation: [ 
            1, -2.70953434e-19, 1.0608181e-13, 
            2.70953434e-19, 1, 1.01572447e-18, 
            -1.0608181e-13, -1.01572447e-18, 1 ]
          isTouching: true
          partingDirection: [ 0, 0, 1 ]
        - 
          name: RLEG_JOINT5
          index: 31
          translation: [ 0.200000074, -0.1, 0.103500259 ]
          rotation: [ 
            1, 5.88252196e-18, -1.58234537e-13, 
            -5.88252196e-18, 1, 6.89972258e-18, 
            1.58234537e-13, -6.89972258e-18, 1 ]
          isTouching: true
          partingDirection: [ 0, 0, 1 ]
  - 
    time: 1.5
    refer: 
      type: Pose
      name: ""
      joints: [ 
        0, 1, 2, 3, 4, 5, 6, 7, 8, 9, 
        10, 11 ]
      q: [ 
        -5.88252196e-18, 8.90925752e-18, -0.461322679, 0.652358606, -0.191035927, -1.58089801e-17, 2.70953434e-19, 3.86357267e-18, -0.182515299, 0.637474626, 
        -0.454959326, -4.87929715e-18 ]
      ikLinks: 
        - 
          name: LLEG_JOINT5
          index: 25
          translation: [ 1.08184323e-06, 0.1, 0.103500137 ]
          rotation: [ 
            1, -2.70953434e-19, 1.0608181e-13, 
            2.70953434e-19, 1, 1.01572447e-18, 
            -1.0608181e-13, -1.01572447e-18, 1 ]
          isTouching: true
          partingDirection: [ 0, 0, 1 ]
        - 
          name: RLEG_JOINT5
          index: 31
          translation: [ 0.200000074, -0.1, 0.103500259 ]
          rotation: [ 
            1, 5.88252196e-18, -1.58234537e-13, 
            -5.88252196e-18, 1, 6.89972258e-18, 
            1.58234537e-13, -6.89972258e-18, 1 ]
          isTouching: true
          partingDirection: [ 0, 0, 1 ]
  - 
    time: 1.75
    refer: 
      type: Pose
      name: ""
      joints: [ 
        0, 1, 2, 3, 4, 5, 6, 7, 8, 9, 
        10, 11 ]
      q: [ 
        -5.26342403e-18, -5.27159753e-18, -0.348971016, 0.697838827, -0.348867811, 1.95773727e-18, 1.27692849e-18, -5.49471327e-18, -0.498679501, 0.989504012, 
        -0.490824512, 1.06352004e-17 ]
      ikLinks: 
        - 
          name: LLEG_JOINT5
          index: 25
          translation: [ 0.199999895, 0.1, 0.150000538 ]
          rotation: [ 
            1, -1.27692849e-18, 1.42330592e-13, 
            1.27692849e-18, 1, -5.14048714e-18, 
            -1.42330592e-13, 5.14048714e-18, 1 ]
        - 
          name: RLEG_JOINT5
          index: 31
          translation: [ 0.200000174, -0.1, 0.103500346 ]
          rotation: [ 
            1, 5.26342403e-18, -3.33066907e-16, 
            -5.26342403e-18, 1, 3.31386026e-18, 
            3.33066907e-16, -3.31386026e-18, 1 ]
          isTouching: true
          partingDirection: [ 0, 0, 1 ]
  - 
    time: 1.99166667
    refer: 
      type: Pose
      name: ""
      joints: [ 
        0, 1, 2, 3, 4, 5, 6, 7, 8, 9, 
        10, 11 ]
      q: [ 
        -6.5454102e-18, -6.79114558e-18, -0.182514895, 0.637476057, -0.454961162, 8.17992995e-18, 1.94617096e-17, -6.63273716e-18, -0.461322772, 0.652359031, 
        -0.191036258, 4.37634104e-17 ]
      ikLinks: 
        - 
          name: WAIST
          index: 0
          isBaseLink: true
          translation: [ 0.3068, 0, 0.9775 ]
          rotation: [ 
            1, 0, -4.99600361e-16, 
            6.16297582e-33, 1, 8.47409176e-33, 
            4.99600361e-16, -4.91399044e-33, 1 ]
        - 
          name: LLEG_JOINT5
          index: 25
          translation: [ 0.399999975, 0.1, 0.1035003 ]
          rotation: [ 
            1, -1.94617096e-17, -1.57235336e-13, 
            1.94617096e-17, 1, -3.71306733e-17, 
            1.57235336e-13, 3.71306733e-17, 1 ]
          isTouching: true
          partingDirection: [ 0, 0, 1 ]
        - 
          name: RLEG_JOINT5
          index: 31
          translation: [ 0.200000271, -0.1, 0.103500432 ]
          rotation: [ 
            1, 6.5454102e-18, 1.05471187e-13, 
            -6.5454102e-18, 1, -1.38878437e-18, 
            -1.05471187e-13, 1.38878437e-18, 1 ]
          isTouching: true
          partingDirection: [ 0, 0, 1 ]
  - 
    time: 2.5
    refer: 
      type: Pose
      name: ""
      joints: [ 
        0, 1, 2, 3, 4, 5, 6, 7, 8, 9, 
        10, 11 ]
      q: [ 
        -6.5454102e-18, -6.79114558e-18, -0.182514895, 0.637476057, -0.454961162, 8.17992995e-18, 1.94617096e-17, -6.63273716e-18, -0.461322772, 0.652359031, 
        -0.191036258, 4.37634104e-17 ]
      ikLinks: 
        - 
          name: LLEG_JOINT5
          index: 25
          translation: [ 0.399999975, 0.1, 0.1035003 ]
          rotation: [ 
            1, -1.94617096e-17, -1.57235336e-13, 
            1.94617096e-17, 1, -3.71306733e-17, 
            1.57235336e-13, 3.71306733e-17, 1 ]
          isTouching: true
          partingDirection: [ 0, 0, 1 ]
        - 
          name: RLEG_JOINT5
          index: 31
          translation: [ 0.200000271, -0.1, 0.103500432 ]
          rotation: [ 
            1, 6.5454102e-18, 1.05471187e-13, 
            -6.5454102e-18, 1, -1.38878437e-18, 
            -1.05471187e-13, 1.38878437e-18, 1 ]
          isTouching: true
          partingDirection: [ 0, 0, 1 ]
  - 
    time: 2.75
    refer: 
      type: Pose
      name: ""
      joints: [ 
        0, 1, 2, 3, 4, 5, 6, 7, 8, 9, 
        10, 11 ]
      q: [ 
        -8.51113725e-18, -1.53084581e-17, -0.498679042, 0.989502802, -0.49082376, 1.92134767e-17, 1.86317488e-17, 1.14645961e-17, -0.348971695, 0.697840409, 
        -0.348868714, 2.15499934e-17 ]
      ikLinks: 
        - 
          name: LLEG_JOINT5
          index: 25
          translation: [ 0.400000077, 0.1, 0.103500558 ]
          rotation: [ 
            1, -1.86317488e-17, 5.55111512e-16, 
            1.86317488e-17, 1, -3.30145895e-17, 
            -5.55111512e-16, 3.30145895e-17, 1 ]
          isTouching: true
          partingDirection: [ 0, 0, 1 ]
        - 
          name: RLEG_JOINT5
          index: 31
          translation: [ 0.400000007, -0.1, 0.150000313 ]
          rotation: [ 
            1, 8.51113725e-18, 1.42108547e-13, 
            -8.51113725e-18, 1, -3.90501861e-18, 
            -1.42108547e-13, 3.90501861e-18, 1 ]
  - 
    time: 3
    refer: 
      type: Pose
      name: ""
      joints: [ 
        0, 1, 2, 3, 4, 5, 6, 7, 8, 9, 
        10, 11 ]
      q: [ 
        -1.37921494e-17, 1.17561255e-17, -0.461323089, 0.652359473, -0.191036384, -1.84570174e-17, 1.99045027e-17, 3.84652353e-18, -0.182515547, 0.637477657, 
        -0.45496211, 2.73386575e-17 ]
      ikLinks: 
        - 
          name: WAIST
          index: 0
          translation: [ 0.5068, 0, 0.9775 ]
          rotation: [ 
            1, -6.16297582e-33, -4.99600361e-16, 
            6.16297582e-33, 1, 8.47409176e-33, 
            4.99600361e-16, -8.47409176e-33, 1 ]
        - 
          name: LLEG_JOINT5
          index: 25
          translation: [ 0.400000174, 0.1, 0.103500644 ]
          rotation: [ 
            1, -1.99045027e-17, 1.06914477e-13, 
            1.99045027e-17, 1, -3.1185181e-17, 
            -1.06914477e-13, 3.1185181e-17, 1 ]
          isTouching: true
          partingDirection: [ 0, 0, 1 ]
        - 
          name: RLEG_JOINT5
          index: 31
          translation: [ 0.600000034, -0.1, 0.103500363 ]
          rotation: [ 
            1, 1.37921494e-17, -1.56902269e-13, 
            -1.37921494e-17, 1, 6.70089184e-18, 
            1.56902269e-13, -6.70089184e-18, 1 ]
          isTouching: true
          partingDirection: [ 0, 0, 1 ]
  - 
    time: 3.5
    refer: 
      type: Pose
      name: ""
      joints: [ 
        0, 1, 2, 3, 4, 5, 6, 7, 8, 9, 
        10, 11 ]
      q: [ 
        -1.37921494e-17, 1.17561255e-17, -0.461323089, 0.652359473, -0.191036384, -1.84570174e-17, 1.99045027e-17, 3.84652353e-18, -0.182515547, 0.637477657, 
        -0.45496211, 2.73386575e-17 ]
      ikLinks: 
        - 
          name: LLEG_JOINT5
          index: 25
          translation: [ 0.400000174, 0.1, 0.103500644 ]
          rotation: [ 
            1, -1.99045027e-17, 1.06914477e-13, 
            1.99045027e-17, 1, -3.1185181e-17, 
            -1.06914477e-13, 3.1185181e-17, 1 ]
          isTouching: true
          partingDirection: [ 0, 0, 1 ]
        - 
          name: RLEG_JOINT5
          index: 31
          translation: [ 0.600000034, -0.1, 0.103500363 ]
          rotation: [ 
            1, 1.37921494e-17, -1.56902269e-13, 
            -1.37921494e-17, 1, 6.70089184e-18, 
            1.56902269e-13, -6.70089184e-18, 1 ]
          isTouching: true
          partingDirection: [ 0, 0, 1 ]
  - 
    time: 3.75
    refer: 
      type: Pose
      name: ""
      joints: [ 
        0, 1, 2, 3, 4, 5, 6, 7, 8, 9, 
        10, 11 ]
      q: [ 
        -1.5367882e-17, -7.91788085e-18, -0.348971361, 0.697839605, -0.348868245, -3.24838562e-18, 1.78658205e-17, 3.98235115e-18, -0.498678603, 0.989501957, 
        -0.490823355, 4.10225444e-17 ]
      ikLinks: 
        - 
          name: LLEG_JOINT5
          index: 25
          translation: [ 0.600000004, 0.1, 0.150000156 ]
          rotation: [ 
            1, -1.78658205e-17, 1.42885703e-13, 
            1.78658205e-17, 1, -4.50048955e-17, 
            -1.42885703e-13, 4.50048955e-17, 1 ]
        - 
          name: RLEG_JOINT5
          index: 31
          translation: [ 0.600000134, -0.1, 0.10350045 ]
          rotation: [ 
            1, 1.5367882e-17, 9.99200722e-16, 
            -1.5367882e-17, 1, 1.11662665e-17, 
            -9.99200722e-16, -1.11662665e-17, 1 ]
          isTouching: true
          partingDirection: [ 0, 0, 1 ]
  - 
    time: 4
    refer: 
      type: Pose
      name: ""
      joints: [ 
        0, 1, 2, 3, 4, 5, 6, 7, 8, 9, 
        10, 11 ]
      q: [ 
        -1.7913482e-17, -9.69417675e-18, -0.18251971, 0.637485505, -0.454965795, 3.12941259e-18, 1.49912858e-17, -4.90226688e-18, -0.461323128, 0.652359985, 
        -0.191036857, 4.41965131e-17 ]
      ikLinks: 
        - 
          name: WAIST
          index: 0
          translation: [ 0.7068, 0, 0.9775 ]
          rotation: [ 
            1, -6.16297582e-33, -4.99600361e-16, 
            6.16297582e-33, 1, 8.47409176e-33, 
            4.99600361e-16, -8.47409176e-33, 1 ]
        - 
          name: LLEG_JOINT5
          index: 25
          translation: [ 0.799999861, 0.1, 0.103500406 ]
          rotation: [ 
            1, -1.49912858e-17, -1.56541446e-13, 
            1.49912858e-17, 1, -3.92942462e-17, 
            1.56541446e-13, 3.92942462e-17, 1 ]
          isTouching: true
          partingDirection: [ 0, 0, 1 ]
        - 
          name: RLEG_JOINT5
          index: 31
          translation: [ 0.600000406, -0.1, 0.103501579 ]
          rotation: [ 
            1, 1.7913482e-17, 1.06525899e-13, 
            -1.7913482e-17, 1, 6.56476416e-18, 
            -1.06525899e-13, -6.56476416e-18, 1 ]
          isTouching: true
          partingDirection: [ 0, 0, 1 ]
  - 
    time: 4.5
    refer: 
      type: Pose
      name: ""
      joints: [ 
        0, 1, 2, 3, 4, 5, 6, 7, 8, 9, 
        10, 11 ]
      q: [ 
        -1.7913482e-17, -9.69417675e-18, -0.18251971, 0.637485505, -0.454965795, 3.12941259e-18, 1.49912858e-17, -4.90226688e-18, -0.461323128, 0.652359985, 
        -0.191036857, 4.41965131e-17 ]
      ikLinks: 
        - 
          name: LLEG_JOINT5
          index: 25
          translation: [ 0.799999861, 0.1, 0.103500406 ]
          rotation: [ 
            1, -1.49912858e-17, -1.56541446e-13, 
            1.49912858e-17, 1, -3.92942462e-17, 
            1.56541446e-13, 3.92942462e-17, 1 ]
          isTouching: true
          partingDirection: [ 0, 0, 1 ]
        - 
          name: RLEG_JOINT5
          index: 31
          translation: [ 0.600000406, -0.1, 0.103501579 ]
          rotation: [ 
            1, 1.7913482e-17, 1.06525899e-13, 
            -1.7913482e-17, 1, 6.56476416e-18, 
            -1.06525899e-13, -6.56476416e-18, 1 ]
          isTouching: true
          partingDirection: [ 0, 0, 1 ]
  - 
    time: 4.75
    refer: 
      type: Pose
      name: ""
      joints: [ 
        0, 1, 2, 3, 4, 5, 6, 7, 8, 9, 
        10, 11 ]
      q: [ 
        -2.04569033e-17, -1.03502504e-17, -0.330804001, 0.944096917, -0.613292917, 1.15425942e-17, 1.86596126e-17, -2.45280963e-18, -0.348971283, 0.697839912, 
        -0.34886863, 5.54991679e-17 ]
      ikLinks: 
        - 
          name: LLEG_JOINT5
          index: 25
          translation: [ 0.799999961, 0.1, 0.103500493 ]
          rotation: [ 
            1, -1.86596126e-17, 1.33226763e-15, 
            1.86596126e-17, 1, -5.30463583e-17, 
            -1.33226763e-15, 5.30463583e-17, 1 ]
          isTouching: true
          partingDirection: [ 0, 0, 1 ]
        - 
          name: RLEG_JOINT5
          index: 31
          translation: [ 0.699999993, -0.1, 0.150000158 ]
          rotation: [ 
            1, 2.04569033e-17, 2.64344102e-13, 
            -2.04569033e-17, 1, -1.19234381e-18, 
            -2.64344102e-13, 1.19234381e-18, 1 ]
  - 
    time: 5
    refer: 
      type: Pose
      name: ""
      joints: [ 
        0, 1, 2, 3, 4, 5, 6, 7, 8, 9, 
        10, 11, 12, 13, 14, 15, 16, 17, 18, 19, 
        20, 21, 22, 23, 24, 25, 26, 27, 28, 29, 
        30 ]
      q: [ 
        -1.99902018e-17, -9.23647542e-19, -0.348969947, 0.697837208, -0.348867261, 6.39367651e-19, 1.86596126e-17, -2.45280963e-18, -0.348971283, 0.697839912, 
        -0.34886863, 5.54991679e-17, 0, 0, 0, 0, 0, 0.698131701, -0.34906585, -0.0872664626, 
        -1.3962634, 0, 0, 0, 0.698131701, 0.34906585, 0.0872664626, -1.3962634, 0, 0, 
        0 ]
      ikLinks: 
        - 
          name: WAIST
          index: 0
          translation: [ 0.8068, 0, 0.9775 ]
          rotation: [ 
            1, -6.16297582e-33, -4.99600361e-16, 
            6.16297582e-33, 1, 8.47409176e-33, 
            4.99600361e-16, -8.47409176e-33, 1 ]
        - 
          name: LARM_JOINT6
          index: 12
          translation: [ 0.790507186, 0.342278749, 0.919338149 ]
          rotation: [ 
            0.730689592, 0.152244556, -0.66551808, 
            -0.322602371, 0.936116807, -0.140046544, 
            0.601681336, 0.317028263, 0.733125263 ]
        - 
          name: RARM_JOINT6
          index: 19
          translation: [ 0.790507186, -0.342278749, 0.919338149 ]
          rotation: [ 
            0.730689592, -0.152244556, -0.66551808, 
            0.322602371, 0.936116807, 0.140046544, 
            0.601681336, -0.317028263, 0.733125263 ]
        - 
          name: LLEG_JOINT5
          index: 25
          translation: [ 0.799999961, 0.1, 0.103500493 ]
          rotation: [ 
            1, -1.86596126e-17, 1.33226763e-15, 
            1.86596126e-17, 1, -5.30463583e-17, 
            -1.33226763e-15, 5.30463583e-17, 1 ]
          isTouching: true
          partingDirection: [ 0, 0, 1 ]
        - 
          name: RLEG_JOINT5
          index: 31
          translation: [ 0.799999999, -0.1, 0.103500132 ]
          rotation: [ 
            1, 1.99902018e-17, -2.77555756e-16, 
            -1.99902018e-17, 1, 2.84279891e-19, 
            2.77555756e-16, -2.84279891e-19, 1 ]
          isTouching: true
          partingDirection: [ 0, 0, 1 ]
  - 
    time: 5.5
    refer: 
      type: Pose
      name: ""
      joints: [ 
        0, 1, 2, 3, 4, 5, 6, 7, 8, 9, 
        10, 11, 12, 13, 14, 15, 16, 17, 18, 19, 
        20, 21, 22, 23, 24, 25, 26, 27, 28, 29, 
        30 ]
      q: [ 
        -1.99902018e-17, -9.23647542e-19, -0.348969947, 0.697837208, -0.348867261, 6.39367651e-19, 1.86596126e-17, -2.45280963e-18, -0.348971283, 0.697839912, 
        -0.34886863, 5.54991679e-17, 0, 0, 0, 0, 0, 0.698131701, -0.34906585, -0.0872664626, 
        -1.3962634, 0, 0, 0, 0.698131701, 0.34906585, 0.0872664626, -1.3962634, 0, 0, 
        0 ]
      ikLinks: 
        - 
          name: WAIST
          index: 0
          translation: [ 0.8068, 0, 0.9775 ]
          rotation: [ 
            1, -6.16297582e-33, -4.99600361e-16, 
            6.16297582e-33, 1, 8.47409176e-33, 
            4.99600361e-16, -8.47409176e-33, 1 ]
        - 
          name: LARM_JOINT6
          index: 12
          translation: [ 0.790507186, 0.342278749, 0.919338149 ]
          rotation: [ 
            0.730689592, 0.152244556, -0.66551808, 
            -0.322602371, 0.936116807, -0.140046544, 
            0.601681336, 0.317028263, 0.733125263 ]
        - 
          name: RARM_JOINT6
          index: 19
          translation: [ 0.790507186, -0.342278749, 0.919338149 ]
          rotation: [ 
            0.730689592, -0.152244556, -0.66551808, 
            0.322602371, 0.936116807, 0.140046544, 
            0.601681336, -0.317028263, 0.733125263 ]
        - 
          name: LLEG_JOINT5
          index: 25
          translation: [ 0.799999961, 0.1, 0.103500493 ]
          rotation: [ 
            1, -1.86596126e-17, 1.33226763e-15, 
            1.86596126e-17, 1, -5.30463583e-17, 
            -1.33226763e-15, 5.30463583e-17, 1 ]
          isTouching: true
          partingDirection: [ 0, 0, 1 ]
        - 
          name: RLEG_JOINT5
          index: 31
          translation: [ 0.799999999, -0.1, 0.103500132 ]
          rotation: [ 
            1, 1.99902018e-17, -2.77555756e-16, 
            -1.99902018e-17, 1, 2.84279891e-19, 
            2.77555756e-16, -2.84279891e-19, 1 ]
          isTouching: true
          partingDirection: [ 0, 0, 1 ]
