# Body pose sequence format version 1.0 defined by cnoid-Robotics

type: PoseSeq
name: "walk-2step-400step-len"
targetBody: "JAXON_BLUE"
refs: 
  - 
    time: 0
    refer: 
      type: Pose
      name: ""
      joints: [ 
        0, 1, 2, 3, 4, 5, 6, 7, 8, 9, 
        10, 11, 12, 13, 14, 15, 16, 17, 18, 19, 
        20, 21, 22, 23, 24, 25, 26, 27, 28, 29, 
        30 ]
      q: [ 
        1.90226153e-19, 4.6590047e-18, -0.291687718, 0.687644268, -0.395956552, -5.90674691e-18, 1.9399532e-19, 4.75821124e-18, -0.291687718, 0.687644268, 
        -0.395956552, -6.03253236e-18, 0, 0, 0, 0, 0, 0.698132, -0.349066, -0.087266, 
        -1.396263, 0, 0, 0, 0.698132, 0.349066, 0.087266, -1.396263, 0, 0, 
        0 ]
      ikLinks: 
        - 
          name: WAIST
          index: 0
          isBaseLink: true
          translation: [ 1.18237484e-07, 0, 0.977499991 ]
          rotation: [ 
            1, -2.40741243e-35, -3.33066907e-16, 
            7.22223729e-35, 1, 2.31111593e-33, 
            3.33066907e-16, -3.01687449e-33, 1 ]
        - 
          name: LARM_JOINT6
          index: 12
          translation: [ -0.0162929043, 0.342278723, 0.919338065 ]
          rotation: [ 
            0.730689996, 0.152245103, -0.665517511, 
            -0.322602529, 0.936116794, -0.140046267, 
            0.601680761, 0.317028039, 0.733125832 ]
        - 
          name: RARM_JOINT6
          index: 19
          translation: [ -0.0162929043, -0.342278723, 0.919338065 ]
          rotation: [ 
            0.730689996, -0.152245103, -0.665517511, 
            0.322602529, 0.936116794, 0.140046267, 
            0.601680761, -0.317028039, 0.733125832 ]
        - 
          name: LLEG_JOINT5
          index: 25
          translation: [ -0.045, 0.1, 0.103500006 ]
          rotation: [ 
            1, -1.93995308e-19, -2.00000033e-09, 
            1.9399531e-19, 1, 1.27432112e-18, 
            2.00000033e-09, -1.27432112e-18, 1 ]
          isTouching: true
          partingDirection: [ 0, 0, 1 ]
        - 
          name: RLEG_JOINT5
          index: 31
          translation: [ -0.045, -0.1, 0.103500006 ]
          rotation: [ 
            1, -1.90226141e-19, -2.00000033e-09, 
            1.90226144e-19, 1, 1.24774221e-18, 
            2.00000033e-09, -1.24774221e-18, 1 ]
          isTouching: true
          partingDirection: [ 0, 0, 1 ]
  - 
    time: 0.2
    refer: 
      type: Pose
      name: ""
      joints: [ 
        0, 1, 2, 3, 4, 5, 6, 7, 8, 9, 
        10, 11, 12, 13, 14, 15, 16, 17, 18, 19, 
        20, 21, 22, 23, 24, 25, 26, 27, 28, 29, 
        30 ]
      q: [ 
        1.90226153e-19, 4.6590047e-18, -0.291687718, 0.687644268, -0.395956552, -5.90674691e-18, 1.9399532e-19, 4.75821124e-18, -0.291687718, 0.687644268, 
        -0.395956552, -6.03253236e-18, 0, 0, 0, 0, 0, 0.698132, -0.349066, -0.087266, 
        -1.396263, 0, 0, 0, 0.698132, 0.349066, 0.087266, -1.396263, 0, 0, 
        0 ]
      ikLinks: 
        - 
          name: WAIST
          index: 0
          isBaseLink: true
          translation: [ 1.18237484e-07, 0, 0.977499991 ]
          rotation: [ 
            1, -2.40741243e-35, -3.33066907e-16, 
            7.22223729e-35, 1, 2.31111593e-33, 
            3.33066907e-16, -3.01687449e-33, 1 ]
        - 
          name: LARM_JOINT6
          index: 12
          translation: [ -0.0162929043, 0.342278723, 0.919338065 ]
          rotation: [ 
            0.730689996, 0.152245103, -0.665517511, 
            -0.322602529, 0.936116794, -0.140046267, 
            0.601680761, 0.317028039, 0.733125832 ]
        - 
          name: RARM_JOINT6
          index: 19
          translation: [ -0.0162929043, -0.342278723, 0.919338065 ]
          rotation: [ 
            0.730689996, -0.152245103, -0.665517511, 
            0.322602529, 0.936116794, 0.140046267, 
            0.601680761, -0.317028039, 0.733125832 ]
        - 
          name: LLEG_JOINT5
          index: 25
          translation: [ -0.045, 0.1, 0.103500006 ]
          rotation: [ 
            1, -1.93995308e-19, -2.00000033e-09, 
            1.9399531e-19, 1, 1.27432112e-18, 
            2.00000033e-09, -1.27432112e-18, 1 ]
          isTouching: true
          partingDirection: [ 0, 0, 1 ]
        - 
          name: RLEG_JOINT5
          index: 31
          translation: [ -0.045, -0.1, 0.103500006 ]
          rotation: [ 
            1, -1.90226141e-19, -2.00000033e-09, 
            1.90226144e-19, 1, 1.24774221e-18, 
            2.00000033e-09, -1.24774221e-18, 1 ]
          isTouching: true
          partingDirection: [ 0, 0, 1 ]
  - 
    time: 0.7
    refer: 
      type: Pose
      name: ""
      joints: [ 
        0, 1, 2, 3, 4, 5, 6, 7, 8, 9, 
        10, 11, 12, 13, 14, 15, 16, 17, 18, 19, 
        20, 21, 22, 23, 24, 25, 26, 27, 28, 29, 
        30 ]
      q: [ 
        1.36869997e-10, 0.0738851207, -0.463332166, 1.0303095, -0.56697734, -0.0738851207, 1.36870018e-10, 0.0738851207, -0.463332166, 1.0303095, 
        -0.56697734, -0.0738851207, 0, 0, 0, 0, 0, 0.698132, -0.349066, -0.087266, 
        -1.396263, 0, 0, 0, 0.698132, 0.349066, 0.087266, -1.396263, 0, 0, 
        0 ]
      ikLinks: 
        - 
          name: WAIST
          index: 0
          isBaseLink: true
          translation: [ -2.35345941e-08, -0.0500003603, 0.919999248 ]
          rotation: [ 
            1, 5.99018012e-18, -5.41994129e-16, 
            7.90924407e-19, 1, -4.16333634e-17, 
            3.88578059e-16, -1.38777878e-17, 1 ]
        - 
          name: LARM_JOINT6
          index: 12
          translation: [ -0.0162930461, 0.292278363, 0.861837322 ]
          rotation: [ 
            0.730689996, 0.152245103, -0.665517511, 
            -0.322602529, 0.936116794, -0.140046267, 
            0.601680761, 0.317028039, 0.733125832 ]
        - 
          name: RARM_JOINT6
          index: 19
          translation: [ -0.0162930461, -0.392279083, 0.861837322 ]
          rotation: [ 
            0.730689996, -0.152245103, -0.665517511, 
            0.322602529, 0.936116794, 0.140046267, 
            0.601680761, -0.317028039, 0.733125832 ]
        - 
          name: LLEG_JOINT5
          index: 25
          translation: [ -0.045, 0.1, 0.103500006 ]
          rotation: [ 
            1, 3.06037478e-10, -5.9836309e-09, 
            -3.06037473e-10, 1, -2.77555756e-17, 
            5.98363087e-09, 1.38777878e-17, 1 ]
          isTouching: true
          partingDirection: [ 0, 0, 1 ]
        - 
          name: RLEG_JOINT5
          index: 31
          translation: [ -0.045, -0.1, 0.103500006 ]
          rotation: [ 
            1, 3.06037503e-10, -5.98363095e-09, 
            -3.06037501e-10, 1, -5.55111512e-17, 
            5.98363087e-09, -2.77555756e-17, 1 ]
          isTouching: true
          partingDirection: [ 0, 0, 1 ]
  - 
    time: 1.1
    refer: 
      type: Pose
      name: ""
      joints: [ 
        0, 1, 2, 3, 4, 5, 6, 7, 8, 9, 
        10, 11, 12, 13, 14, 15, 16, 17, 18, 19, 
        20, 21, 22, 23, 24, 25, 26, 27, 28, 29, 
        30 ]
      q: [ 
        1.67103412e-09, 0.146971691, -0.448901367, 1.00130795, -0.552406582, -0.146971691, 1.69362748e-09, 0.150596196, -0.743188691, 1.00135473, 
        -0.258166049, -0.150596196, 0, 0, 0, 0, 0, 0.698132, -0.349066, -0.087266, 
        -1.396263, 0, 0, 0, 0.698132, 0.349066, 0.087266, -1.396263, 0, 0, 
        0 ]
      ikLinks: 
        - 
          name: WAIST
          index: 0
          isBaseLink: true
          translation: [ -2.33853941e-09, -0.0999999955, 0.919999884 ]
          rotation: [ 
            1, 7.82656547e-17, -2.88552545e-16, 
            -8.75277366e-17, 1, 5.55111512e-17, 
            1.66533454e-16, -2.77555753e-17, 1 ]
        - 
          name: LARM_JOINT6
          index: 12
          translation: [ -0.0162930249, 0.242278728, 0.861837958 ]
          rotation: [ 
            0.730689996, 0.152245103, -0.665517511, 
            -0.322602529, 0.936116794, -0.140046267, 
            0.601680761, 0.317028039, 0.733125832 ]
        - 
          name: RARM_JOINT6
          index: 19
          translation: [ -0.0162930249, -0.442278719, 0.861837958 ]
          rotation: [ 
            0.730689996, -0.152245103, -0.665517511, 
            0.322602529, 0.936116794, 0.140046267, 
            0.601680761, -0.317028039, 0.733125832 ]
        - 
          name: LLEG_JOINT5
          index: 25
          translation: [ 0.154999784, 0.0999999348, 0.12000043 ]
          rotation: [ 
            1, -3.43329333e-10, -8.89846341e-09, 
            3.43329323e-10, 1, 0, 
            8.89846333e-09, -2.77555756e-17, 1 ]
        - 
          name: RLEG_JOINT5
          index: 31
          translation: [ -0.0449840721, -0.100000275, 0.103504757 ]
          rotation: [ 
            1, -1.81747719e-09, 9.89218823e-10, 
            1.81747717e-09, 1, 2.77555756e-17, 
            -9.89218873e-10, -5.55111512e-17, 1 ]
          isTouching: true
          partingDirection: [ 0, 0, 1 ]
  - 
    time: 1.5
    refer: 
      type: Pose
      name: ""
      joints: [ 
        0, 1, 2, 3, 4, 5, 6, 7, 8, 9, 
        10, 11, 12, 13, 14, 15, 16, 17, 18, 19, 
        20, 21, 22, 23, 24, 25, 26, 27, 28, 29, 
        30 ]
      q: [ 
        -8.77223561e-11, 0.0148024973, 0.0989299992, 0.633474143, -0.732404145, -0.0148024973, -2.65089089e-10, 0.01494657, -0.678887141, 1.04611773, 
        -0.367230595, -0.01494657, 0, 0, 0, 0, 0, 0.698132, -0.349066, -0.087266, 
        -1.396263, 0, 0, 0, 0.698132, 0.349066, 0.087266, -1.396263, 0, 0, 
        0 ]
      ikLinks: 
        - 
          name: WAIST
          index: 0
          isBaseLink: true
          translation: [ 0.26, -0.01, 0.92 ]
          rotation: [ 
            1, -1.66297308e-17, -1.36047446e-15, 
            1.37043302e-17, 1, 6.9388939e-18, 
            1.55431223e-15, -1.56125117e-17, 1 ]
        - 
          name: LARM_JOINT6
          index: 12
          translation: [ 0.243706977, 0.332278723, 0.861838074 ]
          rotation: [ 
            0.730689996, 0.152245103, -0.665517511, 
            -0.322602529, 0.936116794, -0.140046267, 
            0.601680761, 0.317028039, 0.733125832 ]
        - 
          name: RARM_JOINT6
          index: 19
          translation: [ 0.243706977, -0.352278723, 0.861838074 ]
          rotation: [ 
            0.730689996, -0.152245103, -0.665517511, 
            0.322602529, 0.936116794, 0.140046267, 
            0.601680761, -0.317028039, 0.733125832 ]
        - 
          name: LLEG_JOINT5
          index: 25
          translation: [ 0.354999558, 0.0999999808, 0.110001283 ]
          rotation: [ 
            1, 4.29432222e-10, -1.0994558e-08, 
            -4.29432224e-10, 1, 1.38621753e-14, 
            1.09945582e-08, -1.38656447e-14, 1 ]
        - 
          name: RLEG_JOINT5
          index: 31
          translation: [ -0.0449957922, -0.100000249, 0.103504453 ]
          rotation: [ 
            1, 1.32107572e-10, -2.99827857e-09, 
            -1.32107572e-10, 1, 1.27189925e-14, 
            2.99827868e-09, -1.27241967e-14, 1 ]
          isTouching: true
          partingDirection: [ 0, 0, 1 ]
  - 
    time: 1.55
    refer: 
      type: Pose
      name: ""
      joints: [ 
        0, 1, 2, 3, 4, 5, 6, 7, 8, 9, 
        10, 11 ]
      q: [ 
        4.91490051e-11, -0.00125833427, -0.284574578, 0.965555764, -0.680981267, 0.00125833427, -3.69888182e-11, -0.00125935444, -0.7595409, 0.776548803, 
        -0.0170079102, 0.00125935444 ]
      ikLinks: 
        - 
          name: LLEG_JOINT5
          index: 25
          translation: [ 0.354999723, 0.100000001, 0.103500545 ]
          rotation: [ 
            1, 2.87630943e-11, -6.53169115e-09, 
            -2.87630945e-11, 1, 5.83083928e-16, 
            6.53169114e-09, -5.82650247e-16, 1 ]
          isTouching: true
          partingDirection: [ 0, 0, 1 ]
        - 
          name: RLEG_JOINT5
          index: 31
          translation: [ -0.0449986943, -0.0999993089, 0.103501535 ]
          rotation: [ 
            1, -1.51047247e-10, -8.09786285e-08, 
            1.51047247e-10, 1, -6.59194921e-16, 
            8.09786284e-08, 6.46835016e-16, 1 ]
          isTouching: true
          partingDirection: [ 0, 0, 1 ]
  - 
    time: 1.6
    refer: 
      type: Pose
      name: ""
      joints: [ 
        0, 1, 2, 3, 4, 5, 6, 7, 8, 9, 
        10, 11, 12, 13, 14, 15, 16, 17, 18, 19, 
        20, 21, 22, 23, 24, 25, 26, 27, 28, 29, 
        30 ]
      q: [ 
        4.94601076e-11, -0.014946719, 0.37445241, 0.287958341, -0.662410751, 0.014946719, 8.49971947e-11, -0.0148027678, -0.560161961, 1.04634839, 
        -0.486186433, 0.0148027678, 0, 0, 0, 0, 0, 0.698132, -0.349066, -0.087266, 
        -1.396263, 0, 0, 0, 0.698132, 0.349066, 0.087266, -1.396263, 0, 0, 
        0 ]
      ikLinks: 
        - 
          name: WAIST
          index: 0
          isBaseLink: true
          translation: [ 0.34, 0.01, 0.92 ]
          rotation: [ 
            1, 6.18112923e-19, 9.86845808e-16, 
            -3.083099e-18, 1, -1.04083409e-16, 
            -8.8817842e-16, 1.05818132e-16, 1 ]
        - 
          name: LARM_JOINT6
          index: 12
          translation: [ 0.323706977, 0.352278723, 0.861838074 ]
          rotation: [ 
            0.730689996, 0.152245103, -0.665517511, 
            -0.322602529, 0.936116794, -0.140046267, 
            0.601680761, 0.317028039, 0.733125832 ]
        - 
          name: RARM_JOINT6
          index: 19
          translation: [ 0.323706977, -0.332278723, 0.861838074 ]
          rotation: [ 
            0.730689996, -0.152245103, -0.665517511, 
            0.322602529, 0.936116794, 0.140046267, 
            0.601680761, -0.317028039, 0.733125832 ]
        - 
          name: LLEG_JOINT5
          index: 25
          translation: [ 0.354999843, 0.100000019, 0.103501288 ]
          rotation: [ 
            1, -1.29386878e-10, -2.99852213e-09, 
            1.29386874e-10, 1, -1.28421579e-14, 
            2.99852215e-09, 1.28404232e-14, 1 ]
          isTouching: true
          partingDirection: [ 0, 0, 1 ]
        - 
          name: RLEG_JOINT5
          index: 31
          translation: [ -0.0449977338, -0.100000086, 0.110000931 ]
          rotation: [ 
            1, -4.94580152e-11, 1.40924082e-13, 
            4.94580123e-11, 1, -1.39367684e-14, 
            -1.40831791e-13, 1.39402379e-14, 1 ]
  - 
    time: 2
    refer: 
      type: Pose
      name: ""
      joints: [ 
        0, 1, 2, 3, 4, 5, 6, 7, 8, 9, 
        10, 11, 12, 13, 14, 15, 16, 17, 18, 19, 
        20, 21, 22, 23, 24, 25, 26, 27, 28, 29, 
        30 ]
      q: [ 
        4.32619771e-07, -0.0757271554, -0.0998932098, 0.885480554, -0.785581631, 0.0757271554, 9.24184978e-11, -0.0738845082, -0.463332559, 1.03031049, 
        -0.566977936, 0.0738845082, 0, 0, 0, 0, 0, 0.698132, -0.349066, -0.087266, 
        -1.396263, 0, 0, 0, 0.698132, 0.349066, 0.087266, -1.396263, 0, 0, 
        0 ]
      ikLinks: 
        - 
          name: WAIST
          index: 0
          isBaseLink: true
          translation: [ 0.4, 0.05, 0.92 ]
          rotation: [ 
            1, 3.40383961e-17, -6.2885889e-16, 
            -3.94971213e-17, 1, 2.77555756e-17, 
            4.99600361e-16, -1.38777878e-17, 1 ]
        - 
          name: LARM_JOINT6
          index: 12
          translation: [ 0.383706977, 0.392278723, 0.861838074 ]
          rotation: [ 
            0.730689996, 0.152245103, -0.665517511, 
            -0.322602529, 0.936116794, -0.140046267, 
            0.601680761, 0.317028039, 0.733125832 ]
        - 
          name: RARM_JOINT6
          index: 19
          translation: [ 0.383706977, -0.292278723, 0.861838074 ]
          rotation: [ 
            0.730689996, -0.152245103, -0.665517511, 
            0.322602529, 0.936116794, 0.140046267, 
            0.601680761, -0.317028039, 0.733125832 ]
        - 
          name: LLEG_JOINT5
          index: 25
          translation: [ 0.354999956, 0.100000068, 0.103500922 ]
          rotation: [ 
            1, -4.61504986e-10, -4.9863595e-09, 
            4.61504987e-10, 1, 2.77555756e-17, 
            4.98635944e-09, -1.38777878e-17, 1 ]
          isTouching: true
          partingDirection: [ 0, 0, 1 ]
        - 
          name: RLEG_JOINT5
          index: 31
          translation: [ 0.155000126, -0.0999999713, 0.119999248 ]
          rotation: [ 
            1, -4.20176124e-10, 5.6964125e-06, 
            4.20176109e-10, 1, 1.2052026e-12, 
            -5.6964125e-06, -1.20276011e-12, 1 ]
  - 
    time: 2.4
    refer: 
      type: Pose
      name: ""
      joints: [ 
        0, 1, 2, 3, 4, 5, 6, 7, 8, 9, 
        10, 11, 12, 13, 14, 15, 16, 17, 18, 19, 
        20, 21, 22, 23, 24, 25, 26, 27, 28, 29, 
        30 ]
      q: [ 
        4.22065375e-07, -0.0738845802, -0.463334896, 1.03031525, -0.566974642, 0.0738845802, 9.24184978e-11, -0.0738845082, -0.463332559, 1.03031049, 
        -0.566977936, 0.0738845082, 0, 0, 0, 0, 0, 0.698132, -0.349066, -0.087266, 
        -1.396263, 0, 0, 0, 0.698132, 0.349066, 0.087266, -1.396263, 0, 0, 
        0 ]
      ikLinks: 
        - 
          name: WAIST
          index: 0
          isBaseLink: true
          translation: [ 0.4, 0.05, 0.92 ]
          rotation: [ 
            1, 3.91501024e-17, -4.06587261e-16, 
            -3.94726614e-17, 1, 2.77555756e-17, 
            4.99600361e-16, -1.38777878e-17, 1 ]
        - 
          name: LARM_JOINT6
          index: 12
          translation: [ 0.383706977, 0.392278723, 0.861838074 ]
          rotation: [ 
            0.730689996, 0.152245103, -0.665517511, 
            -0.322602529, 0.936116794, -0.140046267, 
            0.601680761, 0.317028039, 0.733125832 ]
        - 
          name: RARM_JOINT6
          index: 19
          translation: [ 0.383706977, -0.292278723, 0.861838074 ]
          rotation: [ 
            0.730689996, -0.152245103, -0.665517511, 
            0.322602529, 0.936116794, 0.140046267, 
            0.601680761, -0.317028039, 0.733125832 ]
        - 
          name: LLEG_JOINT5
          index: 25
          translation: [ 0.354999955, 0.100000068, 0.103500923 ]
          rotation: [ 
            1, -2.400532e-10, -1.99454574e-09, 
            2.400532e-10, 1, 9.71445147e-17, 
            1.99454581e-09, -9.71445147e-17, 1 ]
          isTouching: true
          partingDirection: [ 0, 0, 1 ]
        - 
          name: RLEG_JOINT5
          index: 31
          translation: [ 0.354999955, -0.0999999321, 0.10350184 ]
          rotation: [ 
            1, -6.41959941e-10, 5.69342472e-06, 
            6.41959944e-10, 1, 1.20331523e-12, 
            -5.69342472e-06, -1.19967924e-12, 1 ]
          isTouching: true
          partingDirection: [ 0, 0, 1 ]
  - 
    time: 3.2
    refer: 
      type: Pose
      name: ""
      joints: [ 
        0, 1, 2, 3, 4, 5, 6, 7, 8, 9, 
        10, 11, 12, 13, 14, 15, 16, 17, 18, 19, 
        20, 21, 22, 23, 24, 25, 26, 27, 28, 29, 
        30 ]
      q: [ 
        -8.30450578e-18, -5.90546958e-18, -0.301128575, 0.706399654, -0.405271081, -2.32276085e-17, -7.45246491e-18, -5.31732312e-18, -0.30113016, 0.706403468, 
        -0.40527331, 1.07806974e-17, 0, 0, 0, 0, 0, 0.698132, -0.349066, -0.087266, 
        -1.396263, 0, 0, 0, 0.698132, 0.349066, 0.087266, -1.396263, 0, 0, 
        0 ]
      ikLinks: 
        - 
          name: WAIST
          index: 0
          isBaseLink: true
          translation: [ 0.4, 0, 0.975 ]
          rotation: [ 
            1, -1.07852077e-32, -9.99200722e-16, 
            1.38666956e-32, 1, -5.39260384e-32, 
            9.99200722e-16, 5.033139e-32, 1 ]
        - 
          name: LARM_JOINT6
          index: 12
          translation: [ 0.383706977, 0.342278723, 0.916838074 ]
          rotation: [ 
            0.730689996, 0.152245103, -0.665517511, 
            -0.322602529, 0.936116794, -0.140046267, 
            0.601680761, 0.317028039, 0.733125832 ]
        - 
          name: RARM_JOINT6
          index: 19
          translation: [ 0.383706977, -0.342278723, 0.916838074 ]
          rotation: [ 
            0.730689996, -0.152245103, -0.665517511, 
            0.322602529, 0.936116794, 0.140046267, 
            0.601680761, -0.317028039, 0.733125832 ]
        - 
          name: LLEG_JOINT5
          index: 25
          translation: [ 0.354999909, 0.1, 0.103501411 ]
          rotation: [ 
            1, 7.45246489e-18, -2.00000128e-09, 
            -7.4524649e-18, 1, -5.46337429e-18, 
            2.00000128e-09, 5.46337431e-18, 1 ]
          isTouching: true
          partingDirection: [ 0, 0, 1 ]
        - 
          name: RLEG_JOINT5
          index: 31
          translation: [ 0.355000153, -0.1, 0.10350088 ]
          rotation: [ 
            1, 8.30450583e-18, -1.99999955e-09, 
            -8.30450577e-18, 1, 2.9133078e-17, 
            1.99999955e-09, -2.9133078e-17, 1 ]
          isTouching: true
          partingDirection: [ 0, 0, 1 ]
  - 
    time: 3.4
    refer: 
      type: Pose
      name: ""
      joints: [ 
        0, 1, 2, 3, 4, 5, 6, 7, 8, 9, 
        10, 11, 12, 13, 14, 15, 16, 17, 18, 19, 
        20, 21, 22, 23, 24, 25, 26, 27, 28, 29, 
        30 ]
      q: [ 
        2.14268012e-18, -5.33220479e-18, -0.30113016, 0.706403468, -0.40527331, 1.10046638e-17, -7.45246491e-18, -5.31732312e-18, -0.30113016, 0.706403468, 
        -0.40527331, 1.07806974e-17, 0, 0, 0, 0, 0, 0.698132, -0.349066, -0.087266, 
        -1.396263, 0, 0, 0, 0.698132, 0.349066, 0.087266, -1.396263, 0, 0, 
        0 ]
      ikLinks: 
        - 
          name: WAIST
          index: 0
          isBaseLink: true
          translation: [ 0.4, 0, 0.975 ]
          rotation: [ 
            1, -1.07852077e-32, -9.99200722e-16, 
            1.38666956e-32, 1, -5.39260384e-32, 
            9.99200722e-16, 5.033139e-32, 1 ]
        - 
          name: LARM_JOINT6
          index: 12
          translation: [ 0.383706977, 0.342278723, 0.916838074 ]
          rotation: [ 
            0.730689996, 0.152245103, -0.665517511, 
            -0.322602529, 0.936116794, -0.140046267, 
            0.601680761, 0.317028039, 0.733125832 ]
        - 
          name: RARM_JOINT6
          index: 19
          translation: [ 0.383706977, -0.342278723, 0.916838074 ]
          rotation: [ 
            0.730689996, -0.152245103, -0.665517511, 
            0.322602529, 0.936116794, 0.140046267, 
            0.601680761, -0.317028039, 0.733125832 ]
        - 
          name: LLEG_JOINT5
          index: 25
          translation: [ 0.354999909, 0.1, 0.103501411 ]
          rotation: [ 
            1, 7.45246489e-18, -2.00000128e-09, 
            -7.4524649e-18, 1, -5.46337429e-18, 
            2.00000128e-09, 5.46337431e-18, 1 ]
          isTouching: true
          partingDirection: [ 0, 0, 1 ]
        - 
          name: RLEG_JOINT5
          index: 31
          translation: [ 0.354999909, -0.1, 0.103501411 ]
          rotation: [ 
            1, -2.14268014e-18, -2.00000039e-09, 
            2.14268013e-18, 1, -5.67245898e-18, 
            2.00000039e-09, 5.67245898e-18, 1 ]
          isTouching: true
          partingDirection: [ 0, 0, 1 ]
