# Body pose sequence format version 1.0 defined by cnoid-Robotics

type: PoseSeq
name: "walk-2step-600step-len"
targetBody: "JAXON_BLUE"
refs: 
  - 
    time: 0
    refer: 
      type: Pose
      name: ""
      joints: [ 
        0, 1, 2, 3, 4, 5, 6, 7, 8, 9, 
        10, 11, 12, 13, 14, 15, 16, 17, 18, 19, 
        20, 21, 22, 23, 24, 25, 26, 27, 28, 29, 
        30 ]
      q: [ 
        1.90226153e-19, 4.6590047e-18, -0.291687718, 0.687644268, -0.395956552, -5.90674691e-18, 1.9399532e-19, 4.75821124e-18, -0.291687718, 0.687644268, 
        -0.395956552, -6.03253236e-18, 0, 0, 0, 0, 0, 0.698132, -0.349066, -0.087266, 
        -1.396263, 0, 0, 0, 0.698132, 0.349066, 0.087266, -1.396263, 0, 0, 
        0 ]
      ikLinks: 
        - 
          name: WAIST
          index: 0
          isBaseLink: true
          translation: [ 1.18237484e-07, 0, 0.977499991 ]
          rotation: [ 
            1, -2.40741243e-35, -3.33066907e-16, 
            7.22223729e-35, 1, 2.31111593e-33, 
            3.33066907e-16, -3.01687449e-33, 1 ]
        - 
          name: LARM_JOINT6
          index: 12
          translation: [ -0.0162929043, 0.342278723, 0.919338065 ]
          rotation: [ 
            0.730689996, 0.152245103, -0.665517511, 
            -0.322602529, 0.936116794, -0.140046267, 
            0.601680761, 0.317028039, 0.733125832 ]
        - 
          name: RARM_JOINT6
          index: 19
          translation: [ -0.0162929043, -0.342278723, 0.919338065 ]
          rotation: [ 
            0.730689996, -0.152245103, -0.665517511, 
            0.322602529, 0.936116794, 0.140046267, 
            0.601680761, -0.317028039, 0.733125832 ]
        - 
          name: LLEG_JOINT5
          index: 25
          translation: [ -0.045, 0.1, 0.103500006 ]
          rotation: [ 
            1, -1.93995308e-19, -2.00000033e-09, 
            1.9399531e-19, 1, 1.27432112e-18, 
            2.00000033e-09, -1.27432112e-18, 1 ]
          isTouching: true
          partingDirection: [ 0, 0, 1 ]
        - 
          name: RLEG_JOINT5
          index: 31
          translation: [ -0.045, -0.1, 0.103500006 ]
          rotation: [ 
            1, -1.90226141e-19, -2.00000033e-09, 
            1.90226144e-19, 1, 1.24774221e-18, 
            2.00000033e-09, -1.24774221e-18, 1 ]
          isTouching: true
          partingDirection: [ 0, 0, 1 ]
  - 
    time: 0.2
    refer: 
      type: Pose
      name: ""
      joints: [ 
        0, 1, 2, 3, 4, 5, 6, 7, 8, 9, 
        10, 11, 12, 13, 14, 15, 16, 17, 18, 19, 
        20, 21, 22, 23, 24, 25, 26, 27, 28, 29, 
        30 ]
      q: [ 
        1.90226153e-19, 4.6590047e-18, -0.291687718, 0.687644268, -0.395956552, -5.90674691e-18, 1.9399532e-19, 4.75821124e-18, -0.291687718, 0.687644268, 
        -0.395956552, -6.03253236e-18, 0, 0, 0, 0, 0, 0.698132, -0.349066, -0.087266, 
        -1.396263, 0, 0, 0, 0.698132, 0.349066, 0.087266, -1.396263, 0, 0, 
        0 ]
      ikLinks: 
        - 
          name: WAIST
          index: 0
          isBaseLink: true
          translation: [ 1.18237484e-07, 0, 0.977499991 ]
          rotation: [ 
            1, -2.40741243e-35, -3.33066907e-16, 
            7.22223729e-35, 1, 2.31111593e-33, 
            3.33066907e-16, -3.01687449e-33, 1 ]
        - 
          name: LARM_JOINT6
          index: 12
          translation: [ -0.0162929043, 0.342278723, 0.919338065 ]
          rotation: [ 
            0.730689996, 0.152245103, -0.665517511, 
            -0.322602529, 0.936116794, -0.140046267, 
            0.601680761, 0.317028039, 0.733125832 ]
        - 
          name: RARM_JOINT6
          index: 19
          translation: [ -0.0162929043, -0.342278723, 0.919338065 ]
          rotation: [ 
            0.730689996, -0.152245103, -0.665517511, 
            0.322602529, 0.936116794, 0.140046267, 
            0.601680761, -0.317028039, 0.733125832 ]
        - 
          name: LLEG_JOINT5
          index: 25
          translation: [ -0.045, 0.1, 0.103500006 ]
          rotation: [ 
            1, -1.93995308e-19, -2.00000033e-09, 
            1.9399531e-19, 1, 1.27432112e-18, 
            2.00000033e-09, -1.27432112e-18, 1 ]
          isTouching: true
          partingDirection: [ 0, 0, 1 ]
        - 
          name: RLEG_JOINT5
          index: 31
          translation: [ -0.045, -0.1, 0.103500006 ]
          rotation: [ 
            1, -1.90226141e-19, -2.00000033e-09, 
            1.90226144e-19, 1, 1.24774221e-18, 
            2.00000033e-09, -1.24774221e-18, 1 ]
          isTouching: true
          partingDirection: [ 0, 0, 1 ]
  - 
    time: 0.7
    refer: 
      type: Pose
      name: ""
      joints: [ 
        0, 1, 2, 3, 4, 5, 6, 7, 8, 9, 
        10, 11, 12, 13, 14, 15, 16, 17, 18, 19, 
        20, 21, 22, 23, 24, 25, 26, 27, 28, 29, 
        30 ]
      q: [ 
        1.5037386e-10, 0.0761302018, -0.512718992, 1.12963326, -0.616914277, -0.0761302018, 1.50373883e-10, 0.0761302018, -0.512718992, 1.12963326, 
        -0.616914277, -0.0761302018, 0, 0, 0, 0, 0, 0.698132, -0.349066, -0.087266, 
        -1.396263, 0, 0, 0, 0.698132, 0.349066, 0.087266, -1.396263, 0, 0, 
        0 ]
      ikLinks: 
        - 
          name: WAIST
          index: 0
          isBaseLink: true
          translation: [ -2.05423128e-17, -0.05, 0.9 ]
          rotation: [ 
            1, 1.00718651e-17, -5.32243103e-16, 
            4.32618586e-18, 1, -8.32667268e-17, 
            4.99600361e-16, 1.38777879e-17, 1 ]
        - 
          name: LARM_JOINT6
          index: 12
          translation: [ -0.0162930225, 0.292278723, 0.841838074 ]
          rotation: [ 
            0.730689996, 0.152245103, -0.665517511, 
            -0.322602529, 0.936116794, -0.140046267, 
            0.601680761, 0.317028039, 0.733125832 ]
        - 
          name: RARM_JOINT6
          index: 19
          translation: [ -0.0162930225, -0.392278723, 0.841838074 ]
          rotation: [ 
            0.730689996, -0.152245103, -0.665517511, 
            0.322602529, 0.936116794, 0.140046267, 
            0.601680761, -0.317028039, 0.733125832 ]
        - 
          name: LLEG_JOINT5
          index: 25
          translation: [ -0.0449999945, 0.0999999904, 0.103499881 ]
          rotation: [ 
            1, 3.06038481e-10, -5.98356871e-09, 
            -3.06038472e-10, 1, -2.33146835e-15, 
            5.9835687e-09, 2.26207941e-15, 1 ]
          isTouching: true
          partingDirection: [ 0, 0, 1 ]
        - 
          name: RLEG_JOINT5
          index: 31
          translation: [ -0.0449999945, -0.10000001, 0.103499881 ]
          rotation: [ 
            1, 3.06038517e-10, -5.98356888e-09, 
            -3.060385e-10, 1, -2.33146835e-15, 
            5.98356875e-09, 2.26207941e-15, 1 ]
          isTouching: true
          partingDirection: [ 0, 0, 1 ]
  - 
    time: 1.1
    refer: 
      type: Pose
      name: ""
      joints: [ 
        0, 1, 2, 3, 4, 5, 6, 7, 8, 9, 
        10, 11, 12, 13, 14, 15, 16, 17, 18, 19, 
        20, 21, 22, 23, 24, 25, 26, 27, 28, 29, 
        30 ]
      q: [ 
        1.66656018e-09, 0.151388694, -0.499119216, 1.10219693, -0.603077709, -0.151388694, 1.81663146e-09, 0.162751068, -0.950614787, 1.08661841, 
        -0.136003636, -0.162751068, 0, 0, 0, 0, 0, 0.698132, -0.349066, -0.087266, 
        -1.396263, 0, 0, 0, 0.698132, 0.349066, 0.087266, -1.396263, 0, 0, 
        0 ]
      ikLinks: 
        - 
          name: WAIST
          index: 0
          isBaseLink: true
          translation: [ -5.92874651e-17, -0.1, 0.9 ]
          rotation: [ 
            1, 1.52299276e-16, -3.12464805e-16, 
            -1.41727388e-16, 1, 2.77555756e-17, 
            1.11022303e-16, -2.77555754e-17, 1 ]
        - 
          name: LARM_JOINT6
          index: 12
          translation: [ -0.0162930225, 0.242278723, 0.841838074 ]
          rotation: [ 
            0.730689996, 0.152245103, -0.665517511, 
            -0.322602529, 0.936116794, -0.140046267, 
            0.601680761, 0.317028039, 0.733125832 ]
        - 
          name: RARM_JOINT6
          index: 19
          translation: [ -0.0162930225, -0.442278723, 0.841838074 ]
          rotation: [ 
            0.730689996, -0.152245103, -0.665517511, 
            0.322602529, 0.936116794, 0.140046267, 
            0.601680761, -0.317028039, 0.733125832 ]
        - 
          name: LLEG_JOINT5
          index: 25
          translation: [ 0.254999831, 0.0999999336, 0.149999754 ]
          rotation: [ 
            1, -1.94986004e-10, -9.87583081e-09, 
            1.9498602e-10, 1, -5.10702591e-15, 
            9.8758306e-09, 5.10702591e-15, 1 ]
        - 
          name: RLEG_JOINT5
          index: 31
          translation: [ -0.0449840665, -0.100000294, 0.103504634 ]
          rotation: [ 
            1, -1.81747789e-09, 9.89262237e-10, 
            1.8174779e-09, 1, -4.3298698e-15, 
            -9.89262394e-10, 4.3298698e-15, 1 ]
          isTouching: true
          partingDirection: [ 0, 0, 1 ]
  - 
    time: 1.5
    refer: 
      type: Pose
      name: ""
      joints: [ 
        0, 1, 2, 3, 4, 5, 12, 13, 14, 15, 
        16, 17, 18, 19, 20, 21, 22, 23, 24, 25, 
        26, 27, 28, 29, 30 ]
      q: [ 
        -6.51159276e-11, 0.0228782539, 0.0406797184, 0.768689777, -0.809369498, -0.0228782539, 0, 0, 0, 0, 
        0, 0.698132, -0.349066, -0.087266, -1.396263, 0, 0, 0, 0.698132, 0.349066, 
        0.087266, -1.396263, 0, 0, 0 ]
      ikLinks: 
        - 
          name: WAIST
          index: 0
          isBaseLink: true
          translation: [ 0.26, -0.015, 0.9 ]
          rotation: [ 
            1, -9.01666572e-18, -1.4215857e-15, 
            8.95398529e-18, 1, 3.46944695e-18, 
            1.38777878e-15, 3.47163592e-18, 1 ]
        - 
          name: LARM_JOINT6
          index: 12
          translation: [ 0.243706977, 0.327278723, 0.841838074 ]
          rotation: [ 
            0.730689996, 0.152245103, -0.665517511, 
            -0.322602529, 0.936116794, -0.140046267, 
            0.601680761, 0.317028039, 0.733125832 ]
        - 
          name: RARM_JOINT6
          index: 19
          translation: [ 0.243706977, -0.357278723, 0.841838074 ]
          rotation: [ 
            0.730689996, -0.152245103, -0.665517511, 
            0.322602529, 0.936116794, 0.140046267, 
            0.601680761, -0.317028039, 0.733125832 ]
        - 
          name: RLEG_JOINT5
          index: 31
          translation: [ -0.0449949491, -0.100000778, 0.103503977 ]
          rotation: [ 
            1, 1.29175898e-10, -2.79955083e-09, 
            -1.29175899e-10, 1, -8.0768725e-15, 
            2.79955092e-09, 8.0838114e-15, 1 ]
          isTouching: true
          partingDirection: [ 0, 0, 1 ]
  - 
    time: 1.55
    refer: 
      type: Pose
      name: ""
      joints: [ 
        0, 1, 2, 3, 4, 5, 6, 7, 8, 9, 
        10, 11 ]
      q: [ 
        5.7475484e-11, -0.00115552959, 0.242488891, 0.454870257, -0.697359229, 0.00115552959, -3.62485582e-11, -0.00115655009, -0.759310374, 0.783626299, 
        -0.0243159316, 0.00115655009 ]
      ikLinks: 
        - 
          name: LLEG_JOINT5
          index: 25
          translation: [ 0.554999727, 0.100000001, 0.103500543 ]
          rotation: [ 
            1, 2.79214049e-11, -7.1999873e-09, 
            -2.79214047e-11, 1, -1.35525272e-16, 
            7.19998726e-09, 1.35742112e-16, 1 ]
          isTouching: true
          partingDirection: [ 0, 0, 1 ]
        - 
          name: RLEG_JOINT5
          index: 31
          translation: [ -0.044998631, -0.0999993088, 0.103501657 ]
          rotation: [ 
            1, -1.51073335e-10, -8.09999206e-08, 
            1.51073334e-10, 1, -1.51571464e-16, 
            8.09999204e-08, 1.39211559e-16, 1 ]
          isTouching: true
          partingDirection: [ 0, 0, 1 ]
  - 
    time: 1.6
    refer: 
      type: Pose
      name: ""
      joints: [ 
        0, 1, 2, 3, 4, 5, 6, 7, 8, 9, 
        10, 11, 12, 13, 14, 15, 16, 17, 18, 19, 
        20, 21, 22, 23, 24, 25, 26, 27, 28, 29, 
        30 ]
      q: [ 
        6.79092692e-06, -0.023103674, 0.236727426, 0.559473198, -0.795804078, 0.0231036815, 5.26882674e-11, -0.0228785401, -0.815621302, 0.9704843, 
        -0.154863002, 0.0228785401, 0, 0, 0, 0, 0, 0.698132, -0.349066, -0.087266, 
        -1.396263, 0, 0, 0, 0.698132, 0.349066, 0.087266, -1.396263, 0, 0, 
        0 ]
      ikLinks: 
        - 
          name: WAIST
          index: 0
          isBaseLink: true
          translation: [ 0.34, 0.015, 0.9 ]
          rotation: [ 
            1, -1.49976138e-18, 5.11621958e-16, 
            1.27166044e-18, 1, -9.02056208e-17, 
            -5.55111512e-16, 9.71445146e-17, 1 ]
        - 
          name: LARM_JOINT6
          index: 12
          translation: [ 0.323706977, 0.357278723, 0.841838074 ]
          rotation: [ 
            0.730689996, 0.152245103, -0.665517511, 
            -0.322602529, 0.936116794, -0.140046267, 
            0.601680761, 0.317028039, 0.733125832 ]
        - 
          name: RARM_JOINT6
          index: 19
          translation: [ 0.323706977, -0.327278723, 0.841838074 ]
          rotation: [ 
            0.730689996, -0.152245103, -0.665517511, 
            0.322602529, 0.936116794, 0.140046267, 
            0.601680761, -0.317028039, 0.733125832 ]
        - 
          name: LLEG_JOINT5
          index: 25
          translation: [ 0.554999709, 0.100000509, 0.103500395 ]
          rotation: [ 
            1, -1.44205174e-10, -3.99942151e-09, 
            1.44205175e-10, 1, 7.98319744e-15, 
            3.99942149e-09, -7.97625854e-15, 1 ]
          isTouching: true
          partingDirection: [ 0, 0, 1 ]
        - 
          name: RLEG_JOINT5
          index: 31
          translation: [ -0.0350000273, -0.099999492, 0.110000323 ]
          rotation: [ 
            0.999999921, 2.36992612e-06, 0.00039643998, 
            -2.36992367e-06, 1, -6.64616291e-09, 
            -0.00039643998, 5.70662991e-09, 0.999999921 ]
  - 
    time: 2
    refer: 
      type: Pose
      name: ""
      joints: [ 
        0, 1, 2, 3, 4, 5, 6, 7, 8, 9, 
        10, 11, 12, 13, 14, 15, 16, 17, 18, 19, 
        20, 21, 22, 23, 24, 25, 26, 27, 28, 29, 
        30 ]
      q: [ 
        9.33572893e-07, -0.162750167, -0.0696239257, 1.00292129, -0.933291602, 0.162750167, -2.97746483e-10, -0.151387481, -0.578198373, 1.10953592, 
        -0.531337552, 0.151387481, 0, 0, 0, 0, 0, 0.698132, -0.349066, -0.087266, 
        -1.396263, 0, 0, 0, 0.698132, 0.349066, 0.087266, -1.396263, 0, 0, 
        0 ]
      ikLinks: 
        - 
          name: WAIST
          index: 0
          isBaseLink: true
          translation: [ 0.55, 0.1, 0.9 ]
          rotation: [ 
            1, 9.34183984e-17, -2.16014042e-16, 
            -8.00846951e-17, 1, -1.11022302e-16, 
            1.66533454e-16, 1.11022302e-16, 1 ]
        - 
          name: LARM_JOINT6
          index: 12
          translation: [ 0.533706977, 0.442278723, 0.841838074 ]
          rotation: [ 
            0.730689996, 0.152245103, -0.665517511, 
            -0.322602529, 0.936116794, -0.140046267, 
            0.601680761, 0.317028039, 0.733125832 ]
        - 
          name: RARM_JOINT6
          index: 19
          translation: [ 0.533706977, -0.242278723, 0.841838074 ]
          rotation: [ 
            0.730689996, -0.152245103, -0.665517511, 
            0.322602529, 0.936116794, 0.140046267, 
            0.601680761, -0.317028039, 0.733125832 ]
        - 
          name: LLEG_JOINT5
          index: 25
          translation: [ 0.555001327, 0.100000597, 0.103501291 ]
          rotation: [ 
            1, -4.61971605e-10, -4.97997285e-09, 
            4.619716e-10, 1, 7.74103004e-14, 
            4.97997282e-09, -7.74103004e-14, 1 ]
          isTouching: true
          partingDirection: [ 0, 0, 1 ]
        - 
          name: RLEG_JOINT5
          index: 31
          translation: [ 0.255001073, -0.0999994241, 0.150001098 ]
          rotation: [ 
            1, 7.72911908e-11, 5.68596777e-06, 
            -7.72911873e-11, 1, 1.4309387e-12, 
            -5.68596777e-06, -1.43135503e-12, 1 ]
  - 
    time: 2.4
    refer: 
      type: Pose
      name: ""
      joints: [ 
        0, 1, 2, 3, 4, 5, 6, 7, 8, 9, 
        10, 11, 12, 13, 14, 15, 16, 17, 18, 19, 
        20, 21, 22, 23, 24, 25, 26, 27, 28, 29, 
        30 ]
      q: [ 
        4.33241373e-07, -0.0761303134, -0.512723538, 1.12964263, -0.616913386, 0.0761303134, 7.67731552e-11, -0.0761302368, -0.512721399, 1.12963825, 
        -0.616916857, 0.0761302368, 0, 0, 0, 0, 0, 0.698132, -0.349066, -0.087266, 
        -1.396263, 0, 0, 0, 0.698132, 0.349066, 0.087266, -1.396263, 0, 0, 
        0 ]
      ikLinks: 
        - 
          name: WAIST
          index: 0
          isBaseLink: true
          translation: [ 0.6, 0.05, 0.9 ]
          rotation: [ 
            1, -1.11324527e-17, -3.25868657e-16, 
            1.5938587e-17, 1, 2.77555756e-17, 
            3.33066907e-16, -2.77555756e-17, 1 ]
        - 
          name: LARM_JOINT6
          index: 12
          translation: [ 0.583706977, 0.392278723, 0.841838074 ]
          rotation: [ 
            0.730689996, 0.152245103, -0.665517511, 
            -0.322602529, 0.936116794, -0.140046267, 
            0.601680761, 0.317028039, 0.733125832 ]
        - 
          name: RARM_JOINT6
          index: 19
          translation: [ 0.583706977, -0.292278723, 0.841838074 ]
          rotation: [ 
            0.730689996, -0.152245103, -0.665517511, 
            0.322602529, 0.936116794, 0.140046267, 
            0.601680761, -0.317028039, 0.733125832 ]
        - 
          name: LLEG_JOINT5
          index: 25
          translation: [ 0.554999962, 0.100000066, 0.103500925 ]
          rotation: [ 
            1, -6.84282937e-10, -7.9644527e-09, 
            6.84282929e-10, 1, 2.22044605e-15, 
            7.9644526e-09, -2.22044605e-15, 1 ]
          isTouching: true
          partingDirection: [ 0, 0, 1 ]
        - 
          name: RLEG_JOINT5
          index: 31
          translation: [ 0.55499996, -0.0999999338, 0.103501844 ]
          rotation: [ 
            1, 5.99681108e-10, 5.68764997e-06, 
            -5.99681117e-10, 1, 1.20010946e-12, 
            -5.68764997e-06, -1.20352339e-12, 1 ]
          isTouching: true
          partingDirection: [ 0, 0, 1 ]
  - 
    time: 3.2
    refer: 
      type: Pose
      name: ""
      joints: [ 
        0, 1, 2, 3, 4, 5, 6, 7, 8, 9, 
        10, 11, 12, 13, 14, 15, 16, 17, 18, 19, 
        20, 21, 22, 23, 24, 25, 26, 27, 28, 29, 
        30 ]
      q: [ 
        -6.65677992e-19, -4.35987892e-18, -0.301130159, 0.706403467, -0.40527331, -1.01437846e-17, 6.6998521e-19, -1.3843302e-17, -0.301130159, 0.706403467, 
        -0.40527331, 3.11821252e-17, 0, 0, 0, 0, 0, 0.698132, -0.349066, -0.087266, 
        -1.396263, 0, 0, 0, 0.698132, 0.349066, 0.087266, -1.396263, 0, 0, 
        0 ]
      ikLinks: 
        - 
          name: WAIST
          index: 0
          isBaseLink: true
          translation: [ 0.6, 0, 0.975 ]
          rotation: [ 
            1, -1.15555797e-32, -9.43689571e-16, 
            1.26148411e-32, 1, -5.85482703e-32, 
            9.43689571e-16, 5.76397844e-32, 1 ]
        - 
          name: LARM_JOINT6
          index: 12
          translation: [ 0.583706977, 0.342278723, 0.916838074 ]
          rotation: [ 
            0.730689996, 0.152245103, -0.665517511, 
            -0.322602529, 0.936116794, -0.140046267, 
            0.601680761, 0.317028039, 0.733125832 ]
        - 
          name: RARM_JOINT6
          index: 19
          translation: [ 0.583706977, -0.342278723, 0.916838074 ]
          rotation: [ 
            0.730689996, -0.152245103, -0.665517511, 
            0.322602529, 0.936116794, 0.140046267, 
            0.601680761, -0.317028039, 0.733125832 ]
        - 
          name: LLEG_JOINT5
          index: 25
          translation: [ 0.554999909, 0.1, 0.10350141 ]
          rotation: [ 
            1, -6.69985272e-19, -2.00000166e-09, 
            6.69985237e-19, 1, -1.73388233e-17, 
            2.00000166e-09, 1.73388233e-17, 1 ]
          isTouching: true
          partingDirection: [ 0, 0, 1 ]
        - 
          name: RLEG_JOINT5
          index: 31
          translation: [ 0.554999909, -0.1, 0.10350141 ]
          rotation: [ 
            1, 6.65678013e-19, -2.00000116e-09, 
            -6.65677984e-19, 1, 1.45036635e-17, 
            2.00000116e-09, -1.45036635e-17, 1 ]
          isTouching: true
          partingDirection: [ 0, 0, 1 ]
  - 
    time: 3.4
    refer: 
      type: Pose
      name: ""
      joints: [ 
        0, 1, 2, 3, 4, 5, 6, 7, 8, 9, 
        10, 11, 12, 13, 14, 15, 16, 17, 18, 19, 
        20, 21, 22, 23, 24, 25, 26, 27, 28, 29, 
        30 ]
      q: [ 
        -5.75647953e-18, 1.41491504e-18, -0.301130159, 0.706403467, -0.40527331, -2.12509002e-17, 6.6998521e-19, -1.3843302e-17, -0.301130159, 0.706403467, 
        -0.40527331, 3.11821252e-17, 0, 0, 0, 0, 0, 0.698132, -0.349066, -0.087266, 
        -1.396263, 0, 0, 0, 0.698132, 0.349066, 0.087266, -1.396263, 0, 0, 
        0 ]
      ikLinks: 
        - 
          name: WAIST
          index: 0
          isBaseLink: true
          translation: [ 0.6, 0, 0.975 ]
          rotation: [ 
            1, -1.15555797e-32, -9.43689571e-16, 
            1.26148411e-32, 1, -5.85482703e-32, 
            9.43689571e-16, 5.76397844e-32, 1 ]
        - 
          name: LARM_JOINT6
          index: 12
          translation: [ 0.583706977, 0.342278723, 0.916838074 ]
          rotation: [ 
            0.730689996, 0.152245103, -0.665517511, 
            -0.322602529, 0.936116794, -0.140046267, 
            0.601680761, 0.317028039, 0.733125832 ]
        - 
          name: RARM_JOINT6
          index: 19
          translation: [ 0.583706977, -0.342278723, 0.916838074 ]
          rotation: [ 
            0.730689996, -0.152245103, -0.665517511, 
            0.322602529, 0.936116794, 0.140046267, 
            0.601680761, -0.317028039, 0.733125832 ]
        - 
          name: LLEG_JOINT5
          index: 25
          translation: [ 0.554999909, 0.1, 0.10350141 ]
          rotation: [ 
            1, -6.69985272e-19, -2.00000166e-09, 
            6.69985237e-19, 1, -1.73388233e-17, 
            2.00000166e-09, 1.73388233e-17, 1 ]
          isTouching: true
          partingDirection: [ 0, 0, 1 ]
        - 
          name: RLEG_JOINT5
          index: 31
          translation: [ 0.554999909, -0.1, 0.10350141 ]
          rotation: [ 
            1, 5.75647957e-18, -2.00000094e-09, 
            -5.75647953e-18, 1, 1.98359851e-17, 
            2.00000094e-09, -1.98359851e-17, 1 ]
          isTouching: true
          partingDirection: [ 0, 0, 1 ]
